,y_actual,y_predict
0,312.9194641113281,301.69029485758654
1,304.1048583984375,307.7576616745397
2,317.32684326171875,307.76189820571756
3,273.2536315917969,293.23037820890056
4,251.21702575683597,291.6344987198753
5,251.21702575683597,288.34839125796486
6,264.43896484375,280.44465171797253
7,255.62432861328125,278.1336239604491
8,260.0316772460937,274.4540408776536
9,264.43896484375,271.8322199468836
10,277.66094970703125,268.10412702455335
11,282.0682678222656,268.1397870912141
12,264.43896484375,306.17929681532877
13,264.43896484375,309.25971445836115
14,264.43896484375,299.38309866870185
15,251.21702575683597,283.897954194327
16,251.21702575683597,273.9780852903996
17,246.80972290039065,266.1924234815079
18,242.40240478515625,257.3328204883811
19,229.1804656982422,246.61065070490503
20,242.40240478515625,248.86022150325556
21,233.5877990722656,248.1866597724224
22,233.5877990722656,244.92751736419456
23,233.5877990722656,240.36329750869243
24,237.9951019287109,236.4415779785034
25,229.1804656982422,232.40368871379206
26,237.9951019287109,230.67627427698355
27,242.40240478515625,267.2585730307366
28,233.5877990722656,256.1421138074268
29,233.5877990722656,243.031124520222
30,211.5511779785156,239.9843577066373
31,167.47802734375,234.69034084156056
32,174.5297393798828,211.69309940850857
33,159.54486083984375,198.4316300330063
34,176.2926483154297,187.57241206775666
35,170.12240600585938,175.95775741544438
36,171.88536071777344,169.53725158281893
37,171.00389099121094,164.16752229842018
38,149.8487548828125,164.299980093528
39,152.49313354492188,164.03873837019313
40,141.0341339111328,164.18858619125714
41,163.0707244873047,163.85702700627212
42,163.0707244873047,166.54292936497782
43,162.18923950195312,165.40750007060524
44,150.73023986816406,163.75428917827367
45,158.66342163085938,162.53090708244895
46,162.18923950195312,161.61414977142778
47,163.0707244873047,159.67647800556506
48,166.59657287597656,159.7237145494241
49,167.47802734375,158.7423579256817
50,170.12240600585938,158.09772375929737
51,167.47802734375,157.25565477963886
52,167.47802734375,156.9867830169262
53,169.24095153808594,156.84945009586738
54,170.12240600585938,157.98311157300216
55,169.24095153808594,161.1087643104217
56,202.73655700683597,162.71742348265076
57,193.92193603515625,167.82834665975486
58,180.69998168945312,170.9055654881157
59,176.2926483154297,176.24380309429665
60,176.2926483154297,174.35616561829602
61,180.69998168945312,172.2615221951653
62,180.69998168945312,172.51075716860407
63,180.69998168945312,174.4361126218606
64,180.69998168945312,175.83010270968202
65,180.69998168945312,176.00047122863882
66,176.2926483154297,176.20264682932938
67,180.69998168945312,176.40211618997526
68,180.69998168945312,177.09722465359584
69,185.1072998046875,177.52797629742724
70,185.1072998046875,178.8877587323098
71,185.1072998046875,182.77195011143314
72,180.69998168945312,180.6234924235866
73,180.69998168945312,179.76267445714373
74,180.69998168945312,178.49206749907165
75,180.69998168945312,178.42037550111098
76,193.92193603515625,179.6998799534307
77,189.5146026611328,199.68817427752242
78,189.5146026611328,204.63595157883935
79,180.69998168945312,194.90677768496693
80,170.12240600585938,188.72211434469583
81,170.12240600585938,187.6252986178097
82,163.0707244873047,182.7528818272622
83,159.54486083984375,180.43113424406533
84,167.47802734375,178.89598842775504
85,167.47802734375,175.6851455900513
86,166.59657287597656,174.1140252770319
87,163.0707244873047,172.06462862990008
88,163.0707244873047,170.2639841162566
89,160.4263458251953,168.7893636505859
90,162.18923950195312,167.42089009659583
91,162.18923950195312,165.39586129147784
92,176.2926483154297,162.88693145621204
93,176.2926483154297,162.94281239273178
94,185.1072998046875,162.046984636013
95,176.2926483154297,166.38896182885298
96,176.2926483154297,165.03508639562193
97,176.2926483154297,165.61808643172245
98,175.41119384765625,167.0776492999071
99,174.5297393798828,168.16708030126125
100,176.2926483154297,168.49380719287154
101,176.2926483154297,168.60526729094204
102,172.7667999267578,169.00750022673424
103,174.5297393798828,169.04372101075674
104,176.2926483154297,169.774832201648
105,171.88536071777344,170.93494279461513
106,180.69998168945312,171.33340451676236
107,176.2926483154297,174.14967171514564
108,176.2926483154297,174.1163557585668
109,176.2926483154297,173.8685926682027
110,180.69998168945312,173.80874582450954
111,175.41119384765625,174.60072989398859
112,180.69998168945312,174.79554607930586
113,176.2926483154297,174.47084400039085
114,176.2926483154297,174.42667972040988
115,176.2926483154297,174.72503781799784
116,176.2926483154297,174.92774103815034
117,176.2926483154297,175.13936316883863
118,176.2926483154297,176.3486961796544
119,185.1072998046875,176.45904652461306
120,185.1072998046875,178.7136813016371
121,176.2926483154297,181.9195429054169
122,176.2926483154297,180.86503116184795
123,185.1072998046875,179.98360780582746
124,176.2926483154297,181.57278107626718
125,185.1072998046875,181.75646468563085
126,189.5146026611328,182.44175183421157
127,189.5146026611328,182.50404402862137
128,189.5146026611328,189.35435286086113
129,189.5146026611328,197.23100152647808
130,193.92193603515625,198.66992663728604
131,242.40240478515625,198.74004259113434
132,229.1804656982422,193.102268018051
133,215.95849609375,201.7595610719526
134,215.95849609375,207.49683961352773
135,211.5511779785156,207.9530377015203
136,211.5511779785156,211.3364841398868
137,211.5511779785156,213.0288693170666
138,211.5511779785156,211.86404422030938
139,207.14389038085935,209.59530195021787
140,198.3292236328125,207.38261097348348
141,198.3292236328125,199.55593113202966
142,202.73655700683597,206.5573236025049
143,198.3292236328125,220.5061949850401
144,193.92193603515625,214.7929387044659
145,193.92193603515625,215.7708064201795
146,193.92193603515625,213.6109737629365
147,193.92193603515625,203.47936153159944
148,185.1072998046875,204.26541280253448
149,185.1072998046875,200.64677560839993
150,185.1072998046875,193.39724209874856
151,189.5146026611328,195.30048237495646
152,189.5146026611328,193.74054300706416
153,189.5146026611328,191.28724198019884
154,185.1072998046875,188.12848404194497
155,185.1072998046875,187.77700186819933
156,185.1072998046875,187.22845771928638
157,189.5146026611328,186.08639132253086
158,185.1072998046875,186.30418621153686
159,185.1072998046875,187.0328617863879
160,189.5146026611328,187.21280825347404
161,189.5146026611328,188.0932683632628
162,185.1072998046875,187.12046413948894
163,193.92193603515625,188.1460283625224
164,193.92193603515625,190.1732070709277
165,193.92193603515625,189.12166391693296
166,193.92193603515625,190.2572080804873
167,207.14389038085935,188.457482033564
168,198.3292236328125,189.9237535540033
169,193.92193603515625,187.20801489880498
170,198.3292236328125,190.13153876198075
171,193.92193603515625,191.4653792576724
172,198.3292236328125,190.65621251084488
173,193.92193603515625,188.81109610144557
174,198.3292236328125,189.48349161804364
175,198.3292236328125,189.76586829735336
176,198.3292236328125,190.72592885622618
177,207.14389038085935,191.89156971886734
178,220.3658447265625,192.37577690458855
179,220.3658447265625,193.29117476804768
180,229.1804656982422,196.9246287481103
181,229.1804656982422,199.34894222058335
182,229.1804656982422,206.70510475176502
183,233.5877990722656,210.40867213032342
184,242.40240478515625,208.6910147596904
185,242.40240478515625,200.86633880137757
186,242.40240478515625,209.95196102488353
187,251.21702575683597,236.9573211352201
188,246.80972290039065,241.1044918774192
189,246.80972290039065,239.43903281521636
190,246.80972290039065,239.03001286302433
191,246.80972290039065,252.76094138947195
192,251.21702575683597,266.3341525824378
193,246.80972290039065,264.99765938742183
194,246.80972290039065,265.3083902587392
195,249.95071411132807,260.78388788302954
196,236.560546875,261.8522141059057
197,214.2434844970703,253.6442892910206
198,223.17030334472656,235.94199049077287
199,223.17030334472656,233.0961084597855
200,223.17030334472656,233.82398189729957
201,214.2434844970703,230.74912470143815
202,218.70689392089844,228.18499535700198
203,214.2434844970703,224.08133667146373
204,209.7800750732422,220.39566746897063
205,196.38986206054688,217.05539821439615
206,205.31668090820312,224.28313261977394
207,187.4630279541016,218.64963838391233
208,232.09710693359372,204.1085657491247
209,209.7800750732422,209.7786107745394
210,209.7800750732422,213.24419257172963
211,200.85324096679688,208.7821323044466
212,196.38986206054688,204.57491515768774
213,187.4630279541016,203.41593378718528
214,182.9996490478516,195.0824708285584
215,174.07284545898438,190.18425203479353
216,174.07284545898438,186.0526441197866
217,182.9996490478516,180.16890542454152
218,178.53623962402344,180.66205245035275
219,182.9996490478516,176.70377044899894
220,182.9996490478516,176.7105165797578
221,187.4630279541016,183.27934286271702
222,182.9996490478516,185.45424966639592
223,178.53623962402344,185.07338629228028
224,182.9996490478516,180.95664225469864
225,177.64353942871094,180.17908594914127
226,178.53623962402344,180.03585478763972
227,182.9996490478516,178.88552365060383
228,187.4630279541016,178.50999293223092
229,187.4630279541016,180.96588240955623
230,187.4630279541016,180.62063626952508
231,187.4630279541016,179.27572063247072
232,182.9996490478516,190.6815791306594
233,178.53623962402344,184.484004202319
234,178.53623962402344,181.94409473281507
235,187.4630279541016,181.05555922220233
236,187.4630279541016,181.64916908213272
237,182.9996490478516,180.65666236001917
238,182.9996490478516,179.75414493366478
239,182.9996490478516,179.6373093472753
240,182.9996490478516,179.11588503340008
241,182.9996490478516,179.30458784192575
242,182.9996490478516,179.25684898876344
243,187.4630279541016,179.29988988708558
244,182.9996490478516,180.90326799735698
245,182.9996490478516,179.905968894042
246,178.53623962402344,179.26768757748917
247,182.9996490478516,179.2736958197754
248,191.92645263671875,181.61100428322922
249,191.92645263671875,190.56891095924522
250,191.92645263671875,185.81949083179322
251,209.7800750732422,184.0989159786372
252,196.38986206054688,183.62505918761926
253,187.4630279541016,183.64927516868096
254,191.92645263671875,184.82045603567258
255,191.92645263671875,185.71763983281662
256,187.4630279541016,186.47423543310705
257,191.92645263671875,186.66190831286752
258,187.4630279541016,193.2073548234695
259,187.4630279541016,193.84519442907978
260,187.4630279541016,190.56950380103916
261,187.4630279541016,189.7838881568739
262,187.4630279541016,188.65450993736383
263,187.4630279541016,188.4154700905394
264,187.4630279541016,188.3097242475273
265,187.4630279541016,193.9614817098199
266,182.9996490478516,190.99122653249128
267,182.9996490478516,188.00405102734373
268,182.9996490478516,185.42873507949986
269,178.53623962402344,185.30791898392235
270,176.75088500976562,184.94428306666669
271,178.53623962402344,184.46251782452538
272,182.9996490478516,184.00240444967682
273,182.9996490478516,183.00721095687143
274,182.9996490478516,182.96721895920393
275,178.53623962402344,182.05429516375688
276,178.53623962402344,181.57330577532622
277,178.53623962402344,180.98341456178815
278,178.53623962402344,180.40284624785727
279,178.53623962402344,180.28133412291578
280,182.9996490478516,180.15940340688823
281,182.9996490478516,180.32395350974895
282,182.9996490478516,180.40070753944786
283,178.53623962402344,180.9461142021507
284,182.9996490478516,180.45665564523492
285,178.53623962402344,179.9249758497515
286,178.53623962402344,179.5803673310258
287,178.53623962402344,179.64446238750853
288,182.9996490478516,179.91061233469418
289,182.9996490478516,179.5493409703409
290,182.9996490478516,180.19361203329476
291,182.9996490478516,180.0036291148199
292,187.4630279541016,179.59757629200058
293,182.9996490478516,181.20887745540998
294,182.9996490478516,180.89205559705672
295,182.9996490478516,181.45460697187002
296,182.9996490478516,181.95297470464516
297,182.9996490478516,182.48347660428178
298,191.92645263671875,182.37543532456988
299,196.38986206054688,181.9383318043746
300,191.92645263671875,181.8773284811228
301,187.4630279541016,201.85525148095698
302,187.4630279541016,193.44404131226943
303,187.4630279541016,192.615539794504
304,191.92645263671875,192.26968158669294
305,187.4630279541016,193.1213075849265
306,187.4630279541016,190.21487294620556
307,191.92645263671875,188.7436742192964
308,187.4630279541016,190.06717308149356
309,191.92645263671875,188.446326094387
310,200.85324096679688,189.90015718509574
311,200.85324096679688,198.96815915754817
312,196.38986206054688,196.27626778254213
313,205.31668090820312,196.14496169091737
314,196.38986206054688,193.40414349759632
315,196.38986206054688,194.6361193657644
316,196.38986206054688,193.31888160407348
317,196.38986206054688,192.5366236931723
318,196.38986206054688,192.33132447818554
319,200.85324096679688,192.6602772035592
320,200.85324096679688,193.29365784063543
321,196.38986206054688,192.71237256778625
322,200.85324096679688,194.1842860633115
323,205.31668090820312,194.78036232519628
324,187.4630279541016,195.91323857899434
325,200.85324096679688,198.8409972697796
326,209.7800750732422,198.0653197567712
327,209.7800750732422,204.12330599615942
328,232.09710693359372,214.9182960265932
329,227.6337127685547,219.74665075126214
330,223.17030334472656,226.05953000139118
331,276.7311706542969,224.83745429914197
332,245.48731994628903,231.997336062939
333,227.6337127685547,220.8920853460589
334,227.6337127685547,243.45871823502284
335,232.09710693359372,235.98171965217705
336,223.17030334472656,230.1266933850319
337,218.70689392089844,226.05617543189695
338,209.7800750732422,224.89803124356658
339,205.31668090820312,223.1741446534926
340,200.85324096679688,222.36215387703572
341,214.2434844970703,222.5019146263936
342,214.2434844970703,217.6679352056894
343,214.2434844970703,219.69984058623027
344,218.70689392089844,224.90932736208404
345,214.2434844970703,223.76195946055032
346,214.2434844970703,230.71770895369644
347,214.2434844970703,218.81681003513287
348,214.2434844970703,227.05986145641089
349,214.2434844970703,222.62029802633384
350,218.70689392089844,221.18981263661487
351,218.70689392089844,220.27290541157683
352,218.70689392089844,218.59698351915807
353,232.09710693359372,218.0996194315218
354,223.17030334472656,215.65165203386687
355,227.6337127685547,225.5631023896265
356,223.17030334472656,232.23547739912988
357,223.17030334472656,233.437071342192
358,223.17030334472656,233.18304690795475
359,223.17030334472656,230.27304840419652
360,223.17030334472656,228.81893306093633
361,263.3409423828125,227.18229642867698
362,263.3409423828125,241.5581511618015
363,258.8775634765625,266.4697605188351
364,258.8775634765625,263.4713867286681
365,258.8775634765625,259.4546139240464
366,299.0481872558594,256.6914338100504
367,285.65802001953125,278.0554350394459
368,294.5848083496094,294.08065936158675
369,365.9992980957031,289.2082435445069
370,312.4383850097656,309.365760129407
371,290.12139892578125,311.7566823232424
372,263.3409423828125,272.8402106453103
373,245.48731994628903,262.00945638717815
374,236.560546875,269.18781456681984
375,236.560546875,255.75722417114397
376,236.560546875,249.56096634452317
377,236.560546875,257.6753954332027
378,236.560546875,247.9061414428412
379,232.09710693359372,240.29281845141367
380,232.09710693359372,234.74730816796875
381,232.09710693359372,231.320285424077
382,227.6337127685547,245.0316822957561
383,232.09710693359372,236.42494725730796
384,232.09710693359372,252.52424467926176
385,232.09710693359372,237.75287783094518
386,232.09710693359372,230.859901425224
387,232.09710693359372,229.37053097784212
388,232.09710693359372,250.9632776337482
389,232.09710693359372,245.14356098491265
390,241.0239105224609,242.46415749618473
391,241.0239105224609,239.21010048291856
392,245.48731994628903,243.18145128736586
393,245.48731994628903,245.8377758052379
394,249.95071411132807,247.47145698973623
395,241.0239105224609,249.2202993962798
396,241.0239105224609,250.04984958206256
397,236.560546875,249.79129657635485
398,241.0239105224609,250.85446731459913
399,232.09710693359372,250.9034483124726
400,236.560546875,251.18762688038757
401,236.560546875,252.34369368876997
402,236.560546875,249.5672082190435
403,236.560546875,248.73133828132904
404,241.0239105224609,250.65358253200182
405,241.0239105224609,251.57458416194197
406,241.0239105224609,251.97199648597112
407,249.95071411132807,246.25293249744493
408,245.48731994628903,246.25529607687963
409,245.48731994628903,248.27582162068586
410,249.95071411132807,250.49454128252702
411,249.95071411132807,250.30631157927533
412,245.48731994628903,251.08126191195515
413,245.48731994628903,253.43652403912984
414,249.95071411132807,254.8253586423194
415,249.95071411132807,256.08879114387014
416,249.95071411132807,257.80098054675824
417,249.95071411132807,259.50316659615737
418,249.95071411132807,259.52578609028626
419,254.4141540527344,259.3838272509928
420,249.95071411132807,263.35608922115296
421,245.48731994628903,265.34994564543973
422,249.95071411132807,267.5071499400494
423,249.95071411132807,262.61072451704797
424,245.48731994628903,261.3802847808189
425,249.95071411132807,259.95767474432347
426,249.95071411132807,260.9297912132083
427,249.95071411132807,260.6222065893097
428,249.95071411132807,260.36834180376576
429,249.95071411132807,260.5811768751359
430,245.48731994628903,260.56692530885744
431,249.95071411132807,260.5349176927894
432,249.95071411132807,260.455856544779
433,245.48731994628903,261.3122238171628
434,245.48731994628903,261.61628448819744
435,249.95071411132807,258.46051655580584
436,249.95071411132807,259.12710825832255
437,249.95071411132807,258.552439158302
438,245.48731994628903,258.58427155019444
439,249.95071411132807,258.6673706419838
440,249.95071411132807,260.22167916882626
441,249.95071411132807,260.4840014412437
442,249.95071411132807,260.7476398419131
443,245.48731994628903,260.65047998350315
444,249.0276641845703,261.41423154442975
445,253.555419921875,261.74824776174313
446,253.555419921875,262.57962027895167
447,253.555419921875,263.430197365801
448,249.0276641845703,263.8182293556321
449,249.0276641845703,264.81171928006404
450,253.555419921875,266.52898629017267
451,253.555419921875,270.3409765477586
452,239.97213745117188,271.9652890796706
453,244.49989318847656,272.5233196707545
454,239.97213745117188,272.47522258149996
455,239.97213745117188,270.17811930512727
456,235.4443359375,268.01999605706357
457,217.33322143554688,266.9976992781704
458,217.33322143554688,262.07721752280054
459,230.9165802001953,259.611548589544
460,226.3887939453125,254.03706401520344
461,226.3887939453125,253.60555696048186
462,226.3887939453125,251.06029731281765
463,226.3887939453125,248.847169249112
464,226.3887939453125,246.4683375233899
465,226.3887939453125,240.03298046841851
466,217.33322143554688,235.44161644118765
467,212.8054656982422,235.60349632230643
468,212.8054656982422,235.0887772535491
469,212.8054656982422,233.32123258666792
470,217.33322143554688,234.1413673934175
471,221.86102294921875,229.99706253995637
472,221.86102294921875,227.35688590332936
473,217.33322143554688,228.22811802660607
474,212.8054656982422,227.4638680502468
475,212.8054656982422,224.42064660581414
476,208.27769470214844,223.7277518076114
477,208.27769470214844,224.14442905627521
478,208.27769470214844,218.23171314973155
479,203.74989318847656,215.52421538485632
480,199.22213745117188,215.6690479006289
481,208.27769470214844,214.75129375874235
482,203.74989318847656,214.21522849153186
483,208.27769470214844,213.06949601563664
484,208.27769470214844,212.53327109973287
485,212.8054656982422,210.14914663044135
486,208.27769470214844,210.76694326740417
487,212.8054656982422,210.35248844536702
488,208.27769470214844,209.029647160562
489,208.27769470214844,206.9333585771164
490,208.27769470214844,207.74568130603916
491,208.27769470214844,207.4551119230546
492,208.27769470214844,207.94161308527413
493,208.27769470214844,204.1585727818928
494,217.33322143554688,204.62489006602365
495,208.27769470214844,204.47911620704127
496,217.33322143554688,208.06498550687942
497,212.8054656982422,209.06022767306692
498,212.8054656982422,208.80385036753898
499,212.8054656982422,208.5942082700345
500,217.33322143554688,206.0747717985089
501,199.22213745117188,205.89668076074835
502,190.16656494140625,201.56182935104763
503,180.2054748535156,196.47970378046216
504,172.0554656982422,189.29341768034425
505,179.2999267578125,186.19415029662656
506,194.69435119628903,179.92228907905965
507,194.69435119628903,199.84973899849214
508,181.1110382080078,204.52359491707062
509,185.6388092041016,190.4453384900395
510,185.6388092041016,187.46691737939616
511,185.6388092041016,188.86949442528746
512,185.6388092041016,190.29631422260059
513,181.1110382080078,185.77698339373887
514,181.1110382080078,182.65895388142363
515,180.2054748535156,182.1173077242217
516,171.14993286132812,185.5454548232399
517,190.16656494140625,180.95976221849116
518,194.69435119628903,186.9310380445053
519,194.69435119628903,187.4701191144706
520,190.16656494140625,197.1861368365287
521,190.16656494140625,190.278840965161
522,190.16656494140625,194.11490142702922
523,194.69435119628903,192.71537449862717
524,190.16656494140625,187.32385852166726
525,185.6388092041016,191.25064349073128
526,185.6388092041016,191.53847061536837
527,181.1110382080078,189.30199490373766
528,181.1110382080078,186.60269811701224
529,185.6388092041016,183.97234182195743
530,185.6388092041016,188.15292538076577
531,185.6388092041016,185.94918981960367
532,185.6388092041016,185.91940170975934
533,185.6388092041016,188.21844997448073
534,190.16656494140625,189.10697088307884
535,185.6388092041016,188.7976383980291
536,185.6388092041016,186.7728086670439
537,185.6388092041016,184.85012440899698
538,185.6388092041016,187.1064685952003
539,185.6388092041016,188.53665367015174
540,181.1110382080078,188.17956919012656
541,181.1110382080078,186.67898585571066
542,185.6388092041016,185.39088568411233
543,185.6388092041016,185.01649197594526
544,185.6388092041016,191.70340669814914
545,185.6388092041016,187.31088317146742
546,185.6388092041016,186.19397409898338
547,185.6388092041016,185.23324136070377
548,194.69435119628903,183.61261048341373
549,194.69435119628903,191.61639085930238
550,203.74989318847656,187.42821425288665
551,199.22213745117188,193.7043528872724
552,212.8054656982422,192.51298473505537
553,212.8054656982422,200.4059611300642
554,217.33322143554688,200.55552956591498
555,217.33322143554688,201.4859748054499
556,221.86102294921875,205.70292176129027
557,217.33322143554688,203.7163551494404
558,212.8054656982422,205.9897199306298
559,217.33322143554688,207.18252638128786
560,217.33322143554688,208.15399744112605
561,230.9165802001953,212.10651359363646
562,230.9165802001953,215.27185558028683
563,226.3887939453125,216.10411395304953
564,230.9165802001953,220.36822152227288
565,230.9165802001953,221.37946360262382
566,235.4443359375,223.24319660720823
567,271.6665344238281,224.9865817541509
568,258.0832214355469,216.17741022568416
569,258.0832214355469,233.84679608495682
570,303.3609924316406,239.97483719309884
571,289.7776794433594,227.02334668516053
572,294.3054504394531,257.82412181954317
573,303.3609924316406,265.85048713145943
574,316.9442749023437,269.8081704502134
575,321.4720458984375,275.3247103366332
576,289.7776794433594,291.9164694631783
577,262.61102294921875,263.4600088388687
578,276.1943054199219,290.6773230323595
579,280.7221069335937,293.65315909967956
580,276.1943054199219,289.7739917870564
581,276.1943054199219,288.0230427965356
582,276.1943054199219,285.91260388744627
583,276.1943054199219,286.32519062507845
584,285.2499084472656,284.6491752797661
585,280.7221069335937,285.30852438302645
586,285.2499084472656,314.6030627696625
587,285.2499084472656,305.7642180005331
588,267.1387634277344,301.967413838162
589,262.61102294921875,293.73885540313756
590,258.0832214355469,286.9431556719434
591,271.6665344238281,270.7891143236756
592,271.6665344238281,319.9867282168237
593,271.6665344238281,322.1106009793722
594,269.8554077148437,314.20414351772354
595,275.28875732421875,312.6569685617614
596,274.3832092285156,314.95507645674064
597,273.4776611328125,317.990239536033
598,271.6665344238281,322.23046989093405
599,280.7221069335937,320.90156974352544
600,279.8165588378906,315.512616420133
601,284.3443603515625,315.64352056088427
602,293.39990234375,316.43103252001606
603,291.5887756347656,333.1025225403092
604,287.966552734375,338.71263992421655
605,287.0609741210937,339.7908838354291
606,288.8721008300781,348.23182954670835
607,287.0609741210937,353.7662189358113
608,339.58319091796875,361.09792552615755
609,417.4609069824219,338.3926727919121
610,466.3609313964844,399.7038921772651
611,452.777587890625,450.27533369643413
612,451.8720397949219,455.3634232165281
613,449.15533447265625,460.88692534352333
614,450.9664611816406,467.2748667365895
615,449.15533447265625,473.93974020444386
616,450.0608825683594,473.47465630381544
617,450.0608825683594,476.48134740151534
618,441.9109191894531,479.31515064600114
619,442.81646728515625,458.53882793819355
620,475.41644287109375,449.68168976513624
621,475.41644287109375,480.5012547719442
622,457.30535888671875,486.2907861361375
623,421.0831604003906,487.56012563933973
624,407.4997863769531,439.2194825685135
625,408.4053955078125,434.84559121249913
626,408.4053955078125,434.6249022041935
627,391.1997985839844,388.7261676684186
628,382.144287109375,386.23035238922546
629,374.8998718261719,350.9882849462336
630,371.2776184082031,355.6192184861753
631,361.3165283203125,345.3513465818547
632,344.1109313964844,336.44427341263486
633,345.0165100097656,322.01805146371464
634,333.2442626953125,328.4786914202833
635,317.8498229980469,328.6435579001277
636,317.8498229980469,310.8751178144138
637,326.9053955078125,317.60900624421345
638,316.9442749023437,297.1455716120178
639,308.7943115234375,268.5373824271599
640,295.2109680175781,259.6001823813563
641,297.0220947265625,262.0879879687913
642,268.0443420410156,276.5730540897334
643,264.42205810546875,265.96660235179377
644,239.97213745117188,253.0779608617565
645,215.5221405029297,257.9501780914374
646,198.31655883789065,223.4093441704694
647,191.97769165039065,179.83768208589294
648,186.54437255859372,198.31221865123615
649,187.44993591308597,192.2765411264321
650,192.88323974609372,193.50980878616107
651,205.56103515625,195.3963394294528
652,210.99436950683597,193.97375470311607
653,202.8443603515625,227.2611239444533
654,202.8443603515625,191.39414235583433
655,202.8443603515625,205.236121637209
656,201.03321838378903,206.8218361771168
657,195.5998992919922,197.1701015124798
658,195.5998992919922,194.3828475436978
659,183.8277130126953,202.2298642193435
660,184.7332763671875,193.661315396087
661,183.8277130126953,192.43508639414333
662,183.8277130126953,190.45681908067507
663,185.6388092041016,186.67216671487864
664,182.92214965820312,185.31548866830633
665,184.7332763671875,183.57754909935284
666,183.8277130126953,182.24189795384711
667,182.92214965820312,180.79122089829838
668,181.1110382080078,181.14645481633616
669,182.92214965820312,180.45876222921214
670,183.8277130126953,181.2289474377845
671,182.92214965820312,181.13932416585874
672,182.92214965820312,181.3519927742621
673,186.54437255859372,180.93685652487557
674,183.8277130126953,180.93331407612644
675,184.7332763671875,180.80456908660508
676,183.8277130126953,180.70045574882855
677,183.8277130126953,180.88236764708384
678,183.8277130126953,181.46867649969943
679,182.92214965820312,181.4246825765558
680,184.7332763671875,181.0289212536474
681,185.6388092041016,180.86620905769473
682,186.54437255859372,180.7077071092936
683,184.7332763671875,179.1432511557512
684,184.7332763671875,178.73084158922978
685,184.7332763671875,177.34527783731727
686,183.8277130126953,179.5382570677694
687,183.8277130126953,180.37085323380387
688,184.7332763671875,179.97847276401606
689,185.6388092041016,181.91452078585198
690,187.44993591308597,182.38365723227398
691,185.6388092041016,183.3405428264325
692,185.6388092041016,182.93974672887984
693,186.54437255859372,182.2662268571553
694,185.6388092041016,182.3807446170892
695,183.8277130126953,182.34177670738106
696,182.0165863037109,182.1997370702733
697,182.92214965820312,182.34536393564173
698,182.92214965820312,182.85955343800185
699,182.0165863037109,182.83206076485726
700,182.92214965820312,182.94472017506268
701,182.92214965820312,182.7238948812872
702,182.0165863037109,182.50014431724762
703,183.8277130126953,182.3609627811367
704,181.1110382080078,182.13156318437075
705,182.0165863037109,181.98729333289523
706,182.0165863037109,181.65240002123642
707,182.92214965820312,181.32335627663824
708,182.92214965820312,181.21820132848478
709,181.1110382080078,180.86605330287202
710,182.92214965820312,180.74888089667843
711,183.8277130126953,180.6042995355575
712,182.0165863037109,180.60574610847345
713,182.92214965820312,180.75386699794063
714,182.92214965820312,180.29198191198367
715,183.8277130126953,180.3316526653293
716,185.6388092041016,180.52621088172143
717,185.6388092041016,180.55001995330878
718,185.6388092041016,181.23762298140977
719,185.6388092041016,182.16359513712982
720,186.54437255859372,181.94167469225715
721,186.54437255859372,182.57250995481652
722,185.6388092041016,182.89760920852945
723,185.6388092041016,182.95441980664728
724,187.44993591308597,183.13707348724574
725,189.26101684570312,183.64846621707048
726,187.8966064453125,184.4562973662932
727,187.8966064453125,184.34700420719372
728,187.8966064453125,184.55699772651695
729,187.8966064453125,184.62644490809524
730,188.81765747070312,185.19758324097833
731,187.8966064453125,185.6029205650808
732,188.81765747070312,185.69185364844842
733,189.7387237548828,185.76330130603094
734,187.8966064453125,185.96676480441184
735,187.8966064453125,186.01785335973017
736,188.81765747070312,185.86355289767178
737,198.02825927734372,185.73052075665518
738,200.79144287109372,188.52223515417268
739,204.4756774902344,192.6456260288137
740,202.63357543945312,194.16897329561985
741,201.7124938964844,194.9813664792632
742,205.39675903320312,195.4449090764058
743,205.39675903320312,196.31294116817642
744,205.39675903320312,197.34288471792246
745,205.39675903320312,198.60257533154092
746,206.3178253173828,200.3566773837541
747,205.39675903320312,201.87825014073238
748,204.4756774902344,203.76604969909542
749,208.1599578857422,205.81650304535262
750,208.1599578857422,207.34088328301036
751,210.00205993652344,208.72352176465876
752,212.76524353027344,210.2976286764037
753,213.6863250732422,208.3915381477818
754,210.9231414794922,209.88366350859044
755,210.00205993652344,211.4909958444235
756,212.76524353027344,212.50286386446822
757,210.00205993652344,213.4539962648627
758,210.9231414794922,214.56001904870658
759,207.2388610839844,214.57836696682247
760,209.08102416992188,215.6137296284062
761,209.08102416992188,215.96566933194356
762,210.9231414794922,216.10991582019568
763,210.00205993652344,215.3039663839249
764,210.00205993652344,214.7902013134567
765,210.9231414794922,214.52305453540563
766,210.00205993652344,214.4424592023915
767,207.2388610839844,214.6742768927801
768,210.9231414794922,214.8944694325883
769,207.2388610839844,214.12105328491222
770,208.1599578857422,213.78592147368113
771,208.1599578857422,212.93247849809381
772,208.1599578857422,213.08041442870902
773,210.9231414794922,213.1703024838334
774,203.5546417236328,213.58122069792728
775,202.63357543945312,213.14616243324778
776,197.10720825195312,210.3370901342063
777,207.2388610839844,209.76225165081607
778,204.4756774902344,210.45772029746416
779,207.2388610839844,211.67935404540393
780,206.3178253173828,212.24077327734958
781,206.3178253173828,212.42002955587756
782,206.3178253173828,211.8283822067134
783,207.2388610839844,211.88176035792563
784,207.2388610839844,211.32147910965344
785,207.2388610839844,210.60306485721642
786,210.00205993652344,210.69041118832763
787,208.1599578857422,210.2413661405683
788,207.2388610839844,209.95145774211264
789,209.08102416992188,209.95601259720942
790,207.2388610839844,210.8031202453828
791,209.08102416992188,211.61964348718067
792,207.2388610839844,211.20127143135218
793,208.1599578857422,212.07155247674268
794,209.08102416992188,212.13473442057722
795,208.1599578857422,211.83798059766323
796,208.1599578857422,211.64308458799934
797,208.1599578857422,211.9948850856639
798,207.2388610839844,212.0205641885915
799,207.2388610839844,212.38819327011453
800,207.2388610839844,212.58927274624023
801,208.1599578857422,212.31269501367376
802,210.00205993652344,212.226853663537
803,210.00205993652344,211.97703947685127
804,210.00205993652344,211.84196792112476
805,210.00205993652344,212.05585531101588
806,210.00205993652344,212.29510055951275
807,207.2388610839844,212.3081479463181
808,209.08102416992188,212.45657937196304
809,209.08102416992188,212.39835237842613
810,210.00205993652344,212.17832046077888
811,210.00205993652344,212.32115444748248
812,209.08102416992188,212.34002901159266
813,210.00205993652344,212.4857697726752
814,208.1599578857422,212.35487244619748
815,208.1599578857422,212.58953752943884
816,207.2388610839844,212.9954501729177
817,209.08102416992188,213.14433231408088
818,209.08102416992188,213.07826306522026
819,207.2388610839844,213.11239478768306
820,208.1599578857422,213.0691397264797
821,208.1599578857422,212.91229267306989
822,208.1599578857422,213.00242604204007
823,208.1599578857422,213.1627483749317
824,209.08102416992188,213.32030021891427
825,209.08102416992188,213.5134985010106
826,209.08102416992188,213.7088072609547
827,209.08102416992188,213.6656281302274
828,209.08102416992188,213.90795927114928
829,209.08102416992188,214.1668802476257
830,207.2388610839844,214.2535402840493
831,206.3178253173828,211.60497819715434
832,206.3178253173828,212.49652853705427
833,205.39675903320312,212.6150190184351
834,205.39675903320312,209.39429353723003
835,204.4756774902344,211.30702700904072
836,198.02825927734372,210.6192701730523
837,202.63357543945312,206.0420739938827
838,200.79144287109372,201.9580194864523
839,202.63357543945312,205.64657258683474
840,210.00205993652344,206.46613499461085
841,206.3178253173828,203.40841034251432
842,205.39675903320312,204.44666274279322
843,202.63357543945312,204.81771453654542
844,199.87039184570312,203.1564146148429
845,202.63357543945312,203.14561155768612
846,202.63357543945312,203.5701792483219
847,202.63357543945312,203.12689956267212
848,207.2388610839844,202.83964337680703
849,202.63357543945312,203.56121750520992
850,205.39675903320312,202.2540777667361
851,202.63357543945312,202.37958792328317
852,202.63357543945312,204.0850477443623
853,202.63357543945312,204.8285151600331
854,194.34402465820312,205.219631095354
855,202.63357543945312,204.77038843366333
856,202.63357543945312,205.0487359304029
857,202.63357543945312,201.01618370203866
858,201.7124938964844,204.1344478200556
859,200.79144287109372,205.3460368421317
860,189.7387237548828,202.14886197685502
861,194.34402465820312,199.75213475210364
862,195.26507568359372,201.53899131343314
863,194.34402465820312,200.96075786164153
864,193.4229431152344,198.57582395400573
865,200.79144287109372,199.39665722378842
866,194.34402465820312,197.80780361578564
867,194.34402465820312,194.1459426330957
868,205.39675903320312,195.03707401685924
869,209.08102416992188,195.64681356635808
870,198.02825927734372,197.85729799615677
871,199.87039184570312,198.32285475869236
872,201.7124938964844,194.61089560232634
873,198.02825927734372,194.38785883343522
874,199.87039184570312,194.76855671805174
875,195.26507568359372,196.20985429118662
876,196.1861267089844,197.412656185909
877,195.26507568359372,198.06545373025543
878,191.58084106445312,195.13413738028913
879,192.50189208984372,195.92361379712247
880,191.58084106445312,194.78896911766932
881,197.10720825195312,195.74641220457806
882,195.26507568359372,195.995126677037
883,192.50189208984372,196.69968422600786
884,192.50189208984372,194.2432724832926
885,191.58084106445312,193.57622653643753
886,189.7387237548828,193.33879607499222
887,198.02825927734372,192.55687084665766
888,192.50189208984372,192.40429609936157
889,191.58084106445312,192.9664128208727
890,189.7387237548828,190.4592342538948
891,189.7387237548828,190.98992208585105
892,196.1861267089844,189.23877840180182
893,193.4229431152344,190.16330009073536
894,193.4229431152344,190.26359500168627
895,193.4229431152344,190.82873482695953
896,193.4229431152344,190.84373255618556
897,193.4229431152344,190.23028683284855
898,191.58084106445312,190.15777955573773
899,190.6597900390625,192.7397279819933
900,190.6597900390625,192.7013923395186
901,189.7387237548828,191.66830978251932
902,192.50189208984372,190.74008161553897
903,190.6597900390625,189.7951438764842
904,190.6597900390625,189.45484343880807
905,190.6597900390625,191.09263119655404
906,189.7387237548828,190.8568675550787
907,191.58084106445312,189.9656267778889
908,191.58084106445312,190.77455843228086
909,191.58084106445312,190.33002686724353
910,192.50189208984372,190.3790545915638
911,190.6597900390625,190.0735663302322
912,189.7387237548828,189.96939020379278
913,189.7387237548828,190.27694318999298
914,189.7387237548828,190.09730774581845
915,189.7387237548828,189.07571381056277
916,188.81765747070312,193.56984277900838
917,183.2912750244141,195.89483736352506
918,184.21234130859372,198.1333249894048
919,183.2912750244141,194.2272858326258
920,183.2912750244141,194.9804449704566
921,183.2912750244141,190.2410543584364
922,183.2912750244141,188.25761987872457
923,183.2912750244141,186.81825500390934
924,182.37022399902344,185.7689552060955
925,180.528076171875,186.41741802071573
926,184.21234130859372,187.0945377757803
927,175.001708984375,186.19332966340437
928,182.37022399902344,185.27674660309114
929,183.2912750244141,183.10944550209894
930,183.2912750244141,183.49073038770356
931,182.37022399902344,183.42126568370773
932,188.81765747070312,182.87574707222603
933,188.81765747070312,191.67529489958426
934,188.81765747070312,188.85647770271282
935,181.44915771484372,188.22821093452677
936,172.238525390625,185.98554883603134
937,175.92279052734375,183.99286738718843
938,175.92279052734375,181.92957740987035
939,176.84385681152344,180.37506056095248
940,180.528076171875,179.70684414094137
941,176.84385681152344,179.59380118448502
942,179.60704040527344,178.91811729419234
943,177.64222717285156,179.04626262764623
944,178.58213806152344,179.0403011118068
945,169.18307495117188,178.71037540552499
946,165.42344665527344,178.02660978686865
947,168.24317932128906,176.78005332035914
948,169.18307495117188,175.15388535912155
949,162.60372924804688,173.50276936915552
950,167.3032684326172,171.9240404330465
951,168.24317932128906,171.34067047924202
952,168.24317932128906,171.3990240235724
953,169.18307495117188,170.88933778252402
954,169.18307495117188,170.33044664604458
955,169.18307495117188,169.96212153515754
956,169.18307495117188,169.06766636781396
957,169.18307495117188,169.0677481390959
958,169.18307495117188,168.43398565933708
959,169.18307495117188,168.14868565669855
960,169.18307495117188,168.15281510643578
961,168.24317932128906,167.84492286676235
962,173.8826141357422,168.6639596020118
963,173.8826141357422,170.70786005083707
964,172.9427032470703,170.75460402006928
965,153.2046661376953,170.55910640740262
966,161.663818359375,170.5663762637529
967,159.78399658203125,169.06292752733285
968,151.32485961914062,167.6686473461541
969,159.78399658203125,166.12744169377254
970,158.84410095214844,164.95010656434835
971,158.84410095214844,164.14691204150435
972,159.78399658203125,163.03656122052425
973,159.78399658203125,163.95052662634822
974,159.78399658203125,163.14808167358854
975,158.84410095214844,163.25028798825446
976,159.78399658203125,162.34189081734255
977,159.78399658203125,161.74326662558838
978,158.84410095214844,161.20323739813978
979,169.18307495117188,160.33326883586233
980,147.56524658203125,160.24399795922295
981,156.96429443359375,160.07581779552532
982,150.38494873046875,159.20950947158173
983,149.445068359375,158.33159351947523
984,140.98590087890625,157.86641616595313
985,148.50514221191406,156.51262639787456
986,147.56524658203125,155.56654824147722
987,147.56524658203125,155.2240472801964
988,147.56524658203125,153.5638683064836
989,164.48353576660156,152.01670892600373
990,141.92579650878906,152.52659570138633
991,160.7239227294922,156.1690546221876
992,160.7239227294922,155.93937077287018
993,156.96429443359375,155.53740262027657
994,145.6854248046875,154.12516196110346
995,132.5267333984375,151.4868349129962
996,134.40655517578125,150.7043733039909
997,138.1661834716797,149.39518003552635
998,139.1060791015625,148.24892188710447
999,139.1060791015625,147.24949770392706
1000,137.22625732421875,146.98546212845974
1001,130.64694213867188,146.76400992152287
1002,132.5267333984375,145.66373449063715
1003,140.04598999023438,144.6401021141392
1004,139.1060791015625,144.09366746960643
1005,132.5267333984375,142.65164259445953
1006,140.04598999023438,141.14762729987183
1007,135.34646606445312,140.348986658657
1008,140.04598999023438,138.53177177881184
1009,139.1060791015625,137.83877184610378
1010,139.1060791015625,137.46741730391494
1011,138.1661834716797,137.0079911972216
1012,138.1661834716797,137.24691130752603
1013,132.5267333984375,137.37466920085842
1014,155.08448791503906,137.10334040581745
1015,155.08448791503906,137.98138485565266
1016,155.08448791503906,139.76106282322337
1017,155.08448791503906,140.95977919593582
1018,142.86569213867188,141.99138232548626
1019,142.86569213867188,142.29992094767394
1020,132.5267333984375,142.52530207001382
1021,132.5267333984375,142.79920081962962
1022,145.6854248046875,143.25336630718573
1023,149.445068359375,144.3937914374969
1024,150.38494873046875,144.9921352705702
1025,156.96429443359375,145.33668051389915
1026,155.08448791503906,146.82300595449692
1027,157.90420532226562,147.8922044043803
1028,157.90420532226562,148.73961966832852
1029,159.78399658203125,149.9875117324428
1030,159.78399658203125,150.16608074281555
1031,156.02439880371094,150.0366718483624
1032,157.90420532226562,149.17729461402962
1033,156.96429443359375,149.40505878515708
1034,156.96429443359375,150.21320047055758
1035,152.2647705078125,151.14593433251878
1036,157.90420532226562,152.0106773204941
1037,158.84410095214844,153.71102546298522
1038,158.84410095214844,154.24056460312391
1039,158.84410095214844,154.69425893234134
1040,157.90420532226562,154.9853023940675
1041,157.90420532226562,155.43088579089203
1042,155.08448791503906,155.62033816950202
1043,140.04598999023438,155.74832190732735
1044,145.6854248046875,155.19841003637742
1045,155.08448791503906,154.2707498877662
1046,155.08448791503906,154.43718170357883
1047,155.08448791503906,154.98344891167721
1048,155.08448791503906,154.80607921343938
1049,155.08448791503906,154.5924926250496
1050,155.08448791503906,154.18394383119627
1051,155.08448791503906,154.2032457476013
1052,155.08448791503906,154.56085103281495
1053,155.08448791503906,154.7857025887576
1054,155.08448791503906,154.44112619446412
1055,140.04598999023438,154.12596409844042
1056,148.50514221191406,153.08218094175365
1057,148.50514221191406,152.44586408290232
1058,136.28636169433594,151.7192600471934
1059,134.40655517578125,151.7040038623084
1060,154.1445770263672,152.76609599840538
1061,148.50514221191406,152.9744375431402
1062,145.6854248046875,152.38361666800407
1063,134.40655517578125,151.22231260370788
1064,134.40655517578125,149.86161900311245
1065,139.1060791015625,148.56166199563492
1066,140.98590087890625,147.50330018754198
1067,140.98590087890625,145.86882854731837
1068,140.98590087890625,145.0941118468726
1069,144.74551391601562,144.111882996123
1070,137.22625732421875,143.3685781495484
1071,136.28636169433594,143.0479023328006
1072,138.1661834716797,142.11642619103282
1073,136.28636169433594,141.49276051765656
1074,135.34646606445312,141.007825664873
1075,138.1661834716797,140.20142064574577
1076,138.1661834716797,139.2820661230558
1077,134.40655517578125,138.74806071337574
1078,134.40655517578125,138.16893313155498
1079,140.98590087890625,138.05683249177605
1080,130.64694213867188,137.96399482969647
1081,131.5868377685547,137.77316012703488
1082,136.28636169433594,137.864280592194
1083,140.04598999023438,137.7628764148651
1084,138.1661834716797,137.62391974977947
1085,136.28636169433594,137.0066711750991
1086,139.1060791015625,136.65929898173783
1087,138.1661834716797,136.43859439794997
1088,138.1661834716797,137.02013617952284
1089,137.22625732421875,137.33087094471082
1090,135.34646606445312,137.46161543676877
1091,135.34646606445312,137.05659838352054
1092,135.34646606445312,137.1445025115906
1093,134.40655517578125,137.10929413391574
1094,134.40655517578125,136.93811958375142
1095,134.40655517578125,136.7381537546081
1096,129.70701599121094,136.64218931446254
1097,134.40655517578125,136.3276774948237
1098,126.8873062133789,136.3259213591976
1099,127.82721710205078,135.53158344496023
1100,127.82721710205078,135.36407692087084
1101,128.76712036132812,135.51008538555493
1102,131.5868377685547,135.5097621942978
1103,132.5267333984375,135.37647889862959
1104,131.5868377685547,134.6327613017748
1105,136.28636169433594,134.36180242443777
1106,131.5868377685547,134.8665765477647
1107,131.5868377685547,134.56055725983444
1108,126.8873062133789,134.3112327273726
1109,128.76712036132812,133.8796283258868
1110,126.8873062133789,133.7529529285723
1111,127.82721710205078,133.4655969622739
1112,136.28636169433594,133.2635362307651
1113,136.28636169433594,133.51419246696116
1114,125.00749969482422,133.83438154988798
1115,131.5868377685547,133.68429230884874
1116,131.5868377685547,133.74182424648927
1117,138.1661834716797,134.02247496766978
1118,138.1661834716797,134.25576454113303
1119,138.1661834716797,134.80885381046636
1120,138.1661834716797,135.10933212057853
1121,130.64694213867188,135.10621702412422
1122,129.70701599121094,135.01434114807492
1123,128.76712036132812,134.96234629438192
1124,135.34646606445312,135.22406501686135
1125,134.40655517578125,135.3943868093713
1126,134.40655517578125,135.8150260713379
1127,133.46665954589844,135.89245568758034
1128,133.46665954589844,135.6585197316028
1129,133.46665954589844,135.66225005960683
1130,138.1661834716797,135.83178918413267
1131,139.1060791015625,135.68115480121395
1132,138.1661834716797,136.34807358885828
1133,133.46665954589844,136.190208288295
1134,133.46665954589844,135.44400250814732
1135,132.5267333984375,134.85886279016972
1136,130.64694213867188,134.6839773813542
1137,134.40655517578125,134.24131049358505
1138,133.46665954589844,134.45650135664877
1139,135.34646606445312,134.2241696753452
1140,135.34646606445312,134.48287843587565
1141,135.34646606445312,134.41424507324606
1142,135.34646606445312,134.78414330784253
1143,140.98590087890625,135.17633395144017
1144,138.1661834716797,135.50279216598128
1145,126.8873062133789,135.12996963458832
1146,127.82721710205078,135.48157835912744
1147,128.76712036132812,135.2197506082721
1148,128.76712036132812,135.1695041024641
1149,136.28636169433594,135.37446966141655
1150,136.28636169433594,135.79133965667344
1151,136.28636169433594,136.043343172086
1152,136.28636169433594,136.43757030999063
1153,136.28636169433594,136.48903170341583
1154,136.28636169433594,136.91840881093677
1155,130.64694213867188,136.90883378321033
1156,130.64694213867188,136.48912515630946
1157,133.46665954589844,136.13915575127942
1158,128.76712036132812,135.84759051089713
1159,129.70701599121094,135.1515105265699
1160,129.70701599121094,135.37297830898905
1161,127.82721710205078,135.20882440745862
1162,127.82721710205078,134.85901075725133
1163,130.64694213867188,134.6280419306465
1164,128.76712036132812,134.40794868453779
1165,128.76712036132812,134.35553329282345
1166,128.76712036132812,133.74910189058068
1167,128.76712036132812,133.48892124697556
1168,127.82721710205078,133.17632131778555
1169,126.8873062133789,132.82252034411673
1170,124.06758880615233,132.36979558867074
1171,130.64694213867188,132.27602339765485
1172,129.70701599121094,132.31055034798032
1173,128.76712036132812,132.62926754783248
1174,128.76712036132812,132.80009554351625
1175,128.76712036132812,132.81528942647216
1176,128.76712036132812,132.68910076297863
1177,128.76712036132812,132.77678294042633
1178,128.76712036132812,132.83088437809656
1179,125.00749969482422,132.8400700187662
1180,131.5868377685547,133.15754507390722
1181,131.5868377685547,133.49860140920734
1182,127.82721710205078,133.4318176350975
1183,128.76712036132812,133.2565389453546
1184,127.82721710205078,133.10033243365322
1185,126.8873062133789,133.20181059452295
1186,126.8873062133789,133.15117470165814
1187,126.8873062133789,133.20827441966566
1188,127.82721710205078,133.04385962880716
1189,127.82721710205078,132.9904279368746
1190,127.82721710205078,133.0092002868824
1191,127.82721710205078,132.88030927721474
1192,127.82721710205078,132.73998975743035
1193,127.82721710205078,132.71017439049206
1194,127.82721710205078,132.08590127330717
1195,127.82721710205078,132.1546397704421
1196,125.00749969482422,132.14615892034524
1197,131.5868377685547,132.1162968269601
1198,131.5868377685547,132.37693694729222
1199,130.64694213867188,132.77167028837067
1200,130.64694213867188,132.76367617209482
1201,132.31204223632812,133.03845104258835
1202,139.02352905273438,133.1164296945809
1203,139.02352905273438,133.5774211372425
1204,136.14718627929688,133.59344441462937
1205,138.06475830078125,133.93339489068822
1206,138.06475830078125,134.3466280108347
1207,133.27084350585938,134.80958585813312
1208,135.18838500976562,134.82362326153034
1209,133.27084350585938,135.12715047229716
1210,139.02352905273438,135.47995850897118
1211,138.06475830078125,135.89900517787555
1212,138.06475830078125,136.40154421949651
1213,135.18838500976562,136.65156186091946
1214,138.06475830078125,136.56013377998545
1215,138.06475830078125,136.95731247178054
1216,138.06475830078125,137.04034536777016
1217,134.2296142578125,137.33074244698207
1218,133.27084350585938,137.2618287256716
1219,134.2296142578125,137.19623647595554
1220,136.14718627929688,137.59832533853674
1221,136.14718627929688,137.41504474477685
1222,131.353271484375,137.34128704847993
1223,135.18838500976562,137.13755974036803
1224,137.10595703125,137.3757010765589
1225,134.2296142578125,137.6726242828426
1226,134.2296142578125,137.52495313542602
1227,137.10595703125,137.40022856726603
1228,137.10595703125,137.28190552231962
1229,139.9822998046875,137.39171267233405
1230,139.9822998046875,137.34902027542773
1231,139.02352905273438,137.25784529608066
1232,139.9822998046875,137.36872326050127
1233,139.9822998046875,137.157574235087
1234,138.06475830078125,137.57585770536002
1235,138.06475830078125,137.40318401502705
1236,140.94110107421875,137.6693028112482
1237,139.9822998046875,137.44641376607174
1238,139.02352905273438,137.58137531995473
1239,139.02352905273438,137.84620524501787
1240,138.06475830078125,137.85991556328742
1241,138.06475830078125,137.95879651248833
1242,139.9822998046875,138.05999820854774
1243,152.44650268554688,138.28615031726008
1244,139.02352905273438,138.98265083960868
1245,139.9822998046875,139.44048435323975
1246,148.61135864257812,139.82707950483132
1247,145.73500061035156,140.3544886977694
1248,149.57015991210938,140.41332897592076
1249,149.57015991210938,140.97015246712868
1250,143.81744384765625,141.6669761807344
1251,143.81744384765625,141.8166448837523
1252,138.06475830078125,142.36215668096048
1253,139.02352905273438,142.3646176071594
1254,139.9822998046875,142.62296423772702
1255,140.94110107421875,142.63770253782647
1256,140.94110107421875,142.7743579254065
1257,141.89987182617188,143.0139945078954
1258,139.02352905273438,143.1355455715426
1259,141.89987182617188,142.55430751187401
1260,141.89987182617188,142.70181511672675
1261,141.89987182617188,142.92537780151144
1262,145.73500061035156,142.5784027829481
1263,145.73500061035156,142.8671916936155
1264,145.73500061035156,142.5502267355189
1265,145.73500061035156,142.24459294077482
1266,145.73500061035156,142.30276736705906
1267,148.61135864257812,142.37937537661168
1268,146.69378662109375,143.38660287640715
1269,145.73500061035156,143.78604390700218
1270,147.65257263183594,144.1506970979437
1271,147.65257263183594,144.50167112158024
1272,147.65257263183594,144.92963475408504
1273,147.65257263183594,145.31747594425835
1274,145.73500061035156,145.79389100823937
1275,146.69378662109375,146.03842218603214
1276,146.69378662109375,146.37857124948994
1277,146.69378662109375,146.70344076483937
1278,146.69378662109375,146.7680556530429
1279,146.69378662109375,146.83235124385985
1280,148.61135864257812,146.89666630402965
1281,144.77621459960938,147.08152391536953
1282,148.61135864257812,147.00762603973217
1283,148.61135864257812,147.0181823228417
1284,147.65257263183594,147.12835160281895
1285,147.65257263183594,147.22921063826837
1286,147.65257263183594,147.30714256381407
1287,144.77621459960938,147.30457650310984
1288,144.77621459960938,146.79829934574366
1289,144.77621459960938,146.9039828868267
1290,144.77621459960938,146.26174734471218
1291,141.89987182617188,146.23905386704254
1292,143.81744384765625,145.36549126223096
1293,143.81744384765625,145.0967908298233
1294,142.85865783691406,144.82488963580886
1295,142.85865783691406,144.42095897244906
1296,142.85865783691406,144.13993833356463
1297,142.85865783691406,143.4912662234014
1298,139.02352905273438,143.08982374333445
1299,141.89987182617188,142.39437845990977
1300,141.89987182617188,141.5269253380192
1301,139.02352905273438,141.0980739030249
1302,139.02352905273438,140.46424912133702
1303,141.89987182617188,140.78897456347545
1304,141.89987182617188,140.57032983721797
1305,141.89987182617188,140.87868934135957
1306,142.85865783691406,140.22643876414443
1307,142.85865783691406,140.61343887827508
1308,142.85865783691406,140.7144147298415
1309,142.85865783691406,140.5954297268986
1310,145.73500061035156,140.6422223695129
1311,140.94110107421875,140.6487329211024
1312,139.9822998046875,140.64991665775503
1313,139.02352905273438,140.3206353870522
1314,139.02352905273438,140.31201825148545
1315,139.9822998046875,140.75317821134485
1316,140.94110107421875,140.5615608406991
1317,139.02352905273438,140.42855011597064
1318,138.06475830078125,140.07757609233408
1319,137.10595703125,139.71969044843956
1320,138.06475830078125,139.068074572127
1321,137.10595703125,138.8981694237678
1322,138.06475830078125,138.75361726667612
1323,138.06475830078125,138.02752722188214
1324,138.06475830078125,138.02817749826698
1325,138.06475830078125,137.18803598453957
1326,143.81744384765625,137.02065795817893
1327,143.81744384765625,137.0669950179368
1328,143.81744384765625,138.02794775990347
1329,143.81744384765625,138.31462619272304
1330,143.81744384765625,138.3282858906752
1331,143.81744384765625,138.53125389402632
1332,143.81744384765625,138.80760967597044
1333,141.89987182617188,139.31550668349286
1334,139.9822998046875,139.59378993136806
1335,139.9822998046875,140.07093314914528
1336,139.02352905273438,140.57136560678904
1337,139.02352905273438,140.72642342667288
1338,139.02352905273438,141.21373743437343
1339,139.02352905273438,141.289769151082
1340,137.10595703125,141.81276658866668
1341,137.10595703125,141.7102176133908
1342,137.10595703125,141.8030630632115
1343,139.02352905273438,141.42398697568652
1344,135.18838500976562,141.1439242289618
1345,137.10595703125,140.24849364704096
1346,136.14718627929688,139.64481131741908
1347,131.353271484375,139.06678570096904
1348,140.94110107421875,138.52367252803066
1349,139.9822998046875,138.2719026448522
1350,140.94110107421875,138.17772549129725
1351,139.9822998046875,137.97470297375816
1352,139.9822998046875,137.64965434036264
1353,140.94110107421875,137.60362879025018
1354,139.02352905273438,137.47884581403167
1355,141.89987182617188,137.33787601786244
1356,146.69378662109375,137.43651944095873
1357,146.69378662109375,137.72510976422717
1358,145.73500061035156,138.1969144854558
1359,145.73500061035156,138.42275119065215
1360,147.65257263183594,139.33343016971682
1361,145.73500061035156,140.22818711202942
1362,145.73500061035156,141.02689784291448
1363,161.07554626464844,141.72263127276122
1364,147.65257263183594,141.66738503714402
1365,150.5289306640625,139.71035294681775
1366,149.57015991210938,146.3895402828797
1367,147.65257263183594,146.50338148280244
1368,144.77621459960938,146.1354691221956
1369,148.61135864257812,145.04793443580803
1370,147.65257263183594,144.12479896479667
1371,145.73500061035156,143.91327223393733
1372,152.44650268554688,143.60966714575915
1373,149.57015991210938,144.4328508531634
1374,149.57015991210938,144.80015966383223
1375,149.57015991210938,145.11762693123208
1376,152.44650268554688,145.80686538497156
1377,152.44650268554688,147.05349583502186
1378,138.06475830078125,147.9078577640632
1379,140.94110107421875,144.62247456207837
1380,139.9822998046875,145.84016187219757
1381,143.81744384765625,144.83613902787948
1382,141.89987182617188,144.1970069006076
1383,139.9822998046875,143.56810786518807
1384,139.02352905273438,143.1499139539381
1385,138.06475830078125,142.20857853189244
1386,138.06475830078125,141.85327063031383
1387,131.353271484375,141.4292748519177
1388,135.18838500976562,140.52796063156882
1389,135.18838500976562,139.5707927317941
1390,139.02352905273438,139.3633973976073
1391,139.02352905273438,139.3195757782363
1392,138.06475830078125,138.43111911850252
1393,138.06475830078125,137.59389021995992
1394,137.10595703125,137.62144324809827
1395,137.10595703125,137.35692093881
1396,134.2296142578125,137.33164582495382
1397,136.14718627929688,137.1170001037696
1398,136.14718627929688,136.91670329562803
1399,134.2296142578125,136.8730919452677
1400,135.18838500976562,136.75266231634407
1401,135.18838500976562,136.5352207960921
1402,135.18838500976562,136.26414899650862
1403,134.2296142578125,136.3232384823763
1404,135.18838500976562,136.40702678925612
1405,132.31204223632812,136.40031375639705
1406,133.27084350585938,136.10735840422205
1407,134.2296142578125,135.86334121734427
1408,134.2296142578125,135.98204975547688
1409,133.27084350585938,135.522105763998
1410,134.2296142578125,135.62803072505625
1411,135.18838500976562,135.211082852388
1412,135.18838500976562,135.28898362696916
1413,134.2296142578125,135.48303077284925
1414,134.2296142578125,135.42073663150418
1415,133.27084350585938,135.50746870453332
1416,134.2296142578125,135.40363085809946
1417,181.20997619628903,135.62163698958378
1418,230.1078948974609,139.30743858367617
1419,210.9322509765625,161.37834475757765
1420,168.74578857421875,168.35661834502372
1421,171.62216186523438,174.29283960125045
1422,167.78700256347656,176.66403934065949
1423,166.82823181152344,168.6152609097545
1424,165.86944580078125,163.0576426357788
1425,166.82823181152344,160.48641087142678
1426,201.34442138671875,159.53696841085878
1427,199.42686462402344,179.12560997514336
1428,180.25120544433597,190.61311417793186
1429,180.25120544433597,190.08942703852287
1430,182.16876220703125,184.1904277777884
1431,179.2924041748047,183.35427456099015
1432,170.6633758544922,194.35901644740505
1433,173.5397186279297,185.03616673045713
1434,175.45729064941406,177.38625303730313
1435,168.74578857421875,175.54566519937427
1436,165.19482421875,174.23455030578447
1437,171.99697875976562,173.92810853289757
1438,174.91217041015625,174.29450033704765
1439,173.94044494628906,174.50056007362969
1440,165.19482421875,174.70010731168693
1441,170.05349731445312,174.66657913916214
1442,171.99697875976562,174.78340109700463
1443,171.99697875976562,172.81358737653926
1444,171.99697875976562,171.79765318215402
1445,171.99697875976562,171.332353171709
1446,171.99697875976562,170.63861145665777
1447,171.99697875976562,169.86546787992143
1448,171.99697875976562,169.93574834980123
1449,171.99697875976562,170.0252158669043
1450,171.99697875976562,169.94376972317107
1451,174.91217041015625,170.25273472418596
1452,174.91217041015625,170.9657958780598
1453,174.91217041015625,171.38857482190346
1454,174.91217041015625,171.7567071861974
1455,174.91217041015625,172.4043298982426
1456,174.91217041015625,173.1346564742144
1457,167.1383056640625,173.43674100593586
1458,160.33616638183594,175.95468125769574
1459,170.05349731445312,175.0532132294594
1460,167.1383056640625,174.50135247629026
1461,164.2230987548828,173.09877445693132
1462,165.19482421875,171.80056774427408
1463,164.2230987548828,170.7593564890974
1464,165.19482421875,169.8984684329843
1465,166.16656494140625,169.1486374593379
1466,163.25137329101562,168.4158304878143
1467,165.19482421875,167.31488531119095
1468,154.50575256347656,166.49328056830197
1469,154.50575256347656,164.6619328852307
1470,148.67535400390625,163.41176680070475
1471,147.70361328125,161.67039283791036
1472,148.67535400390625,159.5720716540283
1473,146.7318878173828,158.15346841034722
1474,153.5340118408203,157.26501953835464
1475,152.56228637695312,156.0047138148699
1476,152.56228637695312,155.6258324208733
1477,155.4774932861328,154.9651632954904
1478,156.44921875,154.0329122734796
1479,183.6577911376953,153.9459621436987
1480,155.4774932861328,152.0879161370787
1481,154.50575256347656,148.69820446096847
1482,150.6188201904297,154.37587660535803
1483,151.59056091308594,153.93397291622017
1484,151.59056091308594,152.71099772986977
1485,151.59056091308594,151.9195412798527
1486,149.64707946777344,152.02509632320698
1487,162.2796173095703,152.0900149333148
1488,164.2230987548828,153.70260691481744
1489,186.57298278808597,156.8084787897521
1490,172.9687042236328,159.97623984349275
1491,172.9687042236328,166.3750276130258
1492,171.99697875976562,173.1742843949838
1493,174.91217041015625,174.60210832416962
1494,173.94044494628906,175.16904419724233
1495,173.94044494628906,168.0202677523049
1496,175.8839111328125,166.31204036271964
1497,184.6295166015625,167.91498527989035
1498,174.91217041015625,172.69834633014733
1499,169.08177185058594,173.60787077658864
1500,168.1100311279297,175.16008440106563
1501,176.85565185546875,176.32053181383688
1502,169.08177185058594,179.51648059661846
1503,171.99697875976562,176.54233446912488
1504,175.8839111328125,177.08103978058043
1505,175.8839111328125,171.05119235348414
1506,174.91217041015625,171.7446537098545
1507,173.94044494628906,172.07844602961023
1508,171.99697875976562,172.46749431965958
1509,171.99697875976562,172.36610377087763
1510,171.0252227783203,172.4573897255359
1511,171.99697875976562,172.03103231464036
1512,171.99697875976562,173.0043578303365
1513,171.99697875976562,172.01986274691637
1514,171.99697875976562,172.44327055085674
1515,174.91217041015625,172.5581553080917
1516,170.05349731445312,173.17076238905514
1517,172.9687042236328,173.2219628931523
1518,171.99697875976562,173.71592763178282
1519,172.9687042236328,173.9153736292053
1520,171.0252227783203,173.6705893498256
1521,170.05349731445312,173.34318881860708
1522,171.0252227783203,173.07701745513327
1523,171.99697875976562,172.9468920884956
1524,171.99697875976562,172.86336077707327
1525,172.9687042236328,172.92137360772895
1526,174.91217041015625,173.3261726042254
1527,172.9687042236328,173.0455588748153
1528,176.85565185546875,173.1127962848463
1529,237.1031646728516,173.30767087822207
1530,191.43165588378903,172.38662641570568
1531,180.7425842285156,172.07544580233767
1532,171.99697875976562,174.61131927499795
1533,171.0252227783203,174.09059780476022
1534,170.05349731445312,173.6459508838073
1535,172.9687042236328,172.0156242688032
1536,172.9687042236328,171.93657480240452
1537,189.4881896972656,170.9621784723022
1538,182.68605041503903,173.16665435560603
1539,182.68605041503903,173.75335746261663
1540,177.82737731933594,175.47886584978215
1541,181.7143096923828,177.09468974385615
1542,182.68605041503903,175.994431835388
1543,187.54470825195312,178.10453976547907
1544,187.54470825195312,176.7406142523123
1545,187.54470825195312,184.4357270215507
1546,190.4599151611328,182.0156446045
1547,187.54470825195312,184.56292614445658
1548,204.06419372558597,181.38650220217002
1549,192.4033966064453,181.81910927532704
1550,187.54470825195312,185.22024362074816
1551,188.51646423339844,186.31991063435763
1552,189.4881896972656,186.8887963631172
1553,189.4881896972656,199.90067520612448
1554,189.4881896972656,193.96644347439104
1555,192.4033966064453,197.64356806465673
1556,193.3751220703125,196.48023699736305
1557,192.4033966064453,199.34325303231677
1558,192.4033966064453,196.38607201215365
1559,192.4033966064453,202.71604170357205
1560,192.4033966064453,203.4910227004826
1561,194.34686279296875,201.48927680769145
1562,187.54470825195312,201.12931573078424
1563,192.4033966064453,206.09724040515326
1564,189.4881896972656,198.62467426384825
1565,188.51646423339844,192.95023622233222
1566,187.54470825195312,190.94090214927192
1567,190.4599151611328,189.37144597918652
1568,186.57298278808597,187.5612571020473
1569,185.60125732421875,188.1045279767437
1570,184.6295166015625,187.1717668576885
1571,182.68605041503903,187.67770232791233
1572,178.79910278320312,186.65240434827896
1573,185.60125732421875,185.32695806406406
1574,185.60125732421875,193.10275815900874
1575,186.57298278808597,190.34116771767208
1576,186.57298278808597,187.79051651947282
1577,186.57298278808597,187.1575581239863
1578,187.54470825195312,185.6480174270628
1579,186.57298278808597,185.56615463917882
1580,186.57298278808597,194.4583786546715
1581,186.57298278808597,189.5999027725412
1582,186.57298278808597,187.51270540340397
1583,182.68605041503903,186.22524966738465
1584,180.7425842285156,186.1867130038419
1585,185.60125732421875,185.43785744477276
1586,187.54470825195312,185.2229372057135
1587,185.60125732421875,185.81524261900364
1588,185.60125732421875,185.3654304787424
1589,181.7143096923828,185.26430179275616
1590,182.68605041503903,184.68502040304796
1591,182.68605041503903,184.5313955275331
1592,188.51646423339844,184.13223485561895
1593,189.4881896972656,191.14660949056756
1594,184.6295166015625,187.77874924261667
1595,186.57298278808597,187.2954566297451
1596,186.57298278808597,186.06964962602422
1597,186.57298278808597,185.30984742332112
1598,184.6295166015625,185.14292595328456
1599,187.54470825195312,184.44042497639083
1600,188.51646423339844,184.67430349777752
1601,185.60125732421875,184.8645073934071
1602,183.6577911376953,185.72748840495044
1603,180.7425842285156,184.99216696650765
1604,178.79910278320312,185.48787810608786
1605,180.7425842285156,183.9858769160514
1606,183.6577911376953,182.94911148759562
1607,184.6295166015625,182.58149798155486
1608,184.6295166015625,182.2504518140171
1609,183.6577911376953,182.17624534913725
1610,187.54470825195312,182.57914803066714
1611,185.60125732421875,183.85216821502365
1612,182.68605041503903,183.4474149715064
1613,185.60125732421875,183.54219470153168
1614,185.60125732421875,183.3024013907524
1615,185.60125732421875,183.6041559169432
1616,184.6295166015625,183.8799295652374
1617,183.6577911376953,183.3293197179882
1618,185.60125732421875,182.80475499749997
1619,182.68605041503903,182.8921947815048
1620,183.6577911376953,183.05748082590284
1621,185.60125732421875,183.21736412488795
1622,188.51646423339844,183.0754773222
1623,184.6295166015625,184.43393973496
1624,188.51646423339844,185.27802963344325
1625,187.54470825195312,187.4173581417434
1626,186.57298278808597,186.12986638742132
1627,183.6577911376953,186.19952189107497
1628,185.60125732421875,185.1181035018819
1629,184.6295166015625,184.74628266869254
1630,182.68605041503903,184.09485856550546
1631,183.6577911376953,182.90640643560994
1632,182.68605041503903,182.3211187505508
1633,184.6295166015625,182.40823242289557
1634,183.6577911376953,193.2405325476432
1635,182.68605041503903,187.19595850205917
1636,187.54470825195312,184.11509209044385
1637,184.6295166015625,184.8058394190284
1638,179.77085876464844,183.96756112236773
1639,182.68605041503903,182.6966747790824
1640,183.6577911376953,181.03509595890046
1641,185.60125732421875,181.44767977612975
1642,186.57298278808597,181.76239115663518
1643,185.60125732421875,190.25733025067635
1644,182.68605041503903,193.60423636426688
1645,182.68605041503903,188.27475534289238
1646,186.57298278808597,186.71178782137454
1647,188.51646423339844,186.54086053199126
1648,188.51646423339844,189.80451009540144
1649,187.54470825195312,196.44936505298284
1650,188.51646423339844,190.7991813228169
1651,194.34686279296875,194.8591248620075
1652,191.43165588378903,195.08892516239158
1653,233.2162322998047,193.32774940755803
1654,202.1207427978516,189.26177511464195
1655,202.1207427978516,203.78821117669872
1656,202.1207427978516,205.95563980195203
1657,202.1207427978516,208.13204185192902
1658,207.95114135742188,206.56803758737246
1659,207.95114135742188,205.77002677972197
1660,207.95114135742188,205.29925685459673
1661,204.06419372558597,205.5715649580855
1662,198.2337951660156,200.47325256754934
1663,198.2337951660156,199.6656012664735
1664,198.2337951660156,206.09018665861953
1665,198.2337951660156,206.8090798571364
1666,187.54470825195312,207.12463815449036
1667,187.54470825195312,196.94005553319957
1668,186.57298278808597,201.6344305677859
1669,185.60125732421875,202.61810696491912
1670,180.7425842285156,189.63000774610302
1671,184.6295166015625,188.07924848228313
1672,182.68605041503903,187.06143500861506
1673,181.7143096923828,186.3369180875305
1674,181.7143096923828,185.4359124564241
1675,178.79910278320312,184.67776125484178
1676,171.0252227783203,182.14072740875227
1677,176.85565185546875,180.05743364485932
1678,176.85565185546875,179.31421154303428
1679,178.79910278320312,178.53894385990316
1680,175.8839111328125,178.96411948108135
1681,175.8839111328125,178.1624610901764
1682,176.85565185546875,177.25476092209615
1683,174.91217041015625,176.07030585033857
1684,178.79910278320312,175.36853886804693
1685,178.79910278320312,175.58592392717566
1686,179.77085876464844,175.01278901215886
1687,179.77085876464844,175.07484757433457
1688,177.82737731933594,176.12594147301257
1689,175.8839111328125,176.2714086896877
1690,175.8839111328125,175.2782166463542
1691,174.91217041015625,175.46407692936532
1692,173.94044494628906,175.97438813663982
1693,174.91217041015625,175.6667859903237
1694,177.82737731933594,175.50245491768243
1695,176.85565185546875,175.2120111120237
1696,176.85565185546875,175.9642407099399
1697,176.85565185546875,176.0805369952557
1698,176.85565185546875,176.20411871240404
1699,176.85565185546875,176.14008206397983
1700,176.85565185546875,176.03150927093543
1701,176.85565185546875,176.1155117406965
1702,176.85565185546875,176.11307807159153
1703,174.91217041015625,175.92755460838455
1704,173.94044494628906,175.90886402965867
1705,176.85565185546875,175.8993805078906
1706,172.9687042236328,175.90764330123565
1707,169.3703155517578,176.42305547895407
1708,168.38560485839844,176.15720341286683
1709,164.44676208496094,175.7134579229504
1710,163.46205139160156,175.1373519846903
1711,162.4773406982422,174.86679222908649
1712,164.44676208496094,173.31448515171587
1713,164.44676208496094,171.80589455921094
1714,161.4926300048828,170.91068008710664
1715,163.46205139160156,169.30925572639268
1716,159.52320861816406,166.96581928413266
1717,163.46205139160156,165.41536763608767
1718,158.5384979248047,164.0404049467962
1719,160.50791931152344,162.50025063946796
1720,161.4926300048828,161.06144988915128
1721,166.4161834716797,159.29830529601182
1722,166.4161834716797,160.17599540362536
1723,169.3703155517578,160.43582559887938
1724,166.4161834716797,159.72029183719494
1725,165.4314727783203,159.37607757286423
1726,165.4314727783203,159.96859617556797
1727,164.44676208496094,160.4177424639621
1728,167.40089416503906,160.76603750464793
1729,173.30917358398438,161.79546006668033
1730,171.33973693847656,163.56583168359379
1731,175.27859497070312,164.38905822357427
1732,177.24801635742188,165.08997634208214
1733,183.15628051757807,165.46236860077735
1734,189.0645446777344,173.61061011453316
1735,180.2021484375,194.72228171685603
1736,180.2021484375,189.45300699210148
1737,176.2633056640625,184.7112300458404
1738,174.29388427734375,179.48434058895114
1739,177.24801635742188,176.03479375075946
1740,171.33973693847656,174.24443684315634
1741,168.38560485839844,173.989547969653
1742,168.38560485839844,173.31060880356554
1743,172.32444763183594,173.77731644822083
1744,175.27859497070312,173.60704916989883
1745,175.27859497070312,172.942698389894
1746,175.27859497070312,174.060831111204
1747,174.29388427734375,173.54466936340125
1748,174.29388427734375,173.4731467488103
1749,165.4314727783203,172.98363659810948
1750,167.40089416503906,171.8899301268718
1751,167.40089416503906,170.20650279893343
1752,167.40089416503906,168.81323307716707
1753,167.40089416503906,168.6111528763054
1754,182.17156982421875,168.33990585254637
1755,174.29388427734375,172.54380055424318
1756,171.33973693847656,173.1623418939521
1757,169.3703155517578,171.9275098717225
1758,158.5384979248047,170.54831649205903
1759,166.4161834716797,169.0377361316939
1760,160.50791931152344,168.84469555135558
1761,157.5537872314453,168.69093049650027
1762,157.5537872314453,167.38988904606958
1763,157.5537872314453,166.50465651116605
1764,160.50791931152344,164.84701244719295
1765,166.4161834716797,164.6830551861262
1766,166.4161834716797,164.4632870782099
1767,166.4161834716797,164.709356334877
1768,166.4161834716797,164.7520039522718
1769,169.3703155517578,164.6957394695011
1770,169.3703155517578,163.68024917636058
1771,163.46205139160156,162.95951320359745
1772,167.40089416503906,162.74575917877326
1773,167.40089416503906,162.57355664677902
1774,167.40089416503906,163.586636634038
1775,164.44676208496094,163.59167724948813
1776,162.4773406982422,162.92256815964933
1777,162.4773406982422,163.2878716269757
1778,160.50791931152344,163.22578386077072
1779,161.4926300048828,163.5957911237431
1780,154.5996551513672,163.35115091757444
1781,154.5996551513672,163.5038062193179
1782,156.56907653808594,162.95731316672658
1783,158.5384979248047,161.71267248453648
1784,153.6149444580078,160.78329124513422
1785,143.76783752441406,159.22434511844537
1786,154.5996551513672,158.19715374424837
1787,153.6149444580078,157.0733632290032
1788,156.56907653808594,156.04649893993388
1789,152.63023376464844,154.7250633424039
1790,148.69139099121094,153.60976146499672
1791,148.69139099121094,152.7259229357565
1792,152.63023376464844,151.82719813933522
1793,148.69139099121094,151.63048758598669
1794,148.69139099121094,150.77459925968276
1795,148.69139099121094,150.4784470397715
1796,145.7372589111328,149.78953956503028
1797,151.64552307128906,148.8860525649045
1798,150.6608123779297,149.0019341530048
1799,150.6608123779297,151.04545300251442
1800,155.58436584472656,151.86430283197663
1801,150.6608123779297,152.17943377703577
1802,154.5996551513672,151.99997696417353
1803,150.6608123779297,151.40070638990508
1804,153.6149444580078,150.94132311578798
1805,169.3703155517578,151.12549929977848
1806,159.52320861816406,156.57923494780886
1807,157.5537872314453,156.57920769071487
1808,157.5537872314453,156.28743218132192
1809,157.5537872314453,156.0710147490293
1810,155.58436584472656,155.3068893765282
1811,157.5537872314453,155.34590595961845
1812,157.5537872314453,155.51919098763057
1813,157.5537872314453,155.8157209129869
1814,152.63023376464844,154.93430047736933
1815,156.56907653808594,155.02771832616352
1816,155.58436584472656,155.31163989862102
1817,157.5537872314453,155.3867643434873
1818,156.56907653808594,155.99681315148763
1819,157.5537872314453,156.08480683858076
1820,155.58436584472656,156.12721108906507
1821,155.58436584472656,155.3617618005709
1822,158.5384979248047,155.5960637803818
1823,159.52320861816406,155.2683906782235
1824,159.52320861816406,155.0254287302696
1825,158.5384979248047,155.5375466934876
1826,157.5537872314453,155.73326430984133
1827,153.6149444580078,155.82638622447234
1828,154.5996551513672,155.49138875177584
1829,159.52320861816406,155.50015774829473
1830,160.50791931152344,155.62181005257668
1831,157.5537872314453,155.68314630176204
1832,153.6149444580078,156.11110993426684
1833,153.6149444580078,155.92586682974073
1834,153.6149444580078,156.0991830087174
1835,151.64552307128906,155.75823570179318
1836,151.64552307128906,155.15718952254576
1837,151.64552307128906,154.90571557353047
1838,155.58436584472656,154.6144384795702
1839,157.5537872314453,154.43548008214066
1840,155.58436584472656,154.34737736667165
1841,155.58436584472656,154.28777778375957
1842,155.58436584472656,154.16222771503917
1843,155.58436584472656,154.33905227139752
1844,155.58436584472656,154.26478837192676
1845,153.6149444580078,154.34195709884114
1846,157.5537872314453,154.1304303679818
1847,157.5537872314453,153.99763380613456
1848,158.5384979248047,154.11175925860877
1849,157.5537872314453,154.200590127874
1850,157.5537872314453,154.5615363540349
1851,159.52320861816406,154.92549643601535
1852,159.52320861816406,155.3034588765579
1853,159.52320861816406,155.8538068610114
1854,160.50791931152344,156.2486453365952
1855,160.50791931152344,156.5008474394067
1856,160.50791931152344,156.78180967023263
1857,160.50791931152344,157.174101554465
1858,161.4926300048828,157.37398561232638
1859,163.46205139160156,158.1758581661126
1860,173.30917358398438,158.7266773089048
1861,173.30917358398438,159.87856599416784
1862,172.32444763183594,161.12155956910775
1863,174.29388427734375,162.84702707063232
1864,174.29388427734375,163.94905279633826
1865,170.3550262451172,164.137083912191
1866,170.3550262451172,164.31581062432176
1867,170.3550262451172,164.65772945195266
1868,168.38560485839844,165.3129997257932
1869,171.33973693847656,165.59486728152615
1870,175.27859497070312,166.465750903387
1871,182.17156982421875,168.03583739377058
1872,181.18685913085935,171.51692263662687
1873,184.1409912109375,173.89660517306808
1874,182.17156982421875,176.5938309073852
1875,175.27859497070312,175.35268302709449
1876,175.27859497070312,174.55675446673015
1877,182.17156982421875,174.67902979030296
1878,177.24801635742188,176.8957382679958
1879,177.24801635742188,176.4188812497053
1880,184.1409912109375,176.51763175424222
1881,182.17156982421875,177.77735729101232
1882,182.17156982421875,179.0735255624273
1883,177.24801635742188,178.74777408539427
1884,180.2021484375,179.1071160368812
1885,178.23272705078125,179.07487868244965
1886,184.1409912109375,179.00824482235666
1887,184.1409912109375,180.1153978021329
1888,185.12570190429688,181.7451841425957
1889,185.12570190429688,192.47045174347542
1890,180.2021484375,188.17804230613012
1891,181.18685913085935,184.94283649375072
1892,181.18685913085935,182.88848976365946
1893,172.32444763183594,181.7015017290975
1894,175.27859497070312,181.5956108394067
1895,175.27859497070312,180.4718962546376
1896,172.32444763183594,179.84070567638892
1897,181.18685913085935,179.9150260369829
1898,179.21743774414062,179.6737618165966
1899,179.21743774414062,179.1555810969044
1900,179.21743774414062,179.56465945715496
1901,170.3550262451172,179.48744984459958
1902,184.1409912109375,178.56380427654383
1903,185.12570190429688,180.51135868590788
1904,177.24801635742188,182.03585573968263
1905,177.24801635742188,182.6816824039284
1906,179.21743774414062,181.0422869643717
1907,175.27859497070312,185.57136269106337
1908,175.27859497070312,182.59330127671376
1909,177.24801635742188,181.68725795056014
1910,185.12570190429688,181.18854074290155
1911,183.15628051757807,186.75437508377553
1912,175.27859497070312,186.45121876418028
1913,177.24801635742188,183.79239632833895
1914,177.24801635742188,181.53206676560936
1915,173.30917358398438,181.21606262007538
1916,169.3703155517578,180.78957768491873
1917,177.24801635742188,180.37639323815432
1918,177.24801635742188,180.08902851064715
1919,176.2633056640625,179.80342770650725
1920,176.2633056640625,179.3510105668361
1921,176.2633056640625,179.37397272157494
1922,176.2633056640625,178.76033765878154
1923,180.2021484375,178.78507152462876
1924,181.18685913085935,179.92225695462747
1925,178.23272705078125,180.16262558478314
1926,171.33973693847656,178.46832657021923
1927,166.4161834716797,177.21936758556933
1928,166.4161834716797,175.84096660856642
1929,170.3550262451172,174.7882041863501
1930,172.32444763183594,174.20707515505745
1931,169.3703155517578,173.37760868749191
1932,169.3703155517578,173.61462274815335
1933,168.38560485839844,172.8013022148976
1934,169.3703155517578,171.92752934107534
1935,176.2633056640625,171.2049866123687
1936,169.3703155517578,171.1230517878792
1937,170.3550262451172,172.5739176961505
1938,163.46205139160156,171.63512691852097
1939,158.5384979248047,170.43254587926987
1940,158.5384979248047,168.35655604309466
1941,158.5384979248047,167.2679271790775
1942,162.4773406982422,166.34612341180036
1943,172.32444763183594,166.0862056044586
1944,172.32444763183594,166.65270341709243
1945,173.30917358398438,166.88056298804878
1946,176.2633056640625,167.50598090318059
1947,176.2633056640625,167.46544765750417
1948,176.2633056640625,167.45018757874863
1949,176.2633056640625,168.33326290935753
1950,176.2633056640625,169.41342065795425
1951,176.2633056640625,169.89382693926737
1952,176.2633056640625,170.31908822559805
1953,176.2633056640625,170.82509281202445
1954,176.2633056640625,171.6685519034757
1955,176.2633056640625,172.73920860788675
1956,173.30917358398438,173.8130913840633
1957,176.2633056640625,174.73545586870222
1958,177.0,175.89178161947737
1959,177.0,177.51210488099255
1960,171.0,176.67882436720578
1961,175.0,175.7036589976663
1962,176.0,174.98046209870427
1963,172.0,174.93578382780834
1964,180.0,174.48662196393195
1965,177.0,175.08026200135922
1966,177.0,174.97504377780905
1967,177.0,174.96128283922212
1968,180.0,174.97721461065066
1969,180.0,177.1418406225627
1970,181.0,177.1415018558233
1971,171.0,176.48509651871223
1972,175.0,177.44746078875977
1973,178.0,177.08282901410635
1974,178.0,177.05724823141063
1975,179.0,176.51553879881197
1976,179.0,176.99850335308818
1977,169.0,177.46984665065455
1978,179.0,177.50839596927665
1979,178.0,177.78797198218038
1980,177.0,177.4385574537063
1981,177.0,177.2601403042857
1982,170.0,177.10841174373738
1983,176.0,176.83697781419107
1984,177.0,176.8350600829364
1985,177.0,176.34602303750955
1986,177.0,175.78284474953486
1987,177.0,175.8572196243168
1988,178.0,175.9655763075447
1989,178.0,175.83874126153688
1990,172.0,176.28030618393532
1991,177.0,176.64721781980623
1992,172.0,175.99729772412599
1993,169.0,175.82951473522627
1994,169.0,175.58494461872783
1995,168.0,175.14727940770314
1996,169.0,174.5920699258456
1997,169.0,173.8747391428941
1998,175.0,173.86441649201862
1999,176.0,173.91297695187075
2000,176.0,173.79138889645318
2001,176.0,173.8010048098206
2002,176.0,173.6501737864382
2003,176.0,173.6956074682243
2004,162.0,173.51816573338095
2005,176.0,173.0479127195736
2006,176.0,173.31715439999016
2007,176.0,173.2497203494955
2008,166.0,173.33969991057825
2009,167.0,173.35239392862957
2010,167.0,173.24054249656697
2011,167.0,173.2129427419818
2012,167.0,173.1157653611543
2013,176.0,172.91847267415588
2014,168.0,173.8122658835029
2015,172.0,173.5235412216999
2016,168.0,172.51755391968032
2017,170.0,172.70734117115916
2018,168.0,171.72288892031528
2019,175.0,170.64678469097976
2020,178.0,171.66492865691228
2021,175.0,171.807746094666
2022,167.0,170.94025403406974
2023,167.0,170.02579410668363
2024,168.0,169.68414784999248
2025,170.0,169.60987616278058
2026,166.0,169.5714864928518
2027,166.0,169.76815616055936
2028,166.0,169.77971122146957
2029,173.0,169.41586795560616
2030,173.0,169.88687832723897
2031,166.0,170.39997754584007
2032,165.0,170.21104305201558
2033,165.0,169.5588956623705
2034,208.0,169.34572377119622
2035,187.0,177.06327010224388
2036,183.0,198.75955721021913
2037,181.0,190.6439964654058
2038,174.0,187.28927900408914
2039,172.0,182.25367107150913
2040,172.0,178.87855167535204
2041,172.0,175.8036107612734
2042,171.0,174.58851676895242
2043,170.0,174.583474206567
2044,170.0,174.5676027901323
2045,172.0,173.9958871909375
2046,172.0,174.0109720455175
2047,171.0,174.60757142457638
2048,171.0,175.74529226177816
2049,170.0,176.35830430528068
2050,175.0,175.41596815849908
2051,176.0,174.3931009275677
2052,176.0,173.318593185165
2053,172.0,172.5786331734082
2054,177.0,172.37402195667744
2055,175.0,172.26775433500922
2056,179.0,172.61888606040375
2057,179.0,173.24507301497272
2058,179.0,173.76236009136957
2059,180.0,174.61000119981074
2060,179.0,175.27993773714522
2061,180.0,175.13845784393158
2062,178.0,175.3489118134495
2063,174.0,175.72783019921647
2064,174.0,175.627327452924
2065,174.0,175.8545503760425
2066,173.0,175.67426027487875
2067,176.0,175.83140131551642
2068,173.0,176.1697338883543
2069,180.0,176.17087868630128
2070,180.0,176.45430379026138
2071,178.0,176.691771486844
2072,178.0,176.73667949610345
2073,175.0,176.60961665866742
2074,180.0,180.77866121878165
2075,178.0,179.80928798171192
2076,180.0,178.4388811209849
2077,190.0,177.50369801443648
2078,190.0,180.7154189199533
2079,188.0,188.27214060880604
2080,177.0,187.50338639766736
2081,179.0,185.7748923852439
2082,200.0,182.86362155927765
2083,195.0,201.46399536629565
2084,190.0,204.97279961352325
2085,190.0,199.83734067123706
2086,192.0,192.37560338398134
2087,200.0,196.42527331072895
2088,197.0,202.81486375798065
2089,200.0,202.62385285767584
2090,210.0,196.53077615188093
2091,226.0,200.65419586550087
2092,236.0,202.92201869540452
2093,236.0,209.33437855080194
2094,236.0,214.48774686403132
2095,240.0,222.5894060041835
2096,236.0,226.99470532019845
2097,240.0,225.408725997092
2098,240.0,228.85334708901533
2099,240.0,233.9655007292189
2100,238.0,237.4869731976053
2101,222.0,242.08911545856807
2102,220.0,239.93844118490077
2103,220.0,238.78624488386288
2104,220.0,238.2998186786518
2105,220.0,240.51054811808763
2106,220.0,235.21630930238854
2107,218.0,233.21037019772962
2108,218.0,229.15565941216497
2109,218.0,227.87665142834268
2110,218.0,225.9857080562299
2111,218.0,223.81211640733528
2112,218.0,223.0500489454293
2113,220.0,221.67879711478903
2114,220.0,219.83180970058183
2115,218.0,215.06422466693064
2116,214.0,219.45982435136096
2117,218.0,222.03541140994315
2118,222.0,222.15618369947674
2119,222.0,222.1937303464276
2120,212.0,223.16035256394113
2121,220.0,223.0793074888764
2122,220.0,221.38741293938816
2123,200.0,220.46630617494267
2124,210.0,222.52826444852653
2125,210.0,221.95866906185594
2126,220.0,221.65367191494974
2127,216.0,221.32736750829605
2128,200.0,221.34680765710624
2129,208.0,216.14267105941275
2130,218.0,218.7830365487623
2131,218.0,216.07005037332164
2132,218.0,216.80874877101445
2133,210.0,216.79452056795938
2134,220.0,216.18022160023418
2135,212.0,215.96571995226097
2136,204.0,215.61512947487535
2137,220.0,214.46541162245393
2138,214.0,211.30594743342579
2139,214.0,214.31221117883095
2140,218.0,216.49668230209224
2141,202.0,214.99793152051234
2142,202.0,212.20486205603723
2143,204.0,212.1171000542429
2144,204.0,213.78178813007332
2145,200.0,213.55983361383318
2146,200.0,214.44180697907137
2147,200.0,212.68656304931417
2148,212.0,211.13490722179606
2149,202.0,211.2562743000589
2150,200.0,209.1523858547324
2151,200.0,208.7126383964215
2152,210.0,208.37244844732274
2153,200.0,205.52076357572156
2154,188.0,205.64804836377996
2155,188.0,200.4190464821076
2156,188.0,198.39540778878234
2157,189.0,197.18356152788186
2158,189.0,196.56040802016875
2159,189.0,195.0196770549461
2160,188.0,193.8223215899971
2161,188.0,192.22003352011782
2162,188.0,190.97056078791988
2163,188.0,190.099111581359
2164,188.0,189.2266339062344
2165,188.0,188.56989272278688
2166,188.0,187.9372258808591
2167,185.0,187.3528649369951
2168,185.0,187.61727140363402
2169,185.0,187.468764047513
2170,185.0,187.38768684801607
2171,185.0,187.09490185267842
2172,185.0,186.80903723880752
2173,185.0,186.48243495105538
2174,216.0,186.18123140754994
2175,210.0,200.6872455786796
2176,196.0,200.57525688767953
2177,191.0,194.64340260729472
2178,191.0,190.81532141632078
2179,190.0,188.32256963979694
2180,190.0,202.30329337031128
2181,189.0,193.93151691559856
2182,191.0,191.94792084025818
2183,192.0,189.63986118557506
2184,192.0,189.57830395923497
2185,191.0,189.1637746669232
2186,192.0,188.80125775072196
2187,195.0,188.97962379309138
2188,199.0,190.00086727999593
2189,194.0,192.2107554000222
2190,194.0,192.27165845610688
2191,194.0,191.55462628435455
2192,195.0,191.4208577150668
2193,195.0,192.05773091067553
2194,195.0,192.47734535458204
2195,197.0,193.00094828904002
2196,197.0,193.67912693353216
2197,200.0,194.6101102573062
2198,200.0,195.28382762127862
2199,200.0,196.78755915004865
2200,193.0,197.67241896852877
2201,193.0,197.88380990065207
2202,194.0,198.02405543689565
2203,194.0,198.03002985118135
2204,196.0,197.60951348950454
2205,196.0,197.92912700968805
2206,196.0,198.10220760949537
2207,196.0,198.25658692243275
2208,196.0,198.3354823375771
2209,196.0,198.41026387846645
2210,196.0,198.5237538999374
2211,196.0,198.41876760505292
2212,200.0,198.3599494732904
2213,200.0,197.60680286885548
2214,200.0,197.8357145149659
2215,200.0,197.8458143634348
2216,200.0,198.3389890113904
2217,200.0,198.94530408424995
2218,210.0,198.6654754564931
2219,230.0,200.37301849832605
2220,230.0,200.00784547566371
2221,230.0,204.3064610125935
2222,232.0,207.756764235143
2223,244.0,211.91225715221333
2224,274.0,214.40905758066017
2225,272.0,220.5649340225567
2226,260.0,227.06406099581835
2227,268.0,232.04553439282833
2228,264.0,236.81024185612986
2229,280.0,239.42535364791138
2230,288.0,245.35249829184437
2231,300.0,255.84877296206557
2232,310.0,271.1893029774197
2233,306.0,293.14680795877257
2234,350.0,309.90113618152697
2235,416.0,328.0684799436975
2236,430.0,362.54915551132694
2237,412.0,390.213875433068
2238,412.0,404.5599848889244
2239,402.0,418.1543436929445
2240,402.0,419.13396365041365
2241,406.0,425.31285092043106
2242,400.0,434.4714369773719
2243,402.0,440.52914699531675
2244,406.0,448.6081340740874
2245,408.0,454.44964082262084
2246,402.0,458.90684543330576
2247,400.0,462.40889916917
2248,396.0,465.48437159658124
2249,400.0,469.9512330062745
2250,394.0,470.8577260744787
2251,394.0,466.89121145727665
2252,392.0,463.49388726420625
2253,388.0,462.97690585664895
2254,382.0,460.4500019148418
2255,400.0,459.2574183882738
2256,400.0,458.4058756215236
2257,404.0,457.7069102791055
2258,418.0,457.4584501859098
2259,430.0,459.0607311981486
2260,432.0,461.0474151128493
2261,450.0,464.0341695932417
2262,462.0,467.1789840677259
2263,486.0,470.20349351714447
2264,484.0,474.69153758272705
2265,490.0,477.9228271347828
2266,488.0,481.6913462213488
2267,476.0,485.83274235349575
2268,476.0,489.44382446526095
2269,484.0,491.98997970315577
2270,482.0,496.8011838749085
2271,482.0,498.2824122389328
2272,480.0,500.65106928086107
2273,482.0,502.1750990701677
2274,480.0,503.1361686282514
2275,482.0,503.24986964883374
2276,478.0,503.7628014310004
2277,480.0,503.68236964055006
2278,486.0,503.59533384561666
2279,478.0,502.6867225118235
2280,480.0,503.1404674613583
2281,484.0,502.55258645850097
2282,482.0,501.9391616647182
2283,486.0,502.46075341502785
2284,494.0,502.291728281417
2285,515.0,502.37440294131443
2286,510.0,506.1331406250139
2287,515.0,508.6189252936242
2288,515.0,509.9771073477034
2289,515.0,511.5988265618171
2290,515.0,512.482018708543
2291,515.0,513.1776820487196
2292,510.0,514.2546331949036
2293,515.0,514.5896306676001
2294,515.0,514.8886176252848
2295,515.0,515.9468781927429
2296,515.0,516.4745755321031
2297,515.0,516.9530543474851
2298,515.0,517.4720917187022
2299,515.0,517.8376171366509
2300,520.0,518.1460739875567
2301,520.0,514.2184357741046
2302,515.0,514.0165152219362
2303,480.0,513.4462656650102
2304,480.0,511.5210114523884
2305,448.0,509.75637161295094
2306,418.0,507.41332066387713
2307,408.0,505.1579285290277
2308,400.0,500.96370036101564
2309,398.0,500.06343748572
2310,410.0,495.7019909400407
