,y_actual,y_predict
0,1975.0,1504.8112476051492
1,1850.0,1584.2087855023692
2,1830.0,1554.48528537746
3,1840.0,1721.6066842863734
4,1830.0,1645.6656622131795
5,1800.0,1720.3517636293523
6,1800.0,1734.41417855774
7,1790.0,1806.1954626220186
8,1790.0,1773.240893669969
9,1785.0,1822.5718158215968
10,1800.0,1823.4725894244539
11,1790.0,1867.8230095565686
12,1825.0,1905.6647571368444
13,1850.0,1860.133212833754
14,1875.0,1826.0079171537795
15,1890.0,1808.4503129851391
16,1865.0,1832.0428720563673
17,1885.0,1870.521906816818
18,1910.0,1873.7023832076493
19,1925.0,1891.8634194675055
20,1945.0,1889.9748887748037
21,1990.0,1885.963504526495
22,1995.0,1896.246702502017
23,2000.0,1924.8055622071283
24,2020.0,1938.5124353024062
25,2015.0,1943.3415404072507
26,2010.0,1963.0129954673935
27,1995.0,1981.9198580690295
28,2005.0,1994.5777305989309
29,1995.0,2001.378545940885
30,1980.0,2000.3235858654666
31,1950.0,1989.6828172874589
32,1905.0,1997.0721025464823
33,1860.0,2011.2833784278196
34,1860.0,1996.5696017317127
35,1885.0,2004.5708145537128
36,1895.0,1998.0082528153298
37,1900.0,1989.456736300143
38,1915.0,1972.367904655399
39,1920.0,1960.2383997498087
40,1940.0,1946.6830503672863
41,1960.0,1932.918103748626
42,1985.0,1955.7016910312523
43,1990.0,1960.1539522245412
44,2000.0,1942.178675160657
45,2005.0,1941.6159452550432
46,2000.0,1915.8442342780286
47,2005.0,1936.6870500565265
48,2000.0,1972.7187549593273
49,1960.0,1963.9407770625658
50,1975.0,1963.5988026246569
51,1975.0,1962.1819608118294
52,1940.0,1980.5553838657152
53,1965.0,1993.1341343899599
54,1985.0,1981.5475788885697
55,2015.0,1964.0342272519388
56,2020.0,1975.6301658116922
57,2025.0,1981.0507839876695
58,2030.0,2017.3911154317643
59,2015.0,2027.9102846453097
60,2015.0,2021.2976376629617
61,2025.0,1995.0785830385826
62,2025.0,1996.6672362579234
63,2010.0,2020.7172828233956
64,2010.0,1988.9272274930577
65,1970.0,2004.4703904696107
66,1940.0,1979.551016226606
67,1925.0,2016.5475277656878
68,1970.0,2040.6914049147913
69,2000.0,1988.7060916310952
70,2000.0,1973.9379185560997
71,2000.0,1929.4425682117012
72,2010.0,1939.4843426315028
73,2015.0,1970.7597245308161
74,2010.0,1970.1230713410714
75,2010.0,1976.1288626838823
76,2015.0,1953.8233041854296
77,2020.0,1962.7114696189142
78,2020.0,1977.7839581002804
79,2040.0,1951.1260553002976
80,2050.0,1963.6977051317272
81,2070.0,1945.315659807994
82,2080.0,1962.1521632616223
83,2015.0,2000.1254004570678
84,2015.0,1987.55717417396
85,2035.0,2001.94596737568
86,2035.0,1965.5426172828493
87,2035.0,1958.9747300248546
88,2035.0,2039.3093057775245
89,2065.0,2037.3206045968923
90,2080.0,2001.770732420845
91,2105.0,2041.3378215571565
92,2140.0,1984.9475427662455
93,2145.0,2009.7782851471447
94,2100.0,2049.7299528782573
95,1920.0,2026.2582323829752
96,1875.0,2027.1431562250837
97,1905.0,1992.9187044418668
98,1930.0,1977.8700540006662
99,1975.0,2002.9290329363434
100,1980.0,1961.314027913243
101,1975.0,1943.408743392824
102,1980.0,1904.2848135670397
103,1980.0,1928.635625192475
104,1970.0,1973.146698499536
105,1985.0,1963.575598574921
106,1970.0,1992.7788461530222
107,1945.0,1873.4003501668267
108,1930.0,1910.9665655062513
109,1935.0,1936.2805353928497
110,1945.0,1898.591199111931
111,1950.0,1944.8123982047086
112,1950.0,1836.8194827536126
113,1945.0,1891.6330273452659
114,1950.0,1922.0431391057987
115,1940.0,1914.1711335334203
116,1935.0,1969.8245886466561
117,1930.0,1888.4088056147689
118,1930.0,1934.8733302345572
119,1935.0,1977.2951514787978
120,1930.0,1951.2536141748014
121,1895.0,2010.0924908042225
122,1875.0,1894.5516656885325
123,1880.0,1910.1653284008944
124,1890.0,1929.4338191437678
125,1880.0,1943.6031248586432
126,1900.0,1926.7836123485376
127,1885.0,1900.0535614376276
128,1865.0,1880.99695029644
129,1680.0,1905.2565940980498
130,1530.0,1932.8203424243293
131,1525.0,1875.3819506546433
132,1500.0,1852.7469707287946
133,1495.0,1858.3932894978298
134,1520.0,1812.0096620569016
135,1560.0,1786.3156783065979
136,1565.0,1653.1743912692036
137,1570.0,1614.2813607580028
138,1560.0,1604.6400146937508
139,1540.0,1587.527091412669
140,1520.0,1622.8999534606774
141,1495.0,1560.0389147456385
142,1490.0,1538.9189817502147
143,1480.0,1482.2708590514474
144,1460.0,1411.7322596288918
145,1475.0,1429.1336485555953
146,1510.0,1418.148876770303
147,1510.0,1380.8184424717724
148,1505.0,1438.0539573038782
149,1510.0,1433.5803306331006
150,1505.0,1431.1132202740364
151,1525.0,1457.8310351696487
152,1510.0,1463.0463672444116
153,1500.0,1465.3774232572107
154,1500.0,1451.7489113790732
155,1500.0,1454.3494767236393
156,1490.0,1431.5456651462978
157,1470.0,1452.402048319996
158,1450.0,1435.0552459693104
159,1440.0,1453.0112497241244
160,1420.0,1445.3503629649153
161,1410.0,1437.911119260013
162,1385.0,1415.7586060513477
163,1360.0,1405.8353878419446
164,1360.0,1400.099042431858
165,1635.0,1391.1749297409956
166,1475.0,1364.9244291912914
167,1365.0,1352.239802265247
168,1245.0,1466.4559043775798
169,1300.0,1452.3871495448925
170,1330.0,1479.2954151656581
171,1335.0,1496.393883464937
172,1425.0,1423.2691736796182
173,1465.0,1358.0465840120999
174,1465.0,1335.8451267422433
175,1505.0,1414.559603350247
176,1550.0,1345.3000162210503
177,1630.0,1470.776802753785
178,1650.0,1393.6221328005595
179,1630.0,1410.3744423250919
180,1620.0,1395.5623337133015
181,1625.0,1430.622765277436
182,1640.0,1418.7960542011847
183,1640.0,1460.0732057241703
184,1550.0,1491.7166824671062
185,1485.0,1499.4675958673665
186,1340.0,1496.9531898222292
187,1210.0,1512.6765328789706
188,1090.0,1514.374486048433
189,985.0,1470.3894346010923
190,940.0,1429.3814120156155
191,1145.0,1431.9767152396132
192,1035.0,1425.6638823315832
193,935.0,1205.5939484787682
194,860.0,1242.2671882976238
195,880.0,1290.34274599893
196,795.0,1068.3694460773527
197,830.0,1299.382815539428
198,815.0,874.5813953005236
199,830.0,837.9002306012935
200,800.0,924.3204804909462
201,780.0,846.1388728393059
202,765.0,822.3197889874602
203,750.0,746.3195680578713
204,675.0,722.0063520649313
205,675.0,584.6932495009319
206,650.0,618.4612360994732
207,705.0,663.3064144382315
208,675.0,706.8035785502127
209,630.0,757.7202534149644
210,580.0,574.5416758635454
211,580.0,693.3685130020102
212,580.0,608.3377323883723
213,580.0,844.0188722406333
214,580.0,631.8012744071082
215,580.0,521.3666438761074
216,580.0,603.8738770950962
217,580.0,608.1255516412325
218,580.0,647.0843428097787
219,580.0,667.5100087351374
220,580.0,614.9692009616093
221,580.0,616.0912372245151
222,580.0,713.1480792802182
223,580.0,647.6069886704595
224,580.0,610.9934628252236
225,580.0,628.0022452533071
226,580.0,624.1016349828691
227,580.0,624.1016349828691
228,580.0,624.1016349828691
229,580.0,624.1016349828691
230,600.0,624.1016349828691
231,565.0,624.1016349828691
232,520.0,647.6509242072543
233,530.0,659.4624987619908
234,525.0,660.8112024533605
235,535.0,628.2614205410662
236,525.0,628.4091878605242
237,535.0,579.3020643306646
238,550.0,585.9185865795158
239,550.0,589.1369280487751
240,545.0,576.7509264649925
241,545.0,591.6673978264312
242,545.0,581.4452214297906
243,545.0,574.1078045128168
244,560.0,585.5674351301334
245,700.0,574.6475047160629
246,635.0,564.7754416094757
247,595.0,549.4995372986635
248,620.0,562.3251478465658
249,620.0,622.2351037580861
250,695.0,494.5537561718658
251,630.0,679.060442631782
252,585.0,512.6924383254066
253,570.0,600.374765039058
254,585.0,686.523603625654
255,585.0,524.7430272722299
256,570.0,700.1120314588586
257,565.0,536.5218086719779
258,555.0,490.02612589908307
259,555.0,626.0877368027386
260,565.0,616.5663100283094
261,545.0,606.6442726260823
262,570.0,626.3407306838056
263,560.0,546.0230507760939
264,555.0,570.814152905361
265,570.0,638.1795351275081
266,560.0,617.4258901029813
267,560.0,576.5370260188115
268,560.0,562.4480944406916
269,550.0,577.9609209751719
270,550.0,475.7536050562986
271,545.0,590.5363826740614
272,545.0,488.8506184870722
273,535.0,515.9639636668574
274,530.0,573.8845606326745
275,540.0,520.8029986468105
276,535.0,550.1223536472747
277,545.0,547.6746909446491
278,550.0,489.083307091053
279,540.0,515.5270491620649
280,535.0,547.2934209874044
281,535.0,543.1876514138381
282,530.0,526.3709205367438
283,530.0,528.0275177179731
284,535.0,519.5255297239047
285,530.0,521.0050117724302
286,525.0,523.0660037118361
287,496.0,522.5400928004411
288,492.0,507.4035138302683
289,482.0,451.7873829223747
290,474.0,464.4330035872173
291,452.0,522.0658204095646
292,448.0,386.8667589341961
293,454.0,495.60586130912924
294,462.0,425.7229110145754
295,498.0,414.3863656767911
296,480.0,502.3525675491081
297,470.0,383.8591004096859
298,466.0,355.1342303104949
299,458.0,460.79647608670996
300,462.0,208.76249021128052
301,456.0,447.82184014459034
302,454.0,308.36806096902194
303,452.0,458.2917007524473
304,442.0,550.1006473999297
305,440.0,390.5187657072944
306,440.0,531.6262930695976
307,440.0,488.2965835373179
308,432.0,366.3420003046381
309,424.0,463.37377794493756
310,434.0,517.4182683704338
311,450.0,441.4529188957116
312,454.0,454.80664545297293
313,454.0,429.08888111788616
314,452.0,430.27907927689074
315,458.0,392.57195956441217
316,478.0,409.1483842939186
317,510.0,453.890247948458
318,520.0,401.8288538319493
319,650.0,470.4184804897987
320,650.0,383.1819590061093
321,590.0,378.74091944343064
322,560.0,499.2108745322183
323,530.0,423.90296223663216
324,525.0,467.5636760673366
325,520.0,529.519844016365
326,515.0,485.5376870077548
327,530.0,445.6543774373565
328,545.0,516.0087392409717
329,510.0,471.02487054261417
330,505.0,477.14502286227537
331,488.0,559.4688624620837
332,482.0,513.1633941538464
333,480.0,563.9045844300313
334,478.0,534.5138658817971
335,482.0,522.7919653109352
336,470.0,491.7048642054679
337,470.0,499.8124987600987
338,470.0,473.41249534213466
339,498.0,488.17394576587407
340,476.0,471.2285013344402
341,474.0,472.97620194984165
342,478.0,463.1126868173481
343,486.0,485.03388663643017
344,496.0,457.20407432012644
345,486.0,500.06069214487917
346,472.0,459.953960260704
347,482.0,477.2562723329689
348,474.0,507.4818750474087
349,474.0,472.0783843273641
350,474.0,486.4305756022921
351,474.0,468.9688782121143
352,474.0,453.7730330240628
353,474.0,463.9746859617542
354,476.0,485.1034689435098
355,474.0,480.50208193291036
356,474.0,480.10185169937034
357,470.0,482.8646309250117
358,470.0,482.13350474102083
359,470.0,479.84358529632925
360,470.0,476.9933446143527
361,470.0,476.7354838661257
362,466.0,478.1409272244498
363,470.0,477.48023836783517
364,468.0,475.122457677194
365,468.0,474.9580144282085
366,470.0,473.91639390768023
367,470.0,473.7865843671502
368,466.0,473.9273966134698
369,466.0,473.6164114296542
370,454.0,472.41960292980747
371,454.0,471.62168535871746
372,452.0,470.69125190044974
373,450.0,469.6528469001333
374,436.0,467.75670634105205
375,448.0,462.4767092236554
376,436.0,461.51406211727647
377,440.0,456.3946944001852
378,442.0,456.2394083504721
379,438.0,453.3544368802555
380,440.0,452.29806221369046
381,432.0,448.19872368054786
382,432.0,446.03627742259096
383,420.0,444.6710107312391
384,424.0,443.07709935377005
385,424.0,440.2452107135201
386,416.0,434.7194808866993
387,412.0,430.88248759346544
388,426.0,427.0486563275009
389,426.0,424.540340552931
390,420.0,421.50462795189594
391,418.0,421.8098269824283
392,418.0,416.71296790682
393,418.0,417.9583470078703
394,410.0,416.6464385360782
395,402.0,417.94773559304923
396,420.0,417.5886909628141
397,406.0,411.34542265470907
398,404.0,408.8079710574433
399,410.0,404.8093537914171
400,404.0,401.4159913390928
401,404.0,396.5252465146977
402,398.0,404.4012303770243
403,398.0,406.8513894169679
404,398.0,407.31924265474123
405,408.0,402.3481236935907
406,402.0,405.38769571136805
407,402.0,402.2891388089653
408,400.0,398.94855605993337
409,400.0,393.21025320439423
410,408.0,399.1548486209551
411,408.0,397.5770841872485
412,404.0,400.80059267851186
413,402.0,395.8570126766618
414,408.0,397.8343892032392
415,410.0,396.77244730821127
416,402.0,398.3536590648806
417,408.0,398.7394422414984
418,402.0,398.5712287306749
419,400.0,400.8209358464325
420,408.0,401.1597799565937
421,410.0,401.13593399154763
422,402.0,400.2183437925364
423,400.0,399.25138951367404
424,400.0,400.80441247085224
425,402.0,402.35847358735947
426,408.0,402.0101671700314
427,402.0,401.94064219450826
428,406.0,398.2262032138218
429,402.0,398.7890361428804
430,408.0,398.945901225008
431,402.0,402.3264491457672
432,404.0,399.4263391728157
433,402.0,396.631154616019
434,402.0,395.03922842108364
435,400.0,396.8096308469272
436,400.0,402.188778123906
437,400.0,398.18680863348146
438,400.0,394.6461226550001
439,400.0,397.16274766664236
440,400.0,397.2863203263178
441,402.0,395.45301020006366
442,400.0,394.65751070809785
443,400.0,396.23766845567746
444,408.0,397.76454723250106
445,400.0,396.87500318513423
446,406.0,395.98785245164044
447,402.0,397.0525363552779
448,400.0,396.7969193388069
449,400.0,396.9394879367394
450,404.0,398.5754764665555
451,404.0,398.1619562086279
452,398.0,396.457869181756
453,394.0,397.6372419541693
454,394.0,397.9749765810781
455,394.0,397.6511580441065
456,394.0,397.92991571127027
457,394.0,396.8934443817651
458,394.0,394.18675696410753
459,394.0,393.9859087959029
460,390.0,392.9827298888499
461,400.0,393.06286627919417
462,400.0,391.34552885233654
463,402.0,390.6835635946767
464,400.0,390.5845422144006
465,400.0,391.8114325695379
466,390.0,391.57296499419675
467,400.0,392.6425068495036
468,398.0,392.9884437275997
469,390.0,392.34628274599504
470,390.0,390.29548220275035
471,390.0,389.9170057658376
472,390.0,389.3084066526178
473,380.0,387.22566884146494
474,396.0,386.0719726814641
475,390.0,386.9131670336677
476,380.0,384.6524284844291
477,370.0,384.2266642863233
478,360.0,383.9560216966628
479,362.0,383.4317908599071
480,362.0,380.6159144404533
481,360.0,373.94010616152246
482,360.0,371.2668221146423
483,368.0,366.8810031184113
484,366.0,366.5836853814111
485,330.0,364.3134449006038
486,292.0,365.617563214988
487,272.0,361.00634477115307
488,298.0,356.97296105492507
489,314.0,355.15067443727145
490,316.0,335.9757606818569
491,328.0,325.4126717812775
492,324.0,313.6256326561796
493,324.0,321.2009624068685
494,328.0,320.93671519566993
495,326.0,324.62904376011227
496,328.0,325.4547687458254
497,328.0,328.19365495244347
498,320.0,330.9024900126825
499,338.0,321.22077460780406
500,338.0,310.40036484147316
501,338.0,303.7013525128066
502,338.0,307.3892906935216
503,340.0,314.5807233891217
504,340.0,319.8876829307716
505,326.0,321.75890568473613
506,326.0,327.4719519465226
507,328.0,329.6839762561008
508,324.0,326.8389759012716
509,332.0,326.16222281683343
510,332.0,322.7691060358007
511,320.0,318.8379215768789
512,320.0,320.8671505957449
513,322.0,325.81983628514496
514,330.0,326.6522974191762
515,330.0,323.2320933970243
516,328.0,324.409524573746
517,326.0,323.72210460032403
518,326.0,320.68137555001204
519,330.0,322.7397047296123
520,334.0,319.19793304251965
521,330.0,320.17622782519754
522,328.0,320.78592057190895
523,328.0,322.1095657915353
524,330.0,328.5454245424951
525,330.0,329.211922831729
526,328.0,321.7460990780514
527,326.0,325.2773306742463
528,324.0,320.28502058297505
529,324.0,319.5123922957693
530,328.0,319.134771745937
531,328.0,317.42539089897514
532,326.0,318.7755527683336
533,326.0,317.32263690004277
534,326.0,318.34109497645727
535,330.0,321.94192287209876
536,330.0,318.3142613315101
537,330.0,321.1548396030904
538,330.0,323.2227420381827
539,326.0,321.0495179429168
540,312.0,318.1159491250253
541,322.0,319.7318163835712
542,314.0,317.83071683059575
543,310.0,316.8572086756639
544,320.0,316.26870705907317
545,314.0,318.24422123876263
546,320.0,314.53493343031937
547,314.0,313.8339460616968
548,316.0,313.5446720782764
549,308.0,320.01034422920407
550,310.0,320.6944674523903
551,314.0,319.14226868277103
552,306.0,316.55154603962967
553,314.0,312.5791205032403
554,306.0,310.6620919407127
555,318.0,312.64713182661194
556,308.0,310.4625910021717
557,314.0,310.2405200043248
558,312.0,314.2217897072119
559,312.0,313.16345363275417
560,306.0,310.57889654654394
561,300.0,308.4753955488106
562,316.0,307.6016457880296
563,318.0,306.9754058910968
564,316.0,307.6059410731924
565,318.0,304.9575094511659
566,300.0,308.613431115169
567,314.0,307.7930474988282
568,314.0,306.52795129540664
569,314.0,307.74365964433593
570,310.0,303.6240373798755
571,308.0,305.24472296568894
572,302.0,306.3259936439497
573,304.0,306.5934266570586
574,300.0,307.9464731828733
575,302.0,306.9843451561589
576,320.0,307.5050731957892
577,300.0,306.64737924264637
578,314.0,304.14207096017856
579,314.0,304.9308660033477
580,312.0,303.03239751065655
581,312.0,304.8294750838397
582,312.0,305.85886949517067
583,310.0,304.48471108803903
584,310.0,306.05355210644416
585,310.0,306.4964578207995
586,310.0,304.9907305496947
587,312.0,304.310791663346
588,306.0,303.79973197777235
589,310.0,304.68948999690923
590,310.0,305.772519998613
591,308.0,302.90323781031725
592,316.0,303.52568961443126
593,314.0,304.02250036509207
594,310.0,304.5541171903566
595,306.0,301.3892052645803
596,302.0,301.11987028018154
597,302.0,303.62811076838784
598,302.0,305.49537108216526
599,316.0,306.7426680042662
600,302.0,304.3284958461021
601,312.0,303.6591287501726
602,312.0,306.2192613550694
603,312.0,307.37145971267955
604,312.0,307.8702358336732
605,312.0,305.1925297035442
606,312.0,305.4326377291228
607,312.0,305.43247923151534
608,302.0,307.4351916006492
609,314.0,307.5932612645937
610,312.0,306.03782914378166
611,300.0,306.14513202404885
612,312.0,305.163366143767
613,312.0,307.11878282682744
614,312.0,306.0084119878326
615,312.0,306.5777195441569
616,312.0,306.14010764989155
617,312.0,307.2542348821839
618,312.0,309.2292101700079
619,312.0,307.7998311964285
620,302.0,308.20244681896116
621,312.0,309.7308867972185
622,312.0,308.76008895137466
623,310.0,306.0467842586046
624,310.0,305.11052304143163
625,310.0,303.94512183311804
626,310.0,307.07201018285866
627,318.0,308.7111924394656
628,336.0,309.290517044583
629,332.0,308.59682056590464
630,336.0,305.7024323565833
631,336.0,305.46020046306444
632,344.0,307.4534822245529
633,340.0,315.3207170189463
634,318.0,319.3872901341816
635,336.0,319.7818699280148
636,334.0,323.49553227042463
637,318.0,325.2037560848519
638,318.0,321.4211155836647
639,318.0,324.1664209433859
640,322.0,326.89544859881846
641,324.0,319.88059808771703
642,316.0,321.95631445485833
643,312.0,322.376761058233
644,326.0,322.3474073013269
645,324.0,324.1947127663219
646,318.0,322.83093595248044
647,318.0,319.99376537946114
648,330.0,315.12245236174374
649,332.0,319.63559248606714
650,330.0,321.41740673964955
651,330.0,317.260172992933
652,326.0,316.74345494277213
653,312.0,319.94442507425117
654,312.0,320.9197242521476
655,320.0,322.3206687549442
656,302.0,319.2576073917376
657,306.0,316.9112563598162
658,300.0,314.1596903445993
659,300.0,313.3958428248483
660,290.0,311.8577503422951
661,294.0,307.79929230456304
662,292.0,306.2288821598438
663,294.0,304.63575930797197
664,296.0,303.8167704705769
665,296.0,303.04926165609294
666,296.0,297.9037953267092
667,296.0,297.2515618221489
668,296.0,298.5926100790771
669,296.0,297.13867982609827
670,310.0,295.5766700545757
671,308.0,294.99346225807494
672,308.0,292.61870845489227
673,308.0,289.28813482977296
674,308.0,291.9693120575059
675,288.0,299.55537209622145
676,288.0,300.69576238207395
677,288.0,298.2867255463923
678,280.0,297.40007408036206
679,278.0,297.43047392147764
680,288.0,286.22031853834187
681,288.0,284.48204357753553
682,290.0,280.7466829126611
683,290.0,282.93231737059295
684,290.0,285.2329101432336
685,298.0,286.2371668340175
686,284.0,286.9535126208054
687,284.0,281.71950952788075
688,290.0,280.4531928928816
689,290.0,282.88798558977953
690,290.0,279.7657570696989
691,292.0,279.1422274818541
692,290.0,285.3535743718117
693,290.0,279.855165570081
694,300.0,278.7292302660311
695,308.0,278.55412210928205
696,308.0,282.3431025147686
697,288.0,283.9351475829095
698,260.0,286.30871265403607
699,260.0,286.3323287975513
700,270.0,278.4592771409632
701,282.0,283.5590961593913
702,274.0,275.6606214865626
703,282.0,272.81070770590145
704,280.0,273.34687341250077
705,280.0,280.1042287104825
706,280.0,277.80655229381966
707,280.0,277.5421465850136
708,280.0,283.87691556191965
709,280.0,283.62206725884494
710,280.0,278.3909488223765
711,280.0,277.41499980428944
712,290.0,272.92436634022874
713,264.0,271.2498549669135
714,270.0,270.05470375767504
715,232.0,270.7915115855892
716,208.0,269.21422264470516
717,210.0,267.8847288633626
718,240.0,268.14672540853485
719,214.0,259.1357401790102
720,236.0,255.06346114990546
721,236.0,249.72977891163367
722,238.0,244.38712570877823
723,238.0,248.4380075608725
724,238.0,241.07645938315903
725,238.0,245.5121417267047
726,206.0,239.87797972416337
727,232.0,236.1883931683305
728,236.0,233.76166799965355
729,236.0,227.80157151708067
730,234.0,225.75785581689053
731,228.0,225.3361253828952
732,218.0,228.43229689630533
733,220.0,229.55358822045594
734,220.0,232.77530568875468
735,203.99999999999994,231.3250050309873
736,218.0,228.64786949224526
737,216.0,231.13365086947104
738,216.0,230.2982416799406
739,216.0,230.09523794427417
740,224.0,227.36876210032216
741,210.0,225.65464217489648
742,216.0,222.70623798094437
743,218.0,221.0700671788797
744,212.0,223.282709629127
745,210.0,223.591352020182
746,216.0,224.20942929032935
747,212.0,223.35246442618103
748,212.0,220.78061884809108
749,220.0,218.13898677342564
750,208.0,218.7510094349671
751,212.0,217.42739591486225
752,214.0,215.92899123322326
753,203.99999999999994,218.425233452543
754,203.99999999999994,219.00812425382878
755,210.0,215.56156207955223
756,200.0,215.4580314423432
757,200.0,214.44440754295698
758,208.0,211.22031261054593
759,208.0,212.10777241437432
760,200.0,211.81543942712955
761,200.0,210.21607176952278
762,200.0,208.61334396263737
763,200.0,210.91770897833612
764,200.0,209.59986477114376
765,200.0,207.92926828873334
766,200.0,207.86209700268137
767,187.0,207.9383343518815
768,170.0,208.59613112246456
769,177.0,206.8155056009383
770,165.0,204.64288379658086
771,165.0,200.86632960352108
772,180.0,195.81967068264333
773,186.0,192.562322952182
774,188.0,189.97326453391923
775,186.0,187.56061395278692
776,200.0,188.05585557713368
777,199.00000000000006,191.74571157889926
778,200.0,193.28767140307508
779,175.0,194.38593302485816
780,189.0,196.55389499955555
781,189.0,196.21924315111232
782,189.0,198.8187624114691
783,186.0,195.33913763627118
784,200.0,193.92340530669622
785,200.0,194.95291066635247
786,199.00000000000006,194.14878890453951
787,199.00000000000006,195.1919567579609
788,199.00000000000006,198.30177491537546
789,200.0,197.91085641627512
790,200.0,199.12399710396312
791,200.0,201.76295056906213
792,200.0,200.5685759981003
793,200.0,200.18938632195386
794,190.0,201.56295828793787
795,198.0,201.92357204448712
796,197.0,203.85290002135554
797,200.0,201.7228506743685
798,198.0,202.0710065189694
799,199.00000000000006,203.66254439476637
800,202.0,203.12137016377056
801,199.00000000000006,203.1098315379457
802,199.00000000000006,204.15246049950161
803,200.0,203.85971541847738
804,200.0,205.31168030112332
805,200.0,205.94928447651284
806,174.0,203.93801323657482
807,203.99999999999994,205.227010879205
808,203.99999999999994,205.23931029354583
809,203.99999999999994,204.55209636701358
810,203.99999999999994,203.0343549772615
811,218.0,200.94158426755484
812,230.0,202.26979421827673
813,218.0,205.2572839222346
814,203.99999999999994,205.7539203255272
815,203.99999999999994,205.2687591490165
816,208.0,213.81691551492497
817,212.0,216.26193130750568
818,210.0,212.7280686510265
819,210.0,213.5834485391
820,216.0,206.4804099591941
821,216.0,211.16338026993742
822,216.0,210.95356113714917
823,216.0,210.79484163301396
824,208.0,213.79342616949577
825,212.0,217.1054555745393
826,210.0,216.93205919195105
827,212.0,216.3662544327521
828,214.0,215.9509907011422
829,214.0,216.91582903694461
830,216.0,214.72967153690797
831,224.0,212.90881932260208
832,230.0,216.17031969037953
833,214.0,215.38103330462712
834,216.0,217.37975153405233
835,226.0,219.6962891660059
836,226.0,217.3007880260035
837,226.0,218.97128940984936
838,232.0,220.9145810259372
839,232.0,220.2676730409883
840,238.0,223.59246150343438
841,244.0,221.96702098939642
842,250.0,221.68166189688094
843,250.0,224.40753544992452
844,250.0,227.21582775886014
845,250.0,233.2500060231714
846,250.0,231.64260253686518
847,228.0,230.92075688309757
848,246.0,233.8126566799814
849,260.0,234.34879068705916
850,260.0,224.66476121711145
851,260.0,230.50542975244463
852,222.0,232.43767408529075
853,240.0,245.00239757127312
854,250.0,245.28921484177746
855,250.0,240.40325664512847
856,248.0,238.2943667287406
857,248.0,233.81002561969714
858,248.0,241.80749789816076
859,248.0,240.493774628763
860,240.0,235.7330295420269
861,250.0,238.63220437909428
862,250.0,237.9379056095075
863,252.0,245.06283270900704
864,252.0,247.61047570243406
865,248.0,244.48762904168427
866,250.0,242.49675644382955
867,260.0,239.53972998003024
868,260.0,242.22647047378587
869,252.0,246.76772807367712
870,258.0,250.18739320396352
871,260.0,254.65395088144723
872,268.0,252.701609051972
873,268.0,249.98375547786716
874,268.0,249.60401106009454
875,260.0,249.4062694449966
876,260.0,255.853619272499
877,240.0,253.05220575972822
878,256.0,253.95429489272746
879,254.0,260.84873477142276
880,254.0,255.39063191127542
881,240.0,250.04701187301433
882,230.0,249.4732663836804
883,234.0,252.86288036758774
884,234.0,249.99806781182303
885,244.0,247.339270446267
886,244.0,244.83957297910408
887,258.0,243.71243309323728
888,246.0,243.77421546063482
889,246.0,243.58571425605325
890,256.0,242.3332820114698
891,250.0,243.5092074609204
892,248.0,246.50925017539103
893,244.0,249.62184204093657
894,244.0,249.87952745118523
895,244.0,246.93258143522195
896,244.0,246.98274592799086
897,244.0,244.16684573389597
898,244.0,244.15248585065785
899,232.0,244.09873931195978
900,254.0,244.1298682420698
901,254.0,246.56903547293427
902,250.0,244.45462983980596
903,250.0,242.74382251437672
904,254.0,244.3214918495188
905,254.0,246.12695394613792
906,254.0,245.41361961389222
907,254.0,245.87155090143705
908,236.0,248.96605818996858
909,236.0,249.10632857259256
910,236.0,247.51956147478083
911,260.0,238.78891096361443
912,256.0,240.1894433726316
913,256.0,236.9344572565218
914,256.0,237.27359458725684
915,256.0,240.9061220043952
916,236.0,247.66452338658635
917,236.0,251.83226552467912
918,230.0,248.05063940817988
919,226.0,246.4195405295547
920,240.0,246.08628346005733
921,254.0,236.02043325367893
922,236.0,233.72564149347227
923,218.0,232.4961914019741
924,228.0,235.93639782219054
925,238.0,239.3845925218242
926,240.0,237.73813522503377
927,240.0,237.68031529782334
928,232.0,235.57784453453863
929,232.0,236.8393111427487
930,228.0,235.95706591020655
931,236.0,233.6965413327381
932,238.0,235.2306396755826
933,240.0,231.91163637580974
934,226.0,231.7820962812125
935,234.0,232.8278951949181
936,234.0,232.4133605523026
937,234.0,228.2692821070073
938,244.0,228.98358327465866
939,250.0,232.55470871865748
940,248.0,235.1349863694656
941,248.0,234.65082372788206
942,250.0,236.0059624221156
943,206.0,236.11667300094365
944,220.0,238.5800269667103
945,244.0,237.57735525200127
946,244.0,230.51191230459074
947,254.0,230.62125980399446
948,232.0,226.40197424394768
949,240.0,231.67866074256796
950,240.0,236.98852079043482
951,230.0,237.72394968916387
952,228.0,238.53818359833434
953,228.0,235.64005484547639
954,222.0,237.11441544005993
955,216.0,237.9574959137926
956,212.0,235.00932946625173
957,214.0,229.78157117906193
958,214.0,226.31037847658223
959,222.0,226.989619973458
960,222.0,226.87944828649535
961,222.0,225.79291548766616
962,222.0,223.19387172013182
963,222.0,224.29013627206058
964,222.0,225.92174234302973
965,232.0,226.15937780593157
966,218.0,226.38685357219362
967,224.0,225.35424165943073
968,220.0,222.79506004017878
969,220.0,223.9425351690859
970,220.0,225.3702023685044
971,216.0,226.42598663148158
972,222.0,226.25617229482248
973,222.0,227.14043044697968
974,203.99999999999994,225.1422828089414
975,210.0,224.1804876272027
976,208.0,221.99639059606335
977,212.0,221.38809262829773
978,212.0,222.42133853149056
979,212.0,223.58647029387146
980,214.0,219.85646684812997
981,210.0,218.40091991955484
982,210.0,219.8364010510224
983,202.0,217.88073077179
984,200.0,216.20712283483743
985,210.0,217.72194786861184
986,210.0,215.6849683167398
987,210.0,211.65158460051185
988,210.0,210.69527343599208
989,212.0,210.88426598315687
990,218.0,215.04118273465843
991,226.0,214.05846586873167
992,226.0,213.91898797414513
993,222.0,213.63036383091548
994,203.99999999999994,215.06375279396423
995,214.0,218.73547666943358
996,202.0,220.1380853971088
997,202.0,219.8820800614995
998,202.0,219.00432031124916
999,212.0,215.9341265557058
1000,210.0,214.69908149866342
1001,216.0,211.00145911413102
1002,214.0,209.79332695083957
1003,206.0,214.0856006591331
1004,216.0,214.29323252493805
1005,214.0,215.89307567536724
1006,214.0,216.5830474602697
1007,216.0,212.61778601573866
1008,214.0,210.54504940361807
1009,200.0,212.87610541641726
1010,185.0,215.39758045484854
1011,188.0,211.84238402040194
1012,182.0,211.62441811058898
1013,194.0,211.2123877301717
1014,192.0,208.23951150562397
1015,192.0,207.13395899389656
1016,200.0,205.29285078535418
1017,198.0,210.55680992609342
1018,200.0,208.10700750576672
1019,200.0,196.13996264784845
1020,198.0,202.20899453604557
1021,195.0,206.05982070797268
1022,190.0,204.08582810531504
1023,181.0,202.62460696239202
1024,188.0,197.71935960691212
1025,198.0,199.34278720133506
1026,199.00000000000006,197.25382043420802
1027,200.0,194.18251719541223
1028,200.0,196.63254151238942
1029,200.0,199.66165268807276
1030,197.0,203.82551163478217
1031,202.0,201.71454539973627
1032,206.0,200.61137035212118
1033,203.99999999999994,201.04305443586657
1034,202.0,203.16013867856134
1035,203.99999999999994,202.6881645029934
1036,203.99999999999994,203.8708419505228
1037,203.99999999999994,205.548380628141
1038,214.0,205.20393362755522
1039,200.0,205.3266107757484
1040,200.0,206.99422750313806
1041,200.0,205.47106549520998
1042,200.0,207.75644249753202
1043,180.0,210.57544924473365
1044,199.00000000000006,208.18175497745654
1045,199.00000000000006,207.09081594513924
1046,199.00000000000006,202.10917274285174
1047,199.00000000000006,199.8803159873587
1048,199.00000000000006,197.45485879954163
1049,199.00000000000006,201.58660613097464
1050,199.00000000000006,202.83880062914682
1051,200.0,205.9020838890039
1052,200.0,206.91539079317516
1053,203.99999999999994,205.32207774417435
1054,206.0,206.3186156014737
1055,206.0,205.10522131761377
1056,200.0,205.08693069371003
1057,206.0,205.81193044986657
1058,206.0,207.1005476982388
1059,199.00000000000006,206.8155056009383
1060,195.0,206.78935349570332
1061,195.0,207.29179091142987
1062,197.0,206.91466170418073
1063,206.0,204.35543253564657
1064,206.0,205.38230683501854
1065,175.0,204.92821118957482
1066,199.00000000000006,204.2173177204844
1067,202.0,207.3616566568091
1068,199.00000000000006,203.4811597327609
1069,198.0,203.83727215725753
1070,197.0,201.21115699836486
1071,196.0,205.22247784763096
1072,203.99999999999994,205.28961743416147
1073,203.99999999999994,203.56817491927
1074,180.0,203.09968769106666
1075,183.0,202.72639412591866
1076,200.0,203.84868398499646
1077,200.0,202.11868259930083
1078,194.0,196.60825967892276
1079,194.0,194.19953983845613
1080,194.0,196.57567257082394
1081,181.0,199.90145956819714
1082,199.00000000000006,199.87356398927983
1083,199.00000000000006,198.28773202735232
1084,199.00000000000006,195.2729807349071
1085,199.00000000000006,198.30282099958487
1086,199.00000000000006,201.30977420974182
1087,199.00000000000006,204.03133662786183
1088,199.00000000000006,200.93495906756198
1089,198.0,201.30736504610803
1090,197.0,204.1962692382104
1091,197.0,203.29958487362643
1092,197.0,205.32778365804376
1093,194.0,205.01351460192308
1094,197.0,203.96486273128272
1095,197.0,203.6137271316611
1096,197.0,203.93747434470936
1097,197.0,205.62376209026075
1098,159.99999999999994,205.36775675465145
1099,194.0,205.66354498973942
1100,193.0,203.19148950532184
1101,192.0,201.29636531214862
1102,145.0,198.6680628862726
1103,193.0,192.01461861975787
1104,196.0,194.60871726193864
1105,196.0,192.06150221205183
1106,196.0,186.9182231496514
1107,196.0,187.36112886400667
1108,152.0,197.76266115327695
1109,192.0,195.35001057214464
1110,192.0,195.69737392870815
1111,192.0,190.950687579756
1112,192.0,177.61872472522236
1113,192.0,180.0069349752805
1114,195.0,186.3024916440948
1115,195.0,186.93686246829162
1116,196.0,189.3566771412822
1117,196.0,194.49025615010459
1118,187.0,198.46632713146607
1119,194.0,201.15856749220143
1120,182.0,195.93746610452598
1121,190.0,193.93104489137698
1122,185.0,192.18005842245037
1123,194.0,194.71335738240003
1124,179.0,198.1020045309017
1125,180.0,195.86598368355038
1126,180.0,195.99858278197212
1127,180.0,195.2965017798578
1128,188.0,198.33807086748942
1129,186.0,196.71670374196384
1130,186.0,194.4008951990047
1131,185.0,193.18429926347352
1132,195.0,192.95565061491607
1133,195.0,191.82895452235027
1134,195.0,193.05661359088384
1135,195.0,195.781758054933
1136,195.0,197.86422642015316
1137,195.0,199.2765986004494
1138,195.0,198.9971990179754
1139,195.0,197.9623681387077
1140,195.0,199.87086952995259
1141,195.0,200.95068203022447
1142,195.0,201.37415593790212
1143,195.0,201.94024599279453
1144,195.0,202.08346443091767
1145,195.0,202.55845006102788
1146,195.0,203.51276415569333
1147,195.0,204.25196529748052
1148,195.0,204.3622479327684
1149,195.0,204.36205773563944
1150,195.0,204.36262832702636
1151,195.0,204.36231133181138
1152,145.0,204.361201848559
1153,184.0,204.361328646645
1154,184.0,201.04429071720494
1155,184.0,197.18075303715756
1156,190.0,194.9857513706233
1157,171.0,191.72656506791515
1158,154.0,194.33755955505382
1159,184.0,194.72432541683798
1160,184.0,193.96781633631343
1161,184.0,189.9868636286414
1162,181.0,182.90972355779854
1163,181.0,182.66325977815978
1164,181.0,187.61954336324976
1165,181.0,185.4407084526789
1166,181.0,184.00728779010865
1167,181.0,188.24459452812647
1168,169.0,189.21317340746555
1169,164.0,193.23451130552468
1170,175.0,188.2351163711989
1171,180.0,184.8593709279465
1172,180.0,182.19832289636412
1173,175.0,184.90552543124602
1174,206.0,188.19910571477834
1175,206.0,188.5457399823474
1176,206.0,188.03962542212724
1177,206.0,188.48811025226598
1178,206.0,191.79484583721955
1179,206.0,198.9688279462356
1180,206.0,202.5295717969442
1181,206.0,202.36780913874526
1182,206.0,204.0931506947809
1183,206.0,204.18704467745482
1184,206.0,207.4809102566806
1185,206.0,206.34220004546745
1186,206.0,207.6726289626941
1187,206.0,207.52043955998732
1188,206.0,211.18420685556094
1189,206.0,213.78848104414226
1190,206.0,213.67112941556053
1191,206.0,213.67112941556053
1192,206.0,213.67112941556053
1193,206.0,213.67112941556053
1194,206.0,213.67112941556053
1195,206.0,213.67112941556053
1196,206.0,213.67112941556053
1197,206.0,213.67112941556053
1198,206.0,213.67112941556053
1199,206.0,213.67112941556053
1200,198.0,213.67112941556053
1201,198.0,213.67112941556053
1202,198.0,212.50899325796115
1203,185.0,210.85399294012728
1204,198.0,210.01018337740015
1205,202.0,208.03533488766215
1206,202.0,204.27038271947026
1207,190.0,202.32631446510578
1208,188.0,202.35446364019504
1209,188.0,206.11348799786703
1210,175.0,205.45036570767246
1211,200.0,204.947230902473
1212,200.0,204.07260940485082
1213,210.0,200.39517961551206
1214,206.0,199.39455251993957
1215,208.0,199.76077709179373
1216,208.0,202.39415144110922
1217,208.0,203.9696810585503
1218,206.0,203.99107823556074
1219,192.0,207.05673895953004
1220,179.0,206.53376025387348
1221,185.0,206.05528767639862
1222,173.0,207.16860657089273
1223,165.0,206.09538757109226
1224,190.0,204.14707158084718
1225,177.0,201.95587385689248
1226,170.0,196.5707908445134
1227,189.0,191.09530079682503
1228,187.0,191.34468093244146
1229,176.0,188.89078927384162
1230,188.0,188.06124449578817
1231,175.0,192.23397930851667
1232,167.0,195.77782731426737
1233,173.0,193.2862766241292
1234,182.0,194.85657582052323
1235,170.0,191.7123636822845
1236,172.0,188.56326981773526
1237,187.0,189.47092221675717
1238,176.0,191.84841802854936
1239,188.0,189.79460603076245
1240,176.0,183.33199288365932
1241,193.0,185.29095991312738
1242,193.0,187.55021650973595
1243,187.0,191.4147368749497
1244,185.0,195.35875964007778
1245,185.0,195.40107850127623
1246,182.0,194.63131902076594
1247,179.0,192.7463069749503
1248,179.0,191.09079946477243
1249,189.0,188.06818669099596
1250,190.0,188.67101649130336
1251,190.0,190.7883860296916
1252,190.0,188.11421439620955
1253,190.0,190.39528026360802
1254,190.0,196.4505545594755
1255,190.0,196.72998584147103
1256,192.0,195.92916082989376
1257,179.0,197.0385489837223
1258,179.0,197.28250850116274
1259,199.00000000000006,195.93493014280625
1260,198.0,194.75596153929195
1261,195.0,194.00740903866313
1262,184.0,190.7409001464892
1263,182.0,193.81445405131126
1264,180.0,198.83898670618413
1265,179.0,196.37707506864558
1266,170.0,195.91264537919386
1267,171.0,194.01305155348962
1268,169.0,192.31636636488724
1269,180.0,193.54671989274806
1270,180.0,187.3590049960664
1271,175.0,185.27010162798234
1272,175.0,184.94857338143885
1273,163.0,188.72788543286885
1274,159.99999999999994,189.34035188771128
1275,159.99999999999994,187.36873674916598
1276,150.0,186.10164347589017
1277,168.0,183.47977605287804
1278,157.0,181.74720700594116
1279,151.0,179.48455856053238
1280,155.00000000000006,174.79344147276436
1281,155.00000000000006,174.5835906404546
1282,155.00000000000006,175.34365006738676
1283,147.0,176.0269332532534
1284,155.00000000000006,174.7546095589306
1285,155.00000000000006,174.41073314973175
1286,146.0,171.48093657489835
1287,155.00000000000006,167.17731443790893
1288,159.99999999999994,165.9706404526063
1289,154.0,165.08879146408287
1290,152.0,165.50164603205906
1291,142.0,165.2689715442715
1292,141.0,167.91172895195012
1293,140.0,167.62453128718778
1294,143.0,166.90130670423503
1295,142.0,165.38312152118198
1296,142.0,163.81022296402517
1297,140.0,160.6936845080533
1298,140.0,159.28042474115512
1299,138.0,160.3669892395058
1300,135.0,159.03009361989376
1301,135.0,158.46907548844086
1302,140.0,157.71925500695215
1303,144.0,156.6709835305698
1304,143.0,155.1435420872396
1305,147.0,156.28849710418768
1306,147.0,156.05518862597017
1307,147.0,159.10702835856682
1308,137.0,159.69359630434627
1309,146.0,159.6892534699012
1310,142.0,160.7993707127241
1311,144.0,158.73246681255893
1312,145.0,158.71829712644984
1313,137.0,156.76576509984562
1314,137.0,158.22860291836503
1315,138.0,158.0061990755425
1316,148.0,159.45955873713433
1317,148.0,159.42098041947253
1318,148.0,158.65413729494003
1319,148.0,159.13035920638856
1320,147.0,159.89168661418063
1321,145.0,161.4235976900419
1322,144.0,161.0788653937626
1323,148.0,160.6646477463621
1324,138.0,160.92857796234563
1325,149.0,161.65291202855076
1326,153.0,162.56493896153933
1327,154.0,160.21609951718034
1328,174.0,159.68044100292502
1329,174.0,160.9514967163879
1330,162.0,164.34588147828055
1331,196.0,167.6131194594489
1332,203.99999999999994,170.77162808188274
1333,202.0,176.46603502502904
1334,190.0,176.8798405786501
1335,202.0,184.70321908505252
1336,198.0,187.40113366013583
1337,200.0,198.6736103025346
1338,197.0,195.31399991572414
1339,190.0,198.20014624945622
1340,190.0,201.08052327027593
1341,190.0,194.014034238656
1342,190.0,194.69471806375986
1343,190.0,199.22030025027084
1344,198.0,200.88969215086433
1345,189.0,202.63738186955527
1346,189.0,203.32954092144104
1347,200.0,200.40475287100412
1348,186.0,198.81698723826526
1349,186.0,198.84348803823667
1350,183.0,197.9878545539912
1351,189.0,198.777996826824
1352,186.0,199.2772008913579
1353,185.0,200.00720917191097
1354,196.0,196.32787741128232
1355,196.0,197.98950292910905
1356,195.0,198.19282365999044
1357,194.0,198.094238148135
1358,193.0,197.8743702670322
1359,190.0,196.8218827542907
1360,177.0,197.63224932183851
1361,197.0,199.47408661937538
1362,184.0,198.33607379763515
1363,175.0,195.6592077048258
1364,169.0,195.9971563035047
1365,176.0,195.34379746593123
1366,168.0,199.29723498894396
1367,159.99999999999994,196.25423942284493
1368,159.99999999999994,193.64042367829302
1369,176.0,190.22090119585334
1370,165.0,184.66942739513678
1371,175.0,180.92257565371966
1372,174.0,184.41297826622656
1373,163.0,183.91932161795467
1374,179.0,183.92138208685196
1375,184.0,185.6894545978654
1376,175.0,182.86661220856269
1377,180.0,181.9050072239529
1378,180.0,184.06729498430235
1379,185.0,186.0835430491154
1380,173.0,181.406563947935
1381,172.0,181.73814094279305
1382,173.0,183.23163219859998
1383,174.0,188.38901754806653
1384,175.0,187.9360630853967
1385,173.0,184.41066420115726
1386,164.0,182.68234289010098
1387,172.0,180.9669232842939
1388,170.0,183.50206081649037
1389,168.0,185.8213246072927
1390,174.0,183.62045852928145
1391,171.0,183.55826406810445
1392,177.0,184.01140872790324
1393,165.0,185.41744100390014
1394,170.0,183.0957997489856
1395,169.0,180.9172501341082
1396,170.0,183.1265482848376
1397,169.0,182.29338976133346
1398,185.0,181.99718943246603
1399,173.0,183.51477232461065
1400,168.0,182.6982877494139
1401,177.0,181.62725601659673
1402,176.0,185.17763412377576
1403,175.0,184.87816874419417
1404,173.0,184.4767260039569
1405,185.0,184.67814476354846
1406,173.0,185.91198523877398
1407,175.0,184.5043362871807
1408,163.0,176.20600385018963
1409,154.0,176.76001638739166
1410,167.0,178.0108478061395
1411,167.0,181.18710816061167
1412,159.99999999999994,190.11359831558622
1413,149.0,184.34063995817053
1414,148.0,190.44121287025712
1415,145.0,186.18878546048524
1416,148.0,165.74506665763408
1417,144.0,168.36167196007767
1418,145.0,171.88513717350588
1419,144.0,171.28921786888486
1420,142.0,170.80364459859464
1421,144.0,165.1435682372296
1422,143.0,165.8629254785597
1423,145.0,165.04964255503415
1424,145.0,164.89187403654387
1425,141.0,163.57231805519064
1426,137.0,162.4416278229162
1427,168.0,161.57832305446846
1428,167.0,161.59636008220025
1429,165.0,160.61887363732052
1430,158.0,156.9184933944179
1431,162.0,163.00004659360633
1432,159.99999999999994,166.72841751399073
1433,156.0,172.2322469338974
1434,161.0,171.22810119143872
1435,156.0,172.82794434186792
1436,159.0,174.43631466357982
1437,154.0,169.12011471141352
1438,154.0,167.25304459476513
1439,153.0,169.820293742238
1440,153.0,170.4988536994016
1441,151.0,172.4374696360686
1442,162.0,171.51216060357285
1443,159.0,172.29748454913806
1444,159.0,171.45399198162596
1445,159.0,170.49311608601062
1446,163.0,172.6944576568443
1447,166.0,173.17499070321645
1448,162.0,173.29960152222094
1449,162.0,173.43033034887435
1450,159.0,173.1112746650076
1451,155.00000000000006,174.29176484555376
1452,154.0,176.12646975075376
1453,155.00000000000006,174.99676220364574
1454,152.0,175.26915619186894
1455,152.0,173.32968436812155
1456,158.0,172.1710985569298
1457,155.00000000000006,171.32836677793358
1458,154.0,169.63402735392197
1459,154.0,169.30346474375187
1460,149.0,169.9901397784186
1461,148.0,170.72918242259834
1462,199.00000000000006,170.4426504477875
1463,268.0,170.62571518443235
1464,334.0,165.79737086810405
1465,312.0,159.1863088618307
1466,292.0,160.29531662140118
1467,272.0,178.03985286830925
1468,254.0,223.94461148774394
1469,238.0,235.85204539548718
1470,296.0,282.62067937475655
1471,370.0,265.96716140896956
1472,346.0,258.1071699552382
1473,322.0,227.49806444850816
1474,300.0,184.37097640024308
1475,284.0,210.711598689563
1476,290.0,253.5910183763725
1477,276.0,294.59476152644714
1478,260.0,300.7016267935509
1479,274.0,302.10873685327863
1480,258.0,292.92288121341613
1481,254.0,269.8448212258438
1482,248.0,224.37231728154143
1483,242.0,264.9283680895147
1484,242.0,307.9180862613729
1485,256.0,263.11666118716073
1486,258.0,246.89398726779942
1487,258.0,240.30565381843937
1488,256.0,246.98063790981132
1489,242.0,249.27749013891528
1490,240.0,265.8518227000029
1491,242.0,256.8369542790949
1492,246.0,273.9987106730424
1493,250.0,264.47110249192133
1494,260.0,240.01818670774435
1495,258.0,242.3297792143444
1496,242.0,243.90068070164688
1497,232.0,246.0555032246838
1498,228.0,253.66904674853723
1499,226.0,251.29250192238993
1500,282.0,252.49139367516506
1501,286.0,247.94203684753134
1502,266.0,242.58938244564362
1503,248.0,173.00124562589173
1504,266.0,188.12549942586247
1505,290.0,196.37897703993542
1506,310.0,177.9583216990191
1507,328.0,269.16106254715476
1508,410.0,211.5131527901347
1509,382.0,309.1574741528603
1510,356.0,249.21443979065788
1511,332.0,178.68747409249175
1512,310.0,243.44680695285365
1513,290.0,228.71469208356086
1514,270.0,293.4290750224401
1515,252.0,276.0357694737182
1516,252.0,320.76300181786667
1517,254.0,339.41820191833887
