,y_actual,y_predict
0,54.22055435180664,69.85826619005027
1,51.96136474609375,65.10846947807354
2,47.44298553466797,60.374063014709535
3,45.18379592895508,57.17362977551613
4,45.18379592895508,53.006706776619666
5,45.18379592895508,50.001493951743015
6,63.25731658935547,47.566154482299616
7,66.64610290527344,47.159877075671005
8,64.38690948486328,49.7914067114529
9,45.18379592895508,57.08509425620968
10,46.31338882446289,66.72542750704966
11,44.05420303344727,62.44067760874254
12,44.05420303344727,52.91943315220342
13,42.92460250854492,47.83627302452095
14,44.05420303344727,45.0275059909927
15,41.79500961303711,45.209559688529005
16,41.79500961303711,45.222495125538586
17,40.6654167175293,45.40682916046491
18,41.79500961303711,44.88541094579966
19,41.79500961303711,44.50987751853792
20,39.53581619262695,43.8985279908613
21,39.53581619262695,43.51649438477604
22,39.53581619262695,43.266176636973384
23,46.31338882446289,43.00861212301668
24,50.83176803588867,42.59479174982571
25,45.18379592895508,43.889398526221534
26,49.70217514038086,46.733750184145634
27,51.96136474609375,49.86029562285459
28,51.96136474609375,50.96863291782047
29,40.6654167175293,51.400334869085846
30,40.6654167175293,52.39822592960984
31,39.53581619262695,50.08314382594118
32,40.6654167175293,45.89642003262603
33,38.406227111816406,42.77687790768073
34,38.406227111816406,41.816060588673835
35,38.406227111816406,42.08755057936105
36,36.14703369140625,41.39412107826324
37,32.75824737548828,41.03095503243348
38,33.887847900390625,40.18553820401297
39,35.0174446105957,38.503067136781965
40,33.887847900390625,37.31010984845513
41,33.887847900390625,37.220523426330146
42,33.887847900390625,37.43062283923979
43,32.75824737548828,37.2342906590069
44,30.499061584472656,36.86655176577759
45,29.369466781616225,36.47938942933472
46,29.369466781616225,35.443069408987085
47,29.369466781616225,33.91956869514324
48,29.369466781616225,32.77139853156913
49,29.369466781616225,32.3338415503148
50,31.628658294677734,32.320971033942655
51,28.239871978759766,32.15368678142356
52,29.369466781616225,32.949240502751636
53,29.369466781616225,32.53970489163159
54,28.239871978759766,32.57231128178496
55,28.239871978759766,32.2553606147316
56,28.239871978759766,32.15253444010904
57,28.239871978759766,31.705766843418132
58,28.239871978759766,31.32176127297069
59,28.239871978759766,31.153016306109237
60,28.239871978759766,31.18276618821534
61,30.499061584472656,31.21448803468361
62,30.499061584472656,31.19950759759473
63,30.499061584472656,32.00474260898079
64,29.369466781616225,32.77720081354019
65,29.369466781616225,33.33108746200425
66,29.369466781616225,33.0078638383584
67,28.239871978759766,32.623541779803446
68,28.239871978759766,32.35746454726265
69,28.239871978759766,31.887706929838927
70,28.239871978759766,31.49686034722143
71,28.239871978759766,31.367643933480196
72,28.239871978759766,31.300751331679734
73,28.239871978759766,31.3334794480283
74,28.239871978759766,31.266416429554553
75,28.239871978759766,31.219446348367967
76,28.239871978759766,31.202226149287455
77,27.11027717590332,31.13131658304549
78,27.11027717590332,31.14985954011381
79,28.239871978759766,30.938899928758104
80,29.369466781616225,30.595372375753428
81,29.369466781616225,30.858309072458155
82,28.239871978759766,31.47030780650917
83,28.239871978759766,32.05086872188069
84,28.239871978759766,31.844510360703424
85,28.239871978759766,31.508521716721276
86,27.11027717590332,31.250900397206806
87,27.11027717590332,31.209886784505173
88,28.239871978759766,31.01307987211102
89,28.239871978759766,30.57353469633513
90,28.239871978759766,30.500726201448103
91,28.239871978759766,30.754233175564906
92,28.239871978759766,31.12729150352432
93,28.239871978759766,31.25408150844129
94,28.239871978759766,31.213181506855165
95,28.239871978759766,31.184794958135285
96,27.11027717590332,31.303486113531818
97,27.11027717590332,31.496186795607997
98,28.239871978759766,31.032069158561725
99,28.239871978759766,30.502819892005476
100,28.239871978759766,30.524990289690663
101,28.239871978759766,30.90643149495928
102,28.239871978759766,31.17254118781881
103,28.239871978759766,31.204157538251252
104,28.239871978759766,31.205569562115528
105,28.239871978759766,31.208620832075127
106,28.239871978759766,31.219949483308113
107,28.239871978759766,31.219949483308113
108,28.239871978759766,31.219949483308113
109,28.239871978759766,31.219949483308113
110,27.11027717590332,31.219949483308113
111,27.11027717590332,31.219949483308113
112,27.11027717590332,30.811330876191874
113,27.11027717590332,30.41832568237956
114,27.11027717590332,30.15284896573506
115,27.11027717590332,30.110926464109298
116,27.11027717590332,30.118570869167655
117,27.11027717590332,30.118570869167655
118,27.11027717590332,30.11988551207577
119,27.11027717590332,30.112370948292295
120,28.239871978759766,30.109514440245007
121,27.11027717590332,30.114172495981208
122,27.11027717590332,30.509506717661623
123,27.11027717590332,30.470619255836098
124,28.239871978759766,30.3298713138699
125,29.369466781616225,30.342417227054852
126,29.369466781616225,30.596630213103808
127,30.499061584472656,31.555443107429795
128,30.499061584472656,32.08603947721288
129,31.628658294677734,32.7169788072365
130,32.75824737548828,33.17941662278906
131,41.79500961303711,33.87823047925441
132,45.18379592895508,34.0934910828404
133,41.79500961303711,36.154218186565714
134,41.79500961303711,40.309512276281055
135,41.79500961303711,44.476341951761206
136,40.6654167175293,45.313850635033766
137,40.6654167175293,44.59426623212801
138,40.6654167175293,42.59394778153901
139,40.6654167175293,42.73372191394363
140,40.6654167175293,43.14105022339078
141,40.6654167175293,43.81398103321745
142,40.6654167175293,43.26243964278084
143,40.6654167175293,43.26243964278084
144,40.6654167175293,43.26243964278084
145,40.6654167175293,43.26243964278084
146,40.6654167175293,43.26243964278084
147,40.6654167175293,43.26243964278084
148,37.276634216308594,43.26243964278084
149,37.276634216308594,43.26243964278084
150,30.499061584472656,40.700910684316774
151,30.499061584472656,40.14277579164035
152,30.499061584472656,37.25688304083542
153,29.369466781616225,35.71986666178489
154,29.369466781616225,33.635711323024026
155,29.369466781616225,33.00819655662528
156,29.369466781616225,32.62065281143745
157,35.0174446105957,32.35869803937398
158,35.0174446105957,32.31813887113441
159,39.53581619262695,33.39174768261064
160,39.53581619262695,35.4950546094158
161,38.406227111816406,38.558497188534744
162,38.406227111816406,41.40086876701698
163,38.406227111816406,40.49068143013226
164,38.406227111816406,40.6494773093063
165,33.887847900390625,40.970047301896855
166,33.887847900390625,41.5792625636177
167,33.887847900390625,39.162486338941804
168,33.887847900390625,37.777522207851405
169,33.887847900390625,36.838075951181224
170,33.887847900390625,36.77602805194958
171,33.887847900390625,36.712073108993195
172,33.887847900390625,36.7052280392833
173,31.628658294677734,36.707479973894436
174,31.628658294677734,36.70785326755971
175,31.628658294677734,35.882298096655475
176,31.628658294677734,35.11436810655739
177,31.628658294677734,34.596869475377474
178,31.628658294677734,34.51948407555105
179,31.628658294677734,34.522145821686024
180,31.628658294677734,34.512302230034436
181,31.628658294677734,34.499001614439265
182,31.628658294677734,34.49632363814494
183,31.628658294677734,34.50972163469626
184,31.628658294677734,34.51971941286176
185,31.628658294677734,34.51971941286176
186,28.239871978759766,34.52109897640733
187,31.628658294677734,34.514468956308946
188,31.628658294677734,33.26189829265441
189,31.628658294677734,33.06939237249054
190,31.628658294677734,33.518805485157046
191,29.369466781616225,34.327400139530525
192,29.369466781616225,34.66704056936858
193,29.369466781616225,33.68855672189879
194,29.369466781616225,32.91893879522732
195,29.369466781616225,32.396084211458756
196,30.499061584472656,32.31564754167272
197,30.499061584472656,32.32063831567578
198,30.499061584472656,32.73339561342871
199,29.369466781616225,33.115226342521964
200,30.499061584472656,33.37484397163766
201,33.887847900390625,33.00350604057036
202,35.0174446105957,33.164793249206085
203,35.0174446105957,34.248010315023194
204,32.75824737548828,35.98931976747248
205,32.75824737548828,37.249680907619606
206,32.75824737548828,36.989478992766976
207,32.75824737548828,36.20838634342829
208,32.75824737548828,35.694174319518694
209,32.75824737548828,35.61553919742157
210,32.75824737548828,35.61475609223247
211,30.499061584472656,35.6149021636667
212,30.499061584472656,35.61804675704262
213,29.369466781616225,35.01467435269123
214,29.369466781616225,34.085432808718366
215,29.369466781616225,33.029092886800726
216,29.369466781616225,32.47963707184182
217,28.239871978759766,32.27203710347355
218,28.239871978759766,32.19048866777139
219,28.239871978759766,31.808511867243894
220,30.499061584472656,31.44050111884532
221,30.499061584472656,31.043170587563665
222,30.499061584472656,31.79078041814357
223,30.499061584472656,32.71318906502604
224,30.499061584472656,33.3382936527599
225,29.369466781616225,33.420077425772774
226,29.369466781616225,33.42058056071292
227,29.369466781616225,33.008870108238696
228,28.239871978759766,32.61887560898758
229,28.239871978759766,32.35609309879676
230,28.239871978759766,31.90527607734566
231,28.239871978759766,31.51986659811361
232,28.239871978759766,31.256142738679955
233,28.239871978759766,31.214910018826956
234,28.239871978759766,31.219949483308113
235,28.239871978759766,31.219949483308113
236,28.239871978759766,31.219949483308113
237,28.239871978759766,31.22076099127608
238,28.239871978759766,31.216338272850606
239,28.239871978759766,31.214674681516243
240,28.239871978759766,31.214910018826956
241,28.239871978759766,31.22076099127608
242,28.239871978759766,31.216338272850606
243,28.239871978759766,31.214674681516243
244,28.239871978759766,31.215388808528076
245,28.239871978759766,31.217774641953923
246,28.239871978759766,31.21678460223299
247,28.239871978759766,31.21894321342782
248,28.239871978759766,31.210917399624506
249,28.81619644165039,31.206770593908132
250,28.81619644165039,31.20737110980444
251,28.81619644165039,31.429302308887216
252,28.81619644165039,31.626547435584072
253,28.81619644165039,31.76039755982245
254,28.81619644165039,31.781610378105412
255,29.968843460083008,31.781610378105412
256,29.968843460083008,31.781610378105412
257,28.81619644165039,32.202507100777154
258,28.81619644165039,32.59151156030734
259,28.81619644165039,32.434298121670864
260,28.81619644165039,32.05333570610334
261,27.66354751586914,31.784150398045185
262,27.66354751586914,31.755228254066424
263,27.66354751586914,31.548545289701977
264,27.66354751586914,31.111385947351934
265,27.66354751586914,30.76473408867055
266,27.66354751586914,30.63239336925261
267,27.66354751586914,30.659294858391107
268,27.66354751586914,30.653435770862302
269,27.66354751586914,30.647317000783744
270,27.66354751586914,30.64158775452981
271,27.66354751586914,30.647738984927088
272,27.66354751586914,30.653030016878304
273,27.66354751586914,30.65809382659849
274,27.66354751586914,30.659294858391107
275,27.66354751586914,30.653046247037665
276,27.66354751586914,30.85157355632394
277,27.66354751586914,30.820054586847647
278,27.66354751586914,30.74197129016875
279,27.66354751586914,30.62698061110619
280,27.66354751586914,30.65091198108189
281,27.66354751586914,30.65628416382991
282,27.66354751586914,30.655448310622887
283,27.66354751586914,30.655578151897757
284,28.81619644165039,30.65809382659849
285,28.81619644165039,30.65809382659849
286,27.66354751586914,31.07632068805559
287,27.66354751586914,31.470851516847716
288,27.66354751586914,31.320365479265774
289,27.66354751586914,30.966612925864567
290,27.66354751586914,30.7052992450958
291,27.66354751586914,30.6229636466647
292,27.66354751586914,30.610912753340216
293,27.66354751586914,30.610807257304387
294,27.66354751586914,30.655448310622887
295,27.66354751586914,30.655578151897757
296,27.66354751586914,30.65809382659849
297,27.66354751586914,30.65809382659849
298,27.66354751586914,30.66205398548223
299,27.66354751586914,30.640549024330795
300,27.66354751586914,30.628912000069988
301,27.66354751586914,30.628863309591907
302,27.66354751586914,30.65431219946771
303,27.66354751586914,30.65809382659849
304,27.66354751586914,30.65809382659849
305,27.66354751586914,30.65809382659849
306,27.66354751586914,30.66525132687606
307,27.66354751586914,30.62746751588699
308,28.81619644165039,30.614848566984918
309,28.81619644165039,30.544239258691107
310,28.81619644165039,30.813562523103826
311,28.81619644165039,31.246128730355096
312,28.81619644165039,31.666741425238044
313,27.66354751586914,31.834114943633622
314,27.66354751586914,31.781610378105412
315,27.66354751586914,31.364933496867152
316,27.66354751586914,30.966044870286993
317,27.66354751586914,30.652835254965993
318,27.66354751586914,30.595924201171655
319,27.66354751586914,30.608648646109557
320,27.66354751586914,30.66207021564159
321,27.66354751586914,30.618086483777148
322,27.66354751586914,30.605248427723737
323,27.66354751586914,30.607601800830864
324,27.66354751586914,30.65809382659849
325,27.66354751586914,30.65809382659849
326,27.66354751586914,30.65809382659849
327,27.66354751586914,30.65809382659849
328,27.66354751586914,30.65809382659849
329,27.66354751586914,30.65809382659849
330,27.66354751586914,30.65809382659849
331,27.66354751586914,30.65809382659849
332,27.66354751586914,30.65809382659849
333,27.66354751586914,30.65809382659849
334,27.66354751586914,30.65809382659849
335,27.66354751586914,30.65809382659849
336,27.66354751586914,30.65809382659849
337,27.66354751586914,30.65809382659849
338,27.66354751586914,30.65809382659849
339,27.66354751586914,30.65809382659849
340,27.66354751586914,30.65809382659849
341,27.66354751586914,30.65809382659849
342,24.205604553222656,30.65809382659849
343,27.66354751586914,30.65809382659849
344,27.66354751586914,29.403397012067856
345,27.66354751586914,29.47367360209479
346,27.66354751586914,29.833260897785763
347,27.66354751586914,30.502430368180853
348,27.66354751586914,30.637871048036473
349,27.66354751586914,30.670039223887144
350,27.66354751586914,30.603852634018807
351,27.66354751586914,30.5828994982856
352,27.66354751586914,30.568332930260382
353,27.66354751586914,30.61432108680573
354,27.66354751586914,30.605735332504523
355,27.66354751586914,30.613939678060788
356,27.66354751586914,30.633188647061232
357,27.66354751586914,30.63912077030716
358,27.66354751586914,30.65809382659849
359,27.66354751586914,30.65809382659849
360,27.66354751586914,30.65809382659849
361,27.66354751586914,30.65809382659849
362,27.66354751586914,30.65809382659849
363,27.66354751586914,30.66604660468468
364,27.66354751586914,30.621876225987606
365,27.66354751586914,30.605248427723737
366,27.66354751586914,30.608397078639484
367,27.66354751586914,30.654474501061316
368,27.66354751586914,30.652819024806632
369,27.66354751586914,30.653630532774613
370,27.66354751586914,30.655367159826085
371,34.57943344116211,30.65413366771476
372,34.57943344116211,30.65431219946771
373,34.57943344116211,32.52549538711229
374,34.57943344116211,35.206161830355285
375,27.66354751586914,36.979980292001784
376,27.66354751586914,37.47430631315606
377,27.66354751586914,34.685356304205854
378,27.66354751586914,32.44016532427935
379,27.66354751586914,30.86421685046504
380,27.66354751586914,30.62414033321828
381,27.66354751586914,30.652819024806632
382,27.66354751586914,30.653030016878304
383,27.66354751586914,30.65810194167817
384,27.66354751586914,30.660073906040367
385,27.66354751586914,30.649021167516494
386,27.66354751586914,30.64486624672044
387,27.66354751586914,30.64545053245739
388,27.66354751586914,30.65809382659849
389,27.66354751586914,30.65809382659849
390,27.66354751586914,30.860370302696822
391,27.66354751586914,30.841535202760042
392,27.66354751586914,30.724256071227785
393,27.66354751586914,30.57030489462258
394,27.66354751586914,30.58120344663253
395,27.66354751586914,30.63282346847565
396,27.66354751586914,30.65809382659849
397,27.66354751586914,30.65809382659849
398,27.66354751586914,30.65809382659849
399,27.66354751586914,30.65809382659849
400,27.66354751586914,30.65809382659849
401,27.66354751586914,30.65809382659849
402,27.66354751586914,30.658491465502806
403,27.66354751586914,30.65628416382991
404,27.66354751586914,30.655448310622887
405,27.66354751586914,30.655578151897757
406,27.66354751586914,30.65809382659849
407,27.66354751586914,30.65809382659849
408,27.66354751586914,30.65809382659849
409,27.66354751586914,30.65809382659849
410,27.66354751586914,30.66205398548223
411,27.66354751586914,30.640362377498164
412,27.66354751586914,30.629829004073798
413,27.66354751586914,30.630177952500034
414,27.66354751586914,30.655578151897757
415,27.66354751586914,30.66125870767361
416,27.66354751586914,30.643584064131034
417,27.66354751586914,30.636929698793608
418,27.66354751586914,30.637871048036473
419,27.66354751586914,30.65809382659849
420,27.66354751586914,30.65809382659849
421,27.66354751586914,30.659294858391107
422,27.66354751586914,30.652656723213042
423,27.66354751586914,30.650546802496294
424,27.66354751586914,30.6486965643293
425,27.66354751586914,30.655448310622887
426,27.66354751586914,30.655578151897757
427,27.66354751586914,30.65968438221573
428,27.66354751586914,30.65084706044445
429,27.66354751586914,30.647511762696055
430,27.66354751586914,30.64798243731748
431,27.66354751586914,30.65809382659849
432,27.66354751586914,30.65809382659849
433,27.66354751586914,30.65809382659849
434,27.66354751586914,30.658491465502806
435,28.81619644165039,30.65628416382991
436,28.81619644165039,30.655448310622887
437,28.81619644165039,31.07478693799611
438,28.81619644165039,31.46650994921903
439,28.81619644165039,31.732449225405276
440,28.81619644165039,31.77534553659261
441,28.81619644165039,31.781610378105412
442,28.81619644165039,31.781610378105412
443,28.81619644165039,31.781610378105412
444,28.81619644165039,31.781610378105412
445,28.81619644165039,31.781610378105412
446,28.81619644165039,31.781610378105412
447,28.81619644165039,31.781610378105412
448,28.81619644165039,31.781610378105412
449,29.968843460083008,31.781610378105412
450,29.968843460083008,31.781610378105412
451,29.968843460083008,32.06502953592191
452,29.968843460083008,32.48014020678197
453,31.121490478515625,32.80963678702028
454,31.121490478515625,32.94390078032234
455,31.121490478515625,33.18633878575592
456,33.42678451538086,33.61572388177272
457,33.42678451538086,33.949505224081975
458,33.42678451538086,34.50370836065355
459,33.42678451538086,35.3711089399266
460,33.42678451538086,36.11401202429222
461,33.42678451538086,36.46500950814213
462,33.42678451538086,36.26765077032975
463,33.42678451538086,36.26765077032975
464,29.968843460083008,36.26765077032975
465,29.968843460083008,36.26765077032975
466,29.968843460083008,34.98043683152221
467,29.968843460083008,33.8110781949042
468,29.968843460083008,33.0124813186962
469,29.968843460083008,32.89198861561074
470,29.968843460083008,32.90436411212242
471,29.968843460083008,32.90436411212242
472,29.968843460083008,32.90436411212242
473,29.968843460083008,32.90436411212242
474,29.968843460083008,32.90436411212242
475,29.968843460083008,32.90436411212242
476,29.968843460083008,32.90436411212242
477,29.968843460083008,32.905232425648165
478,29.968843460083008,32.900801592143
479,29.968843460083008,32.899178576207035
480,29.968843460083008,32.89941391351775
481,29.968843460083008,32.90436411212242
482,29.968843460083008,32.90436411212242
483,29.968843460083008,32.90436411212242
484,29.968843460083008,32.90436411212242
485,29.968843460083008,32.90480232642513
486,32.274139404296875,32.90259502475223
487,32.274139404296875,32.90176728662489
488,32.274139404296875,33.745167517744974
489,32.274139404296875,34.53353127847676
490,29.968843460083008,35.06401403714432
491,29.968843460083008,35.14501064742825
492,29.968843460083008,34.30487267833945
493,29.968843460083008,33.50416588141471
494,29.968843460083008,32.96767796378411
495,29.968843460083008,32.88704653208576
496,29.968843460083008,32.90436411212242
497,29.968843460083008,32.90436411212242
498,29.968843460083008,32.90436411212242
499,29.968843460083008,32.90436411212242
500,29.968843460083008,32.90436411212242
501,29.968843460083008,32.90652272331724
502,29.968843460083008,32.89546998479338
503,29.968843460083008,32.89139621479413
504,29.968843460083008,32.896735937223426
505,29.968843460083008,32.884806770094144
506,29.968843460083008,32.876139864996134
507,29.968843460083008,32.87589641260574
508,29.968843460083008,32.90254633427415
509,29.968843460083008,32.90262748507095
510,29.968843460083008,32.90436411212242
511,29.968843460083008,32.90436411212242
512,29.968843460083008,32.90436411212242
513,27.66354751586914,32.90436411212242
514,27.66354751586914,32.90436411212242
515,27.66354751586914,32.066498365343946
516,27.66354751586914,31.26846954471354
517,27.66354751586914,30.729660714294525
518,27.66354751586914,30.64545053245739
519,27.66354751586914,30.65809382659849
520,27.66354751586914,30.65809382659849
521,27.66354751586914,30.65809382659849
522,27.66354751586914,30.664050295083456
523,27.66354751586914,30.630908309671213
524,27.66354751586914,30.618427317123704
525,27.66354751586914,30.620196404493896
526,27.66354751586914,30.65809382659849
527,27.66354751586914,30.65809382659849
528,27.66354751586914,30.65809382659849
529,27.66354751586914,30.658491465502806
530,27.66354751586914,30.659051406000714
531,27.66354751586914,30.642740095844346
532,34.57943344116211,30.63704330990913
533,34.57943344116211,30.640402952896565
534,34.57943344116211,32.36575004361572
535,34.57943344116211,34.97644421231976
536,34.57943344116211,36.968923495938085
537,34.57943344116211,37.63227851174261
538,34.57943344116211,37.38720716295293
539,34.57943344116211,37.3860953970368
540,34.57943344116211,37.385705873212174
541,34.57943344116211,37.385762678769936
542,34.57943344116211,37.38694748040318
543,34.57943344116211,37.38694748040318
544,46.10591125488281,37.38694748040318
545,46.10591125488281,37.38694748040318
546,46.10591125488281,39.99532885139848
547,46.10591125488281,44.957967873216624
548,46.10591125488281,47.63064907805471
549,46.10591125488281,48.469784834803065
550,43.80061340332031,48.469987711795056
551,43.80061340332031,48.469987711795056
552,43.80061340332031,47.52232493694909
553,43.80061340332031,46.80470844086568
554,34.57943344116211,46.34997589346907
555,34.57943344116211,46.263692308773756
556,34.57943344116211,42.31509741358223
557,34.57943344116211,39.55206291158942
558,34.57943344116211,37.62197236054928
559,43.80061340332031,37.38458193467652
560,43.80061340332031,37.38694748040318
561,43.80061340332031,39.76222318759665
562,43.80061340332031,43.69141086973397
563,43.80061340332031,45.71937333925216
564,43.80061340332031,46.261379511065016
565,43.80061340332031,46.26665025531704
566,43.80061340332031,46.26665025531704
567,43.80061340332031,46.26665025531704
568,43.80061340332031,46.26665025531704
569,43.80061340332031,46.26665025531704
570,43.80061340332031,46.26665025531704
571,46.10591125488281,46.26665025531704
572,46.10591125488281,46.26665025531704
573,46.10591125488281,47.134115755227526
574,46.10591125488281,47.84093919533682
575,46.10591125488281,48.29966841947573
576,43.80061340332031,48.39829098282416
577,43.80061340332031,48.469987711795056
578,46.10591125488281,47.76031587871816
579,43.80061340332031,46.945176412582924
580,44.95326232910156,46.991720452086334
581,43.80061340332031,46.814186853931666
582,43.80061340332031,47.11786530816875
583,43.80061340332031,46.837087608788025
584,43.80061340332031,46.48877621631212
585,43.80061340332031,46.30201577256154
586,43.80061340332031,46.25011578046947
587,43.80061340332031,46.25522828066774
588,43.80061340332031,46.255759818386764
589,43.80061340332031,46.27264324166056
590,43.80061340332031,46.231195472196056
591,43.80061340332031,46.21414163224899
592,43.80061340332031,46.22245147384108
593,43.80061340332031,46.26783099941044
594,43.80061340332031,46.265400533046346
595,43.80061340332031,46.25975243758922
596,43.80061340332031,46.25834447126478
597,43.80061340332031,46.26242635634371
598,43.80061340332031,46.26665025531704
599,43.80061340332031,46.26665025531704
600,43.80061340332031,46.26665025531704
601,43.80061340332031,46.26665025531704
602,43.80061340332031,46.26665025531704
603,43.80061340332031,46.27319506707878
604,43.80061340332031,46.25242046309853
605,43.80061340332031,46.24411062150643
606,43.80061340332031,46.245579450928474
607,43.80061340332031,46.26665431285688
608,43.80061340332031,46.26665025531704
609,43.80061340332031,46.26665025531704
610,43.80061340332031,46.26665025531704
611,43.80061340332031,46.26665025531704
612,43.80061340332031,46.26665025531704
613,43.80061340332031,46.26665025531704
614,43.80061340332031,46.26665025531704
615,43.80061340332031,46.26665025531704
616,43.80061340332031,46.26665025531704
617,43.80061340332031,46.26665025531704
618,43.80061340332031,46.26665025531704
619,43.80061340332031,46.26665025531704
620,43.80061340332031,46.26665025531704
621,43.80061340332031,46.26665025531704
622,43.80061340332031,46.26665025531704
623,43.80061340332031,46.26665025531704
624,43.80061340332031,46.26665025531704
625,43.80061340332031,46.26665025531704
626,43.80061340332031,46.26665025531704
627,43.80061340332031,46.26665025531704
628,43.80061340332031,46.26665025531704
629,43.80061340332031,46.26665025531704
630,43.80061340332031,46.26665025531704
631,43.80061340332031,46.26665025531704
632,43.80061340332031,46.26665025531704
633,43.80061340332031,46.26665025531704
634,43.80061340332031,46.26665025531704
635,43.80061340332031,46.26665025531704
636,43.80061340332031,46.26665025531704
637,43.80061340332031,46.26665025531704
638,43.80061340332031,46.26665431285688
639,43.80061340332031,46.26665431285688
640,43.80061340332031,46.26665025531704
641,43.80061340332031,46.26665025531704
642,43.80061340332031,46.26665025531704
643,43.80061340332031,46.26665025531704
644,43.80061340332031,46.26665025531704
645,48.41120910644532,46.26665025531704
646,48.41120910644532,46.26665025531704
647,48.41120910644532,47.8039952950946
648,48.41120910644532,49.4581690794822
649,48.41120910644532,50.54115080798858
650,48.41120910644532,50.80187208794072
651,48.41120910644532,50.64874864946285
652,48.41120910644532,50.647247359722094
653,48.41120910644532,50.64695521685362
654,48.41120910644532,50.64800206213231
655,48.41120910644532,50.649000216932926
656,48.41120910644532,50.649000216932926
657,48.41120910644532,50.649000216932926
658,48.41120910644532,50.649000216932926
659,48.41120910644532,50.649000216932926
660,48.41120910644532,50.649000216932926
661,48.41120910644532,50.649000216932926
662,48.41120910644532,50.649000216932926
663,48.41120910644532,50.649000216932926
664,48.41120910644532,50.649000216932926
665,48.41120910644532,50.649000216932926
666,48.41120910644532,50.649000216932926
667,48.41120910644532,50.649000216932926
668,48.41120910644532,50.649000216932926
669,48.41120910644532,50.649000216932926
670,48.41120910644532,50.649000216932926
671,48.41120910644532,50.649000216932926
672,48.41120910644532,50.649000216932926
673,48.41120910644532,50.649000216932926
674,48.41120910644532,50.649000216932926
675,48.41120910644532,50.649000216932926
676,48.41120910644532,50.649000216932926
677,48.41120910644532,50.649000216932926
678,48.41120910644532,50.649000216932926
679,46.10591125488281,50.649000216932926
680,46.10591125488281,50.649000216932926
681,46.10591125488281,49.67059752025993
682,46.10591125488281,48.9635062825212
683,48.41120910644532,48.520739420112434
684,48.41120910644532,48.45970590584077
685,48.41120910644532,49.042039966122324
686,48.41120910644532,50.331968399082754
687,48.41120910644532,50.57218287268408
688,48.41120910644532,50.734760378988895
689,48.41120910644532,50.549712217050754
690,46.10591125488281,50.76894920967983
691,46.10591125488281,50.649000216932926
692,46.10591125488281,49.667006597501626
693,46.10591125488281,48.96947898116552
694,46.10591125488281,48.52958891450324
695,46.10591125488281,48.4679264815564
696,46.10591125488281,48.469987711795056
697,46.10591125488281,48.469987711795056
698,46.10591125488281,48.469987711795056
699,46.10591125488281,48.469987711795056
700,46.10591125488281,48.469987711795056
701,46.10591125488281,48.469987711795056
702,46.10591125488281,48.4699917693349
703,46.10591125488281,48.4699917693349
704,46.10591125488281,48.469987711795056
705,46.10591125488281,48.469987711795056
706,46.10591125488281,48.469987711795056
707,46.10591125488281,48.469987711795056
708,46.10591125488281,48.469987711795056
709,46.10591125488281,48.469987711795056
710,46.10591125488281,48.469987711795056
711,46.10591125488281,48.469987711795056
712,46.10591125488281,48.469987711795056
713,46.10591125488281,48.469987711795056
714,46.10591125488281,48.469987711795056
715,46.10591125488281,48.469987711795056
716,46.10591125488281,48.469987711795056
717,46.10591125488281,48.469987711795056
718,46.10591125488281,48.469987711795056
719,46.10591125488281,48.469987711795056
720,46.10591125488281,48.469987711795056
721,46.10591125488281,48.469987711795056
722,46.10591125488281,48.469987711795056
723,46.10591125488281,48.469987711795056
724,46.10591125488281,48.469987711795056
725,46.10591125488281,48.469987711795056
726,46.10591125488281,48.469987711795056
727,46.10591125488281,48.469987711795056
728,46.10591125488281,48.469987711795056
729,46.10591125488281,48.469987711795056
730,46.10591125488281,48.469987711795056
731,46.10591125488281,48.469987711795056
732,46.10591125488281,48.469987711795056
733,46.10591125488281,48.469987711795056
734,46.10591125488281,48.4699917693349
735,46.10591125488281,48.4699917693349
736,46.10591125488281,48.469987711795056
737,46.10591125488281,48.469987711795056
738,46.10591125488281,48.469987711795056
739,46.10591125488281,48.469987711795056
740,46.10591125488281,48.469987711795056
741,46.10591125488281,48.469987711795056
742,46.10591125488281,48.469987711795056
743,46.10591125488281,48.469987711795056
744,46.10591125488281,48.469987711795056
745,46.10591125488281,48.469987711795056
746,46.10591125488281,48.469987711795056
747,46.10591125488281,48.469987711795056
748,46.10591125488281,48.469987711795056
749,46.10591125488281,48.469987711795056
750,46.10591125488281,48.469987711795056
751,46.10591125488281,48.469987711795056
752,46.10591125488281,48.469987711795056
753,46.10591125488281,48.469987711795056
754,46.10591125488281,48.469987711795056
755,46.10591125488281,48.469987711795056
756,46.10591125488281,48.469987711795056
757,46.10591125488281,48.469987711795056
758,46.10591125488281,48.469987711795056
759,46.10591125488281,48.469987711795056
760,46.10591125488281,48.469987711795056
761,46.10591125488281,48.469987711795056
762,46.10591125488281,48.469987711795056
763,46.10591125488281,48.469987711795056
764,46.10591125488281,48.469987711795056
765,46.10591125488281,48.469987711795056
766,46.10591125488281,48.4699917693349
767,46.10591125488281,48.4699917693349
768,46.10591125488281,48.469987711795056
769,46.10591125488281,48.469987711795056
770,46.10591125488281,48.469987711795056
771,46.10591125488281,48.469987711795056
772,46.10591125488281,48.469987711795056
773,46.10591125488281,48.469987711795056
774,46.10591125488281,48.469987711795056
775,46.10591125488281,48.469987711795056
776,48.41120910644532,48.469987711795056
777,48.41120910644532,48.469987711795056
778,48.41120910644532,49.344829819134475
779,49.59197235107422,50.048800808736324
780,49.59197235107422,50.50324121326447
781,49.59197235107422,51.03569999383406
782,49.59197235107422,51.49916030942627
783,49.59197235107422,51.72624458410571
784,49.59197235107422,51.757507928572075
785,49.59197235107422,51.757507928572075
786,49.59197235107422,51.759459605235065
787,49.59197235107422,51.75480154949887
788,49.59197235107422,51.75295942641156
789,49.59197235107422,51.75317041848323
790,49.59197235107422,51.757114347207605
791,49.59197235107422,51.757507928572075
792,49.59197235107422,51.757507928572075
793,64.94186401367188,51.757507928572075
794,64.94186401367188,51.757507928572075
795,64.94186401367188,54.54102894921651
796,64.94186401367188,61.76855830688384
797,64.94186401367188,65.1542750453261
798,64.94186401367188,66.66104652241007
799,64.94186401367188,66.53444722186558
800,64.94186401367188,66.53444722186558
801,64.94186401367188,66.53444722186558
802,64.94186401367188,66.53444722186558
803,64.94186401367188,66.53444722186558
804,64.94186401367188,66.53444722186558
805,64.94186401367188,66.53444722186558
806,64.94186401367188,66.53444722186558
807,64.94186401367188,66.53444722186558
808,64.94186401367188,66.53444722186558
809,64.94186401367188,66.53444722186558
810,64.94186401367188,66.53444722186558
811,64.94186401367188,66.53444722186558
812,64.94186401367188,66.53444722186558
813,64.94186401367188,66.53444722186558
814,64.94186401367188,66.53444722186558
815,64.94186401367188,66.53444722186558
816,47.230445861816406,66.53444722186558
817,47.230445861816406,66.53444722186558
818,47.230445861816406,57.54579544471077
819,47.230445861816406,52.7672510629684
820,47.230445861816406,49.575066802269504
821,47.230445861816406,49.51704398255904
822,47.230445861816406,49.53708011428843
823,47.230445861816406,49.53708011428843
824,47.230445861816406,49.53708011428843
825,47.230445861816406,49.53708011428843
826,47.230445861816406,49.53708011428843
827,47.230445861816406,49.53708011428843
828,47.230445861816406,49.53708011428843
829,47.230445861816406,49.53708011428843
830,44.86892318725586,49.53708011428843
831,44.86892318725586,49.53708011428843
832,44.86892318725586,48.54723515526694
833,43.68816375732422,47.81625312295092
834,43.68816375732422,47.36105395847272
835,43.68816375732422,46.821141477217246
836,43.68816375732422,46.454453486806464
837,43.68816375732422,46.205219102141065
838,43.68816375732422,46.15693843558618
839,43.68816375732422,46.159052413842765
840,43.68816375732422,46.159052413842765
841,43.68816375732422,46.159052413842765
842,43.68816375732422,46.159052413842765
843,43.68816375732422,46.159052413842765
844,44.86892318725586,46.159052413842765
845,44.86892318725586,46.159052413842765
846,44.86892318725586,46.59677981177038
847,44.86892318725586,46.97644381458914
848,44.86892318725586,47.21879661168609
849,44.86892318725586,47.268533935043486
850,44.86892318725586,47.288330671922324
851,44.86892318725586,47.288330671922324
852,44.86892318725586,47.288330671922324
853,44.86892318725586,49.22021871311153
854,44.86892318725586,48.86039202257001
855,44.86892318725586,48.07278296424845
856,44.86892318725586,47.05816672450442
857,44.86892318725586,47.288330671922324
858,44.86892318725586,47.288330671922324
859,44.86892318725586,47.288330671922324
860,44.86892318725586,47.288330671922324
861,44.86892318725586,47.288330671922324
862,44.86892318725586,47.288318499302804
863,44.86892318725586,47.288318499302804
864,44.86892318725586,47.288330671922324
865,44.86892318725586,47.288330671922324
866,44.86892318725586,47.288330671922324
867,44.86892318725586,47.288330671922324
868,44.86892318725586,47.288330671922324
869,44.86892318725586,47.288330671922324
870,44.86892318725586,47.288330671922324
871,44.86892318725586,47.288330671922324
872,44.86892318725586,47.288330671922324
873,44.86892318725586,47.288330671922324
874,44.86892318725586,47.288330671922324
875,44.86892318725586,47.29036349938211
876,44.86892318725586,47.284114888028675
877,44.86892318725586,47.281639788726345
878,44.86892318725586,47.28207394548921
879,44.86892318725586,47.288330671922324
880,44.86892318725586,47.288330671922324
881,44.86892318725586,47.288330671922324
882,44.86892318725586,47.288330671922324
883,44.86892318725586,47.288330671922324
884,47.230445861816406,47.288330671922324
885,47.230445861816406,47.288330671922324
886,47.230445861816406,48.155114505139714
887,47.230445861816406,48.95153653999352
888,47.230445861816406,49.44784669812951
889,47.230445861816406,49.53587908249582
890,47.230445861816406,49.53708011428843
891,47.230445861816406,49.53708011428843
892,47.230445861816406,49.53708011428843
893,47.230445861816406,49.53708011428843
894,47.230445861816406,49.537980888132886
895,47.230445861816406,49.535664032884306
896,47.230445861816406,49.53493367571312
897,47.230445861816406,49.53506757452784
898,47.230445861816406,49.53708011428843
899,44.86892318725586,49.53744123533418
900,44.86892318725586,49.53652017379052
901,44.86892318725586,48.54896366723873
902,44.86892318725586,47.81091340052162
903,44.86892318725586,47.354326557418176
904,44.86892318725586,47.27846679257154
905,44.86892318725586,47.278503310430104
906,44.86892318725586,47.27407653446478
907,44.86892318725586,47.27093599862871
908,44.86892318725586,47.28387143563828
909,44.86892318725586,47.284155463427076
910,44.86892318725586,47.288330671922324
911,44.86892318725586,47.288330671922324
912,44.86892318725586,47.288330671922324
913,44.86892318725586,47.288330671922324
914,47.230445861816406,47.288330671922324
915,47.230445861816406,47.288330671922324
916,47.230445861816406,48.15582863215153
917,47.230445861816406,48.95015291890812
918,47.230445861816406,49.44565562661597
919,47.230445861816406,49.53387465781491
920,47.230445861816406,49.53708011428843
921,47.230445861816406,49.53708011428843
922,47.230445861816406,49.53708011428843
923,47.230445861816406,49.53708011428843
924,47.230445861816406,49.53708011428843
925,47.230445861816406,49.53708011428843
926,47.230445861816406,49.53708011428843
927,47.230445861816406,49.53708011428843
928,51.953495025634766,49.53708011428843
929,51.953495025634766,49.53708011428843
930,51.953495025634766,51.26791299887111
931,56.676536560058594,52.882408101164394
932,56.676536560058594,53.821704228860504
933,56.676536560058594,55.86684226452095
934,56.676536560058594,57.54909016706076
935,56.676536560058594,58.37527831418002
936,56.676536560058594,58.56686317280023
937,56.676536560058594,58.58693987992802
938,56.676536560058594,58.58693987992802
939,56.676536560058594,58.58693987992802
940,56.676536560058594,58.58693987992802
941,56.676536560058594,58.58693987992802
942,56.676536560058594,58.58693987992802
943,56.676536560058594,58.58693987992802
944,56.676536560058594,58.58693987992802
945,56.676536560058594,58.58693987992802
946,56.676536560058594,58.58693987992802
947,56.676536560058594,58.58693987992802
948,56.676536560058594,58.58693987992802
949,56.676536560058594,58.58693987992802
950,56.676536560058594,58.58693987992802
951,56.676536560058594,58.58693987992802
952,56.676536560058594,58.58693987992802
953,56.676536560058594,58.58693987992802
954,56.676536560058594,58.58693987992802
955,56.676536560058594,58.58693987992802
956,56.676536560058594,58.58693987992802
957,56.676536560058594,58.58693987992802
958,56.676536560058594,58.58694393746786
959,56.676536560058594,58.58801918552543
960,56.676536560058594,58.584996318344714
961,56.676536560058594,58.584598679440404
962,56.676536560058594,58.58493951278695
963,56.676536560058594,58.58693987992802
964,56.676536560058594,58.58693987992802
965,56.676536560058594,58.595554037008114
966,56.676536560058594,58.57139950234123
967,56.676536560058594,58.56818998832788
968,56.676536560058594,58.57087607970188
969,56.676536560058594,58.58693987992802
970,56.676536560058594,58.58693987992802
971,47.230445861816406,58.58693987992802
972,47.230445861816406,58.58693987992802
973,47.230445861816406,54.05219683700545
974,47.230445861816406,51.381670185822344
975,47.230445861816406,49.626832895546855
976,47.230445861816406,49.53506757452784
977,47.230445861816406,49.53708011428843
978,47.230445861816406,49.53708011428843
979,47.230445861816406,49.53708011428843
980,47.230445861816406,49.53708011428843
981,47.230445861816406,49.53708011428843
982,47.230445861816406,49.53708011428843
983,47.230445861816406,49.53708011428843
984,47.230445861816406,49.53708011428843
985,47.230445861816406,49.53708011428843
986,47.230445861816406,49.53708011428843
987,47.230445861816406,49.53708011428843
988,47.230445861816406,49.53708011428843
989,47.230445861816406,49.53708011428843
990,47.230445861816406,49.53708011428843
991,47.230445861816406,49.53708011428843
992,47.230445861816406,49.53708011428843
993,47.230445861816406,49.53708011428843
994,47.230445861816406,49.53708011428843
995,47.230445861816406,49.53708011428843
996,47.230445861816406,49.53708011428843
997,47.230445861816406,49.53708011428843
998,47.230445861816406,49.53708011428843
999,47.230445861816406,49.53708011428843
1000,47.230445861816406,49.53708011428843
1001,47.230445861816406,49.53708011428843
1002,47.230445861816406,49.53708011428843
1003,47.230445861816406,49.53708011428843
1004,47.230445861816406,49.53708011428843
1005,47.230445861816406,49.53708011428843
1006,47.230445861816406,49.53708011428843
1007,47.230445861816406,49.53708011428843
1008,47.230445861816406,49.53708011428843
1009,47.230445861816406,49.53708011428843
1010,47.230445861816406,49.53708011428843
1011,47.230445861816406,49.53708011428843
1012,47.230445861816406,49.53708011428843
1013,47.230445861816406,49.53708011428843
1014,47.230445861816406,49.53708011428843
1015,47.230445861816406,49.53708011428843
1016,47.230445861816406,49.53708011428843
1017,47.230445861816406,49.53708011428843
1018,47.230445861816406,49.53708011428843
1019,47.230445861816406,49.53708011428843
1020,47.230445861816406,49.53708011428843
1021,47.230445861816406,49.53708011428843
1022,47.230445861816406,49.53708011428843
1023,47.230445861816406,49.53708011428843
1024,47.230445861816406,49.53708011428843
1025,47.230445861816406,49.53708011428843
1026,47.230445861816406,49.53708011428843
1027,47.230445861816406,49.53708011428843
1028,47.230445861816406,49.53708011428843
1029,47.230445861816406,49.53708011428843
1030,47.230445861816406,49.53708011428843
1031,47.230445861816406,49.53708011428843
1032,47.230445861816406,49.53708011428843
1033,47.230445861816406,49.53708011428843
1034,47.230445861816406,49.53708011428843
1035,47.230445861816406,49.53708011428843
1036,47.230445861816406,49.53708011428843
1037,47.230445861816406,49.53708011428843
1038,47.230445861816406,49.53708011428843
1039,47.230445861816406,49.53708011428843
1040,47.230445861816406,49.53708011428843
1041,47.230445861816406,49.53708011428843
1042,47.230445861816406,49.53708011428843
1043,47.230445861816406,49.53708011428843
1044,47.230445861816406,49.53708011428843
1045,47.230445861816406,49.53708011428843
1046,47.230445861816406,49.53708011428843
1047,47.230445861816406,49.53708011428843
1048,47.230445861816406,49.53708011428843
1049,47.230445861816406,49.53708011428843
1050,47.230445861816406,49.53708011428843
1051,47.230445861816406,49.53708011428843
1052,47.230445861816406,49.53708011428843
1053,47.230445861816406,49.53708011428843
1054,47.230445861816406,49.53708011428843
1055,47.230445861816406,49.53708011428843
1056,47.230445861816406,49.53708011428843
1057,47.230445861816406,49.53708011428843
1058,47.230445861816406,49.53708011428843
1059,47.230445861816406,49.53708011428843
1060,47.230445861816406,49.53708011428843
1061,47.230445861816406,49.53708011428843
1062,47.230445861816406,49.53708011428843
1063,47.230445861816406,49.53708011428843
1064,47.230445861816406,49.53708011428843
1065,47.230445861816406,49.53708011428843
1066,47.230445861816406,49.53708011428843
1067,47.230445861816406,49.53708011428843
1068,47.230445861816406,49.53708011428843
1069,47.230445861816406,49.53708011428843
1070,47.230445861816406,49.53708011428843
1071,47.230445861816406,49.53708011428843
1072,47.230445861816406,49.53708011428843
1073,47.230445861816406,49.53708011428843
1074,47.230445861816406,49.53708011428843
1075,47.230445861816406,49.53708011428843
1076,47.230445861816406,49.53708011428843
1077,47.230445861816406,49.53708011428843
1078,47.230445861816406,49.53708011428843
1079,47.230445861816406,49.53708011428843
1080,47.230445861816406,49.53708011428843
1081,47.230445861816406,49.53708011428843
1082,47.230445861816406,49.53708011428843
1083,47.230445861816406,49.53708011428843
1084,47.230445861816406,49.53708011428843
1085,47.230445861816406,49.53708011428843
1086,47.230445861816406,49.53708011428843
1087,47.230445861816406,49.53708011428843
1088,47.230445861816406,49.53708011428843
1089,47.230445861816406,49.53708011428843
1090,47.230445861816406,49.53708011428843
1091,47.230445861816406,49.53708011428843
1092,47.230445861816406,49.53708011428843
1093,47.230445861816406,49.53708011428843
1094,47.230445861816406,49.53708011428843
1095,47.230445861816406,49.53708011428843
1096,47.230445861816406,49.53708011428843
1097,47.230445861816406,49.53708011428843
1098,47.230445861816406,49.53708011428843
1099,47.230445861816406,49.53708011428843
1100,47.230445861816406,49.53708011428843
1101,47.230445861816406,49.53708011428843
1102,47.230445861816406,49.53708011428843
1103,47.230445861816406,49.53708011428843
1104,47.230445861816406,49.53708011428843
1105,47.230445861816406,49.53708417182827
1106,47.230445861816406,49.53708011428843
1107,47.230445861816406,49.53708011428843
1108,47.230445861816406,49.53708011428843
1109,47.230445861816406,49.53708011428843
1110,47.230445861816406,49.53708011428843
1111,47.230445861816406,49.53708011428843
1112,47.230445861816406,49.53708011428843
1113,47.230445861816406,49.53708011428843
1114,47.230445861816406,49.53708011428843
1115,47.230445861816406,49.53708011428843
1116,47.230445861816406,49.53708011428843
1117,47.230445861816406,49.53708011428843
1118,47.230445861816406,49.53708011428843
1119,47.230445861816406,49.53708011428843
1120,47.230445861816406,49.53708011428843
1121,47.230445861816406,49.53708011428843
1122,47.230445861816406,49.53708011428843
1123,47.230445861816406,49.53708011428843
1124,47.230445861816406,49.53708011428843
1125,47.230445861816406,49.53708011428843
1126,47.230445861816406,49.53708011428843
1127,47.230445861816406,49.53708011428843
1128,47.230445861816406,49.53708011428843
1129,47.230445861816406,49.53708011428843
1130,47.230445861816406,49.53708011428843
1131,47.230445861816406,49.53708011428843
1132,47.230445861816406,49.53708011428843
1133,47.230445861816406,49.53708011428843
1134,47.230445861816406,49.53708011428843
1135,47.230445861816406,49.53708011428843
1136,47.230445861816406,49.53708011428843
1137,47.230445861816406,49.53708011428843
1138,47.230445861816406,49.53708011428843
1139,47.230445861816406,49.53708011428843
1140,47.230445861816406,49.53708011428843
1141,47.230445861816406,49.53708011428843
1142,47.230445861816406,49.53708011428843
1143,47.230445861816406,49.53708011428843
1144,47.230445861816406,49.53708011428843
1145,47.230445861816406,49.53708011428843
1146,47.230445861816406,49.53708011428843
1147,47.230445861816406,49.53708011428843
1148,47.230445861816406,49.53708011428843
1149,47.230445861816406,49.53708011428843
1150,47.230445861816406,49.53708011428843
1151,47.230445861816406,49.53708011428843
1152,47.230445861816406,49.53708011428843
1153,47.230445861816406,49.53708011428843
1154,47.230445861816406,49.53708011428843
1155,47.230445861816406,49.53708011428843
1156,47.230445861816406,49.53708011428843
1157,47.230445861816406,49.53708011428843
1158,47.230445861816406,49.53708011428843
1159,47.230445861816406,49.53708011428843
1160,47.230445861816406,49.53708011428843
1161,47.230445861816406,49.53708011428843
1162,47.230445861816406,49.53708011428843
1163,47.230445861816406,49.53708011428843
1164,47.230445861816406,49.53708011428843
1165,47.230445861816406,49.53708011428843
1166,47.230445861816406,49.53708011428843
1167,47.230445861816406,49.53708011428843
1168,41.32664108276367,49.53708011428843
1169,41.32664108276367,49.53708011428843
1170,41.32664108276367,46.15795282054615
1171,41.32664108276367,44.866823355793116
1172,41.32664108276367,43.96613471967358
1173,41.32664108276367,44.21790100919908
1174,41.32664108276367,43.896742673331744
1175,41.32664108276367,43.896742673331744
1176,41.32664108276367,43.896742673331744
1177,41.32664108276367,43.896742673331744
1178,41.32664108276367,43.896742673331744
1179,41.32664108276367,43.896742673331744
1180,41.32664108276367,43.896742673331744
1181,41.32664108276367,43.896742673331744
1182,41.32664108276367,43.896742673331744
1183,41.32664108276367,43.896742673331744
1184,41.32664108276367,43.896742673331744
1185,41.32664108276367,43.896742673331744
1186,41.32664108276367,43.896742673331744
1187,41.32664108276367,43.896742673331744
1188,41.32664108276367,43.896742673331744
1189,41.32664108276367,43.896742673331744
1190,41.32664108276367,43.896742673331744
1191,41.32664108276367,43.896742673331744
1192,41.32664108276367,43.896742673331744
1193,41.32664108276367,43.896742673331744
1194,41.32664108276367,43.896742673331744
1195,41.32664108276367,43.896742673331744
1196,41.32664108276367,43.896742673331744
1197,41.32664108276367,43.896742673331744
1198,41.32664108276367,43.896742673331744
1199,41.32664108276367,43.896742673331744
1200,41.32664108276367,43.896742673331744
1201,41.32664108276367,43.896742673331744
1202,41.32664108276367,43.896742673331744
1203,41.32664108276367,43.896742673331744
1204,41.32664108276367,43.896742673331744
1205,41.32664108276367,43.896742673331744
1206,41.32664108276367,43.896742673331744
1207,41.32664108276367,43.896742673331744
1208,41.32664108276367,43.896742673331744
1209,41.32664108276367,43.896742673331744
1210,41.32664108276367,43.896742673331744
1211,41.32664108276367,43.896742673331744
1212,41.32664108276367,43.896742673331744
1213,41.32664108276367,43.896742673331744
1214,41.32664108276367,43.896742673331744
1215,41.32664108276367,43.896742673331744
1216,41.32664108276367,43.896742673331744
1217,41.32664108276367,43.896742673331744
1218,41.32664108276367,43.896742673331744
1219,41.32664108276367,43.896742673331744
1220,41.32664108276367,43.896742673331744
1221,41.32664108276367,43.896742673331744
1222,41.32664108276367,43.896742673331744
1223,41.32664108276367,43.896742673331744
1224,41.32664108276367,43.896742673331744
1225,41.32664108276367,43.896742673331744
1226,41.32664108276367,43.896742673331744
1227,41.32664108276367,43.896742673331744
1228,41.32664108276367,43.896742673331744
1229,41.32664108276367,43.896742673331744
1230,41.32664108276367,43.896742673331744
1231,41.32664108276367,43.896742673331744
1232,41.32664108276367,43.896742673331744
1233,41.32664108276367,43.896742673331744
1234,41.32664108276367,43.896742673331744
1235,41.32664108276367,43.896742673331744
1236,37.78436279296875,43.896742673331744
1237,37.78436279296875,43.896742673331744
1238,46.049686431884766,42.41442193132296
1239,46.049686431884766,41.332807593742615
1240,46.049686431884766,43.31500507140665
1241,46.049686431884766,46.698571313733765
1242,46.049686431884766,48.19476884199498
1243,46.049686431884766,48.35961045553046
1244,46.049686431884766,48.41630645971328
1245,46.049686431884766,48.41630645971328
1246,46.049686431884766,48.41631051725312
1247,46.049686431884766,48.41631051725312
1248,46.049686431884766,48.41630645971328
1249,46.049686431884766,48.41630645971328
1250,46.049686431884766,48.41630645971328
1251,46.049686431884766,48.41630645971328
1252,46.049686431884766,48.41630645971328
1253,46.049686431884766,48.41630645971328
1254,46.049686431884766,48.41630645971328
1255,46.049686431884766,48.41630645971328
1256,46.049686431884766,48.41630645971328
1257,46.049686431884766,48.41630645971328
1258,46.049686431884766,48.41630645971328
1259,46.049686431884766,48.41630645971328
1260,46.049686431884766,48.41631457479296
1261,46.049686431884766,48.41630645971328
1262,46.049686431884766,48.41630645971328
1263,46.049686431884766,48.41630645971328
1264,46.049686431884766,48.41630645971328
1265,46.049686431884766,48.41631457479296
1266,46.049686431884766,48.41630645971328
1267,46.049686431884766,48.41630645971328
1268,46.049686431884766,48.41630645971328
1269,46.049686431884766,48.41630645971328
1270,46.049686431884766,48.41630645971328
1271,46.049686431884766,48.41630645971328
1272,46.049686431884766,48.41630645971328
1273,46.049686431884766,48.41630645971328
1274,46.049686431884766,48.41630645971328
1275,46.049686431884766,48.41630645971328
1276,46.049686431884766,48.41630645971328
1277,46.049686431884766,48.41630645971328
1278,46.049686431884766,48.41630240217344
1279,46.049686431884766,48.41630645971328
1280,46.049686431884766,48.41630645971328
1281,46.049686431884766,48.41630645971328
1282,46.049686431884766,48.41630645971328
1283,40.1458854675293,48.41630645971328
1284,40.1458854675293,48.41630645971328
1285,40.1458854675293,45.87713454576702
1286,40.1458854675293,44.11752558863982
1287,40.1458854675293,42.90908472828395
1288,40.1458854675293,42.760501676886925
1289,40.1458854675293,42.76380045677676
1290,40.1458854675293,42.76380045677676
1291,40.1458854675293,42.76380045677676
1292,40.1458854675293,42.76380045677676
1293,40.1458854675293,42.76380045677676
1294,40.1458854675293,42.76380045677676
1295,40.1458854675293,42.76380045677676
1296,40.1458854675293,42.76380045677676
1297,40.1458854675293,42.76380045677676
1298,40.1458854675293,42.76380045677676
1299,40.1458854675293,42.76380045677676
1300,40.1458854675293,42.76380045677676
1301,40.1458854675293,42.76380045677676
1302,40.1458854675293,42.76380045677676
1303,40.1458854675293,42.76380045677676
1304,40.1458854675293,42.76380045677676
1305,40.1458854675293,42.76380045677676
1306,40.1458854675293,42.76380045677676
1307,40.1458854675293,42.76380045677676
1308,40.1458854675293,42.76380045677676
1309,40.1458854675293,42.76380045677676
1310,40.1458854675293,42.76379639923692
1311,40.1458854675293,42.76379639923692
1312,40.1458854675293,42.76380045677676
1313,40.1458854675293,42.76380045677676
1314,40.1458854675293,42.76380045677676
1315,40.1458854675293,42.76380045677676
1316,40.1458854675293,42.76380045677676
1317,40.1458854675293,42.76380045677676
1318,40.1458854675293,42.76380045677676
1319,40.1458854675293,42.76380045677676
1320,40.1458854675293,42.76380045677676
1321,40.1458854675293,42.76380045677676
1322,40.1458854675293,42.76380045677676
1323,40.1458854675293,42.76380045677676
1324,40.1458854675293,42.76380045677676
1325,40.1458854675293,42.76380045677676
1326,40.1458854675293,42.76380045677676
1327,40.1458854675293,42.76380045677676
1328,40.1458854675293,42.76380045677676
1329,40.1458854675293,42.76380045677676
1330,40.1458854675293,42.76380045677676
1331,40.1458854675293,42.76380045677676
1332,40.1458854675293,42.76380045677676
1333,40.1458854675293,42.76380045677676
1334,40.1458854675293,42.76380045677676
1335,40.1458854675293,42.76380045677676
1336,40.1458854675293,42.76380045677676
1337,40.1458854675293,42.76380045677676
1338,44.86892318725586,42.76380045677676
1339,44.86892318725586,42.76380045677676
1340,44.86892318725586,44.44630398432648
1341,44.86892318725586,46.08121256955426
1342,44.86892318725586,47.089454414209825
1343,44.86892318725586,47.28728788418347
1344,44.86892318725586,47.288330671922324
1345,44.86892318725586,47.288330671922324
1346,44.86892318725586,47.288330671922324
1347,44.86892318725586,47.288330671922324
1348,44.86892318725586,47.288330671922324
1349,44.86892318725586,47.288330671922324
1350,44.86892318725586,47.288330671922324
1351,44.86892318725586,47.288330671922324
1352,44.86892318725586,47.288330671922324
1353,44.86892318725586,47.288330671922324
1354,44.86892318725586,47.288326614382484
1355,44.86892318725586,47.288326614382484
1356,44.86892318725586,47.288318499302804
1357,44.86892318725586,47.288330671922324
1358,44.86892318725586,47.288330671922324
1359,44.86892318725586,47.288330671922324
1360,44.86892318725586,47.288330671922324
1361,44.86892318725586,47.288330671922324
1362,44.86892318725586,47.288330671922324
1363,44.86892318725586,47.288330671922324
1364,44.86892318725586,47.288330671922324
1365,44.86892318725586,47.288330671922324
1366,44.86892318725586,47.288330671922324
1367,44.86892318725586,47.288330671922324
1368,44.86892318725586,47.288330671922324
1369,44.86892318725586,47.288330671922324
1370,44.86892318725586,47.288330671922324
1371,44.86892318725586,47.288330671922324
1372,44.86892318725586,47.288330671922324
1373,44.86892318725586,47.288330671922324
1374,44.86892318725586,47.288318499302804
1375,44.86892318725586,47.288318499302804
1376,44.86892318725586,47.288330671922324
1377,44.86892318725586,47.288330671922324
1378,44.86892318725586,47.288330671922324
1379,44.86892318725586,47.288330671922324
1380,44.86892318725586,47.288330671922324
1381,44.86892318725586,47.288330671922324
1382,44.86892318725586,47.288330671922324
1383,44.86892318725586,47.288330671922324
1384,35.42283630371094,47.288330671922324
1385,35.42283630371094,47.288334729462164
1386,35.42283630371094,43.21820840098617
1387,35.42283630371094,40.36235361761597
1388,35.42283630371094,38.402854017816296
1389,35.42283630371094,38.170105417520375
1390,35.42283630371094,38.205324863330645
1391,35.42283630371094,38.205328920870485
1392,35.42283630371094,38.205328920870485
1393,35.42283630371094,38.205328920870485
1394,35.42283630371094,38.205328920870485
1395,35.42283630371094,38.205328920870485
1396,35.42283630371094,38.205328920870485
1397,33.06131362915039,38.205324863330645
1398,33.06131362915039,38.205320805790805
1399,33.06131362915039,37.33273874814222
1400,40.1458854675293,36.50366974773662
1401,47.230445861816406,35.954587226442996
1402,47.230445861816406,37.819034897953344
1403,47.230445861816406,41.364180491784666
1404,47.230445861816406,46.12089936672825
1405,47.230445861816406,48.92938643000755
1406,47.230445861816406,49.7053584640683
1407,47.230445861816406,49.63131241953009
1408,47.230445861816406,49.53708011428843
1409,47.230445861816406,49.53708011428843
1410,47.230445861816406,49.53708011428843
1411,47.230445861816406,49.53708011428843
1412,47.230445861816406,49.53708011428843
1413,47.230445861816406,49.53708011428843
1414,47.230445861816406,49.53708011428843
1415,47.230445861816406,49.53708011428843
1416,47.230445861816406,49.53708011428843
1417,47.230445861816406,49.53708011428843
1418,47.230445861816406,49.53708011428843
1419,47.230445861816406,49.53708011428843
1420,47.230445861816406,49.53708011428843
1421,47.230445861816406,49.53708011428843
1422,47.230445861816406,49.53708011428843
1423,47.230445861816406,49.53708011428843
1424,47.230445861816406,49.53708011428843
1425,47.230445861816406,49.53708011428843
1426,47.230445861816406,49.53708011428843
1427,47.230445861816406,49.53708011428843
1428,47.230445861816406,49.53708011428843
1429,47.230445861816406,49.53708011428843
1430,47.230445861816406,49.53708011428843
1431,47.230445861816406,49.53708011428843
1432,47.230445861816406,49.53708011428843
1433,47.230445861816406,49.53708011428843
1434,47.230445861816406,49.53708011428843
1435,47.230445861816406,49.53708011428843
1436,47.230445861816406,49.53708011428843
1437,47.230445861816406,49.53708011428843
1438,47.230445861816406,49.53708011428843
1439,47.230445861816406,49.53708011428843
1440,47.230445861816406,49.53708011428843
1441,47.230445861816406,49.53708011428843
1442,47.230445861816406,49.53708011428843
1443,47.230445861816406,49.53708011428843
1444,47.230445861816406,49.53708011428843
1445,47.230445861816406,49.53708011428843
1446,47.230445861816406,49.53708011428843
1447,47.230445861816406,49.53708417182827
1448,47.230445861816406,49.53708011428843
1449,47.230445861816406,49.53708011428843
1450,47.230445861816406,49.53708011428843
1451,47.230445861816406,49.53708011428843
1452,47.230445861816406,49.53708011428843
1453,47.230445861816406,49.53708011428843
1454,47.230445861816406,49.53708011428843
1455,42.50740432739258,49.53708011428843
1456,42.50740432739258,49.53708011428843
1457,42.50740432739258,47.51033896426205
1458,42.50740432739258,46.09225719299845
1459,42.50740432739258,45.13965639216733
1460,42.50740432739258,45.01225775627439
1461,42.50740432739258,45.028520375952674
1462,42.50740432739258,45.028516318412834
1463,42.50740432739258,45.02851226087299
1464,42.50740432739258,45.028516318412834
1465,42.50740432739258,45.02851226087299
1466,42.50740432739258,45.028520375952674
1467,42.50740432739258,45.028516318412834
1468,42.50740432739258,45.028520375952674
1469,42.50740432739258,45.02851226087299
1470,42.50740432739258,45.02851226087299
1471,42.50740432739258,45.02851226087299
1472,42.50740432739258,45.028520375952674
1473,42.50740432739258,45.028520375952674
1474,42.50740432739258,45.028520375952674
1475,42.50740432739258,45.028516318412834
1476,42.50740432739258,45.028520375952674
1477,42.50740432739258,45.02851226087299
1478,42.50740432739258,45.03102793557373
1479,42.50740432739258,45.02272215152147
1480,47.230445861816406,45.01936656607388
1481,47.230445861816406,45.01996302443034
1482,47.230445861816406,46.33900836328184
1483,47.230445861816406,48.04713931246033
1484,46.049686431884766,49.269237851917275
1485,46.049686431884766,49.70091545794361
1486,46.049686431884766,49.04883228781431
1487,46.049686431884766,48.67893478339017
1488,47.230445861816406,48.45231306825249
1489,47.230445861816406,48.41321055681544
1490,47.230445861816406,48.85422050447353
1491,47.230445861816406,49.241877860776874
1492,47.230445861816406,49.48554124324211
1493,47.230445861816406,49.52704987580421
1494,47.230445861816406,49.53708011428843
1495,47.230445861816406,49.53708011428843
1496,47.230445861816406,49.53708011428843
1497,47.230445861816406,49.53708011428843
1498,47.230445861816406,49.53708011428843
1499,47.230445861816406,49.53708011428843
1500,47.230445861816406,49.53708011428843
1501,42.50740432739258,49.53708011428843
1502,42.50740432739258,49.53708417182827
1503,42.50740432739258,47.50564033312745
1504,42.50740432739258,46.10156924693101
1505,42.50740432739258,45.15597581740338
1506,42.50740432739258,45.02013749864346
1507,42.50740432739258,45.00985163514933
1508,42.50740432739258,45.00639866874558
1509,42.50740432739258,45.01782470093472
1510,42.50740432739258,45.028520375952674
1511,42.50740432739258,45.028520375952674
1512,42.50740432739258,45.028520375952674
1513,42.50740432739258,45.028520375952674
1514,42.50740432739258,45.028520375952674
1515,42.50740432739258,45.028520375952674
1516,42.50740432739258,45.028520375952674
1517,42.50740432739258,45.028520375952674
1518,42.50740432739258,45.028520375952674
1519,42.50740432739258,45.028520375952674
1520,42.50740432739258,45.028520375952674
1521,42.50740432739258,45.028520375952674
1522,42.50740432739258,45.028520375952674
1523,42.50740432739258,45.028520375952674
1524,42.50740432739258,45.028520375952674
1525,42.50740432739258,45.028520375952674
1526,42.50740432739258,45.028520375952674
1527,47.230445861816406,45.028520375952674
1528,47.230445861816406,45.028520375952674
1529,47.230445861816406,46.73024446972397
1530,47.230445861816406,48.35317113980455
1531,47.230445861816406,49.35207252774868
1532,47.230445861816406,49.53687723729643
1533,47.230445861816406,49.537173437704745
1534,47.230445861816406,49.53694621547371
1535,47.230445861816406,49.53686912221675
1536,47.230445861816406,49.53687723729643
1537,47.230445861816406,49.53708011428843
1538,47.230445861816406,49.53708011428843
1539,47.230445861816406,49.53708011428843
1540,47.230445861816406,49.53708011428843
1541,47.230445861816406,49.53708011428843
1542,47.230445861816406,49.53708011428843
1543,47.230445861816406,49.53708011428843
1544,47.230445861816406,49.53708011428843
1545,47.230445861816406,49.53708011428843
1546,47.230445861816406,49.53708011428843
1547,63.76110458374024,49.539680997325796
1548,63.76110458374024,49.532973883970456
1549,47.230445861816406,52.10267878521191
1550,54.31501388549805,58.407990200369234
1551,49.59197235107422,63.07159665106696
1552,43.68816375732422,59.69020525009403
1553,44.86892318725586,54.96227462031448
1554,45.34122848510742,50.24665456640917
1555,45.105079650878906,48.63937376995122
1556,47.230445861816406,47.960433743621664
1557,47.230445861816406,48.183383385204245
1558,47.230445861816406,48.837982230034285
1559,47.230445861816406,49.20992067699788
1560,30.699790954589844,49.4480901505199
1561,41.32664108276367,49.53206499504632
1562,41.32664108276367,43.23595608024586
1563,41.32664108276367,42.49087815452606
1564,42.2712516784668,42.08522966657263
1565,42.2712516784668,43.35413192808274
1566,42.2712516784668,44.18253954949442
1567,42.2712516784668,44.52114124913346
1568,42.2712516784668,44.7501285099978
1569,42.2712516784668,44.82015759009451
1570,42.2712516784668,44.8022557243209
1571,42.2712516784668,44.8022557243209
1572,42.2712516784668,44.8022557243209
1573,42.2712516784668,44.8022557243209
1574,42.2712516784668,44.8022557243209
1575,42.2712516784668,44.8022557243209
1576,42.2712516784668,44.80288058545624
1577,42.2712516784668,44.80080312505822
1578,42.2712516784668,44.79997132939104
1579,42.2712516784668,44.800235069480635
1580,42.2712516784668,44.80196763899227
1581,42.2712516784668,44.801805337398676
1582,42.2712516784668,44.80182562509788
1583,42.2712516784668,44.8022557243209
1584,42.2712516784668,44.8022557243209
1585,42.2712516784668,44.8022557243209
1586,42.2712516784668,44.8022557243209
1587,42.50740432739258,44.803509504131426
1588,44.86892318725586,44.79935052579554
1589,44.86892318725586,44.751362002109126
1590,44.86892318725586,46.75123818085557
1591,44.86892318725586,47.69426724520439
1592,44.86892318725586,47.79860282464738
1593,44.86892318725586,47.17480476474197
1594,44.86892318725586,47.288330671922324
1595,44.86892318725586,47.288330671922324
1596,44.86892318725586,47.288330671922324
1597,44.86892318725586,47.288330671922324
1598,44.86892318725586,47.288318499302804
1599,44.86892318725586,47.288318499302804
1600,44.86892318725586,47.288330671922324
1601,44.86892318725586,47.288330671922324
1602,44.86892318725586,47.288330671922324
1603,44.86892318725586,47.288330671922324
1604,44.86892318725586,47.288330671922324
1605,44.86892318725586,47.288330671922324
1606,44.86892318725586,47.288330671922324
1607,56.676536560058594,47.288330671922324
1608,56.676536560058594,47.288330671922324
1609,56.676536560058594,49.55609374597816
1610,44.86892318725586,53.807462264022476
1611,43.68816375732422,57.74432275399703
1612,43.68816375732422,53.71594039539386
1613,43.68816375732422,49.090710156501835
1614,43.68816375732422,46.530288906414064
1615,43.68816375732422,46.19918959793898
1616,43.68816375732422,46.154832572409276
1617,43.68816375732422,46.159052413842765
1618,43.68816375732422,46.159052413842765
1619,43.68816375732422,46.159052413842765
1620,43.68816375732422,46.159052413842765
1621,46.049686431884766,46.159052413842765
1622,46.049686431884766,46.159052413842765
1623,46.049686431884766,46.95255707755169
1624,46.049686431884766,47.77321885540901
1625,46.049686431884766,48.3060428145642
1626,46.049686431884766,48.43855800819525
1627,46.049686431884766,48.41630645971328
1628,46.049686431884766,48.41631051725312
1629,46.049686431884766,48.41630645971328
1630,42.50740432739258,48.41630645971328
1631,42.50740432739258,48.41630645971328
1632,42.50740432739258,46.933482582764356
1633,42.50740432739258,45.848037927575156
1634,42.50740432739258,45.125507750745626
1635,42.50740432739258,45.01782875847456
1636,42.50740432739258,45.028520375952674
1637,43.68816375732422,45.028520375952674
1638,43.68816375732422,45.02851226087299
1639,43.68816375732422,45.45966238672015
1640,43.68816375732422,45.85561335445623
1641,43.68816375732422,46.105334643902424
1642,43.68816375732422,46.154832572409276
1643,43.68816375732422,46.159052413842765
1644,43.68816375732422,46.159052413842765
1645,43.68816375732422,46.159052413842765
1646,43.68816375732422,46.159052413842765
1647,43.68816375732422,46.159052413842765
1648,43.68816375732422,46.159052413842765
1649,43.68816375732422,46.159052413842765
1650,46.99429702758789,46.159052413842765
1651,46.99429702758789,46.159052413842765
1652,46.99429702758789,47.37118157791309
1653,46.99429702758789,48.48177892256979
1654,46.99429702758789,49.17627555664549
1655,46.99429702758789,49.30648201010765
1656,46.99429702758789,49.31453216914999
1657,46.99429702758789,49.31453216914999
1658,46.99429702758789,49.31452811161015
1659,46.99429702758789,49.31453216914999
1660,46.99429702758789,49.31453216914999
1661,46.99429702758789,49.31452811161015
1662,38.96512222290039,49.31453216914999
1663,38.96512222290039,49.31452405407031
1664,38.96512222290039,45.811637737671475
1665,38.96512222290039,43.42226207953438
1666,37.78436279296875,41.80691895141455
1667,37.78436279296875,41.6208117715782
1668,37.78436279296875,41.195334086427216
1669,37.78436279296875,40.79205925928012
1670,37.78436279296875,40.525357165603985
1671,37.78436279296875,40.48946822572013
1672,37.78436279296875,40.49383008104802
1673,37.78436279296875,40.49383008104802
1674,37.78436279296875,40.49383008104802
1675,37.78436279296875,40.49383008104802
1676,37.78436279296875,40.49383008104802
1677,37.78436279296875,40.49383008104802
1678,37.78436279296875,40.49383008104802
1679,37.78436279296875,40.49383008104802
1680,37.78436279296875,40.49383008104802
1681,37.78436279296875,40.49383008104802
1682,38.25666046142578,40.49383413858786
1683,38.25666046142578,40.49383008104802
1684,38.25666046142578,41.056205102857135
1685,38.25666046142578,41.23677374081204
1686,38.25666046142578,41.232054821978245
1687,38.25666046142578,41.05634305921169
1688,38.25666046142578,40.94868841217966
1689,38.25666046142578,40.94868841217966
1690,38.25666046142578,40.94868841217966
1691,38.25666046142578,40.948696527259344
1692,38.25666046142578,40.948696527259344
1693,38.25666046142578,40.948696527259344
1694,38.25666046142578,40.948696527259344
1695,38.25666046142578,40.948696527259344
1696,38.25666046142578,40.948696527259344
1697,38.25666046142578,40.948696527259344
1698,38.25666046142578,40.948696527259344
1699,38.25666046142578,40.948696527259344
1700,38.25666046142578,40.948696527259344
1701,38.25666046142578,40.948696527259344
1702,38.25666046142578,40.948696527259344
1703,38.25666046142578,40.948696527259344
1704,38.25666046142578,40.948696527259344
1705,38.25666046142578,40.948696527259344
1706,40.1458854675293,40.948696527259344
1707,41.7989501953125,40.948696527259344
1708,41.7989501953125,41.628504867114636
1709,41.7989501953125,43.08359951679773
1710,41.7989501953125,44.10580335604237
1711,41.7989501953125,44.52254515791806
1712,41.7989501953125,44.506712637462805
1713,41.7989501953125,44.34959657978248
1714,41.7989501953125,44.34959657978248
1715,41.7989501953125,44.34959657978248
1716,41.7989501953125,44.34959657978248
1717,41.7989501953125,44.34959657978248
1718,41.7989501953125,44.34959657978248
1719,41.7989501953125,44.34959657978248
1720,41.7989501953125,44.34959657978248
1721,41.7989501953125,44.34959657978248
1722,39.67357635498047,44.34959657978248
1723,39.67357635498047,44.34959657978248
1724,38.02051162719728,43.602424963505285
1725,38.02051162719728,42.906106494041474
1726,46.285839080810554,41.78213144053265
1727,46.99429702758789,41.14755655481248
1728,46.99429702758789,43.17993768521631
1729,49.59197235107422,46.72064433046278
1730,47.230445861816406,48.753739587878435
1731,60.21882247924805,50.37144014664523
1732,59.038063049316406,50.21765127163362
1733,70.84567260742188,52.65708479877548
1734,64.94186401367188,57.53134248780107
1735,62.58034133911133,62.02379785051229
1736,61.39958190917969,67.20139316042841
1737,61.39958190917969,66.59022216450475
1738,57.8572998046875,66.16684222745099
1739,69.66490936279297,63.96528603096268
1740,86.19556427001953,63.48174495070283
1741,86.19556427001953,66.07261397974916
1742,77.93024444580078,70.83082197181399
1743,62.58034133911133,81.65744191548401
1744,64.94186401367188,80.8718109078344
1745,64.94186401367188,73.85431807120919
1746,63.76110458374024,68.29214102018835
1747,63.76110458374024,67.50348917412794
1748,67.30339050292969,65.96173358854442
1749,61.39958190917969,65.87765324798215
1750,68.48414611816406,67.2336343719962
1751,62.58034133911133,67.51088606925606
1752,62.58034133911133,67.85818713431183
1753,62.58034133911133,66.29868792700846
1754,56.676536560058594,65.19351957065754
1755,56.676536560058594,64.81872055810682
1756,56.676536560058594,61.340885492679476
1757,61.39958190917969,59.57897185292321
1758,66.12262725830078,58.607475089057715
1759,80.2917709350586,60.640870604421515
1760,82.65328216552734,63.698916655553404
1761,76.74948120117188,67.87659213502559
1762,77.93024444580078,76.16282898910715
1763,93.28013610839844,81.0661102606075
1764,112.17230987548828,81.10172125901232
1765,122.79916381835938,85.15646951149512
1766,129.88372802734375,99.0522567158057
1767,144.05287170410156,119.42045294096006
1768,151.137451171875,131.56489791837475
1769,141.69134521484375,141.79093704510322
1770,136.96829223632812,148.90804045602786
1771,136.96829223632812,145.64319377187616
1772,136.96829223632812,140.36640784303404
1773,108.6300277709961,136.54058395954806
1774,108.6300277709961,135.91338973879664
1775,108.6300277709961,124.30531196720233
1776,108.6300277709961,107.96400036125775
1777,108.6300277709961,106.5187802419675
1778,89.73784637451172,106.43136257488693
1779,89.73784637451172,106.3470382747418
1780,89.73784637451172,96.67409711217101
1781,89.73784637451172,88.95589504078275
1782,89.73784637451172,88.90677649225093
1783,89.73784637451172,90.4580419368342
1784,89.73784637451172,89.5599146227386
1785,99.18394470214844,89.55982840001701
1786,92.09937286376952,89.55982941440197
1787,94.4608917236328,94.9363872047522
1788,94.4608917236328,95.70126186735084
1789,94.4608917236328,95.9405958548069
1790,96.82242584228516,95.62184516164206
1791,95.64165496826172,93.59981126502244
1792,95.64165496826172,95.50429975405781
1793,90.91860961914062,94.84917596501099
1794,87.37632751464844,94.41598438943188
1795,87.37632751464844,91.12206746109727
1796,87.37632751464844,88.2742557360747
1797,87.37632751464844,87.49697514541559
1798,87.37632751464844,87.7810729267703
1799,87.37632751464844,87.90572866573149
1800,70.84567260742188,87.8824840343737
1801,76.74948120117188,87.8824870775286
1802,76.74948120117188,80.31704377322508
1803,82.65328216552734,78.22726062670628
1804,82.65328216552734,77.25256855021688
1805,82.65328216552734,81.88585706323093
1806,98.00318908691406,84.63880046364193
1807,98.00318908691406,84.67337070307781
1808,98.00318908691406,90.94794118202316
1809,98.00318908691406,97.2656930143296
1810,98.00318908691406,98.42719016750783
1811,98.00318908691406,97.42594656469112
1812,68.48414611816406,96.17868113437724
1813,80.2917709350586,96.1786821487622
1814,95.64165496826172,83.29961958333496
1815,95.64165496826172,79.31123239493361
1816,95.64165496826172,86.1241876913847
1817,95.64165496826172,94.43385683804165
1818,67.30339050292969,95.26433431196415
1819,68.48414611816406,94.15366849632267
1820,68.48414611816406,81.3270607915606
1821,68.48414611816406,72.60960077591477
1822,68.48414611816406,68.94138594119966
1823,68.48414611816406,69.81962015184521
1824,68.48414611816406,69.87403581863802
1825,68.48414611816406,69.87473168672057
1826,68.48414611816406,69.87477226211897
1827,68.48414611816406,69.87502585835895
1828,75.5687255859375,69.87576635937974
1829,75.5687255859375,69.87576635937974
1830,49.59197235107422,72.42815570935444
1831,49.59197235107422,74.89813642518094
1832,49.59197235107422,63.107883229855126
1833,49.59197235107422,56.03680043579453
1834,49.59197235107422,51.59743392434847
1835,53.134254455566406,51.75263888076421
1836,57.8572998046875,51.757507928572075
1837,62.58034133911133,52.64100071085014
1838,62.58034133911133,55.363256937452036
1839,60.21882247924805,59.329993093267724
1840,60.21882247924805,63.40372657466138
1841,54.31501388549805,63.078997603734926
1842,54.31501388549805,62.54331307899262
1843,54.31501388549805,59.10853256880638
1844,59.038063049316406,57.55424324265743
1845,59.038063049316406,56.311970615116536
1846,64.94186401367188,57.13167481357164
1847,64.94186401367188,59.20102824699657
1848,64.94186401367188,61.89069025606461
1849,72.02643585205078,64.98345667560646
1850,82.65328216552734,66.25324348080167
1851,82.65328216552734,69.2601848176501
1852,80.2917709350586,73.33241903807291
1853,80.2917709350586,80.51012180650636
1854,80.2917709350586,84.73393151395814
1855,80.2917709350586,83.57105276846443
1856,80.2917709350586,81.98276125845716
1857,80.2917709350586,81.39920993622364
1858,80.2917709350586,81.34455690335021
1859,80.2917709350586,81.3445548745803
1860,80.2917709350586,81.3445548745803
1861,80.2917709350586,81.34455690335021
1862,80.2917709350586,81.3445548745803
1863,80.2917709350586,81.3445548745803
1864,80.2917709350586,81.34455081704044
1865,80.2917709350586,81.3445548745803
1866,80.2917709350586,81.3445548745803
1867,80.2917709350586,81.34455690335021
1868,80.2917709350586,81.34455690335021
1869,80.2917709350586,81.34455690335021
1870,80.2917709350586,81.34455690335021
1871,80.2917709350586,81.34455690335021
1872,80.2917709350586,81.34455690335021
1873,80.2917709350586,81.34455690335021
1874,80.2917709350586,81.34455690335021
1875,80.2917709350586,81.34455690335021
1876,80.2917709350586,81.3445548745803
1877,80.2917709350586,81.34455690335021
1878,80.2917709350586,81.34455690335021
1879,80.2917709350586,81.34455284581037
1880,80.2917709350586,81.3445548745803
1881,79.11100769042969,81.3445548745803
1882,79.11100769042969,81.3445548745803
1883,79.11100769042969,79.72366508949933
1884,79.11100769042969,80.1817593086533
1885,79.11100769042969,80.43084965065438
1886,79.11100769042969,80.46304217174409
1887,79.11100769042969,80.0477245663522
1888,79.11100769042969,80.0477245663522
1889,79.11100769042969,80.0477245663522
1890,79.11100769042969,80.0477245663522
1891,79.11100769042969,80.0477245663522
1892,79.11100769042969,80.04772659512213
1893,79.11100769042969,80.04772659512213
1894,79.11100769042969,80.0477245663522
1895,79.11100769042969,80.04772659512213
1896,79.11100769042969,80.04771848004245
1897,79.11100769042969,80.0477245663522
1898,79.11100769042969,80.04772659512213
1899,79.11100769042969,80.0477245663522
1900,79.11100769042969,80.04772659512213
1901,79.11100769042969,80.04772050881236
1902,79.11100769042969,80.04772050881236
1903,79.11100769042969,80.04771848004245
1904,79.11100769042969,80.0477245663522
1905,79.11100769042969,80.04772659512213
1906,79.11100769042969,80.0477245663522
1907,79.11100769042969,80.04772659512213
1908,79.11100769042969,80.04772050881236
1909,79.11100769042969,80.04771848004245
1910,79.11100769042969,80.0477245663522
1911,79.11100769042969,80.04772659512213
1912,79.11100769042969,80.0477245663522
1913,79.11100769042969,80.0477245663522
1914,79.11100769042969,80.0477245663522
1915,79.11100769042969,80.04772659512213
1916,79.11100769042969,80.04772659512213
1917,79.11100769042969,80.04772050881236
1918,79.11100769042969,80.04771848004245
1919,79.11100769042969,80.04772050881236
1920,79.11100769042969,80.0477245663522
1921,79.11100769042969,80.0477245663522
1922,79.11100769042969,80.04772659512213
1923,79.11100769042969,80.0477245663522
1924,79.11100769042969,80.04772659512213
1925,79.11100769042969,80.04772050881236
1926,79.11100769042969,80.04772050881236
1927,79.11100769042969,80.04771848004245
1928,79.11100769042969,80.0477245663522
1929,79.11100769042969,80.0477245663522
1930,79.11100769042969,80.04772862389204
1931,79.11100769042969,80.04772659512213
1932,79.11100769042969,80.04772659512213
1933,79.11100769042969,80.04771848004245
1934,79.11100769042969,80.0477245663522
1935,79.11100769042969,80.04772659512213
1936,79.11100769042969,80.0477245663522
1937,79.11100769042969,80.04772659512213
1938,79.11100769042969,80.04772659512213
1939,79.11100769042969,80.0477245663522
1940,79.11100769042969,80.0477245663522
1941,79.11100769042969,80.04772050881236
1942,79.11100769042969,80.04771848004245
1943,79.11100769042969,80.0477245663522
1944,79.11100769042969,80.0477245663522
1945,79.11100769042969,80.0477245663522
1946,79.11100769042969,80.0477245663522
1947,79.11100769042969,80.0477245663522
1948,79.11100769042969,80.0477245663522
1949,79.11100769042969,80.0477245663522
1950,62.58034133911133,80.0477245663522
1951,62.58034133911133,80.0477245663522
1952,75.5687255859375,70.78414606226579
1953,60.21882247924805,66.47830710064082
1954,60.21882247924805,68.95884147759088
1955,60.21882247924805,66.48671026564924
1956,59.038063049316406,64.57879416983413
1957,60.21882247924805,62.501536648801086
1958,61.39958190917969,61.438757411157525
1959,61.39958190917969,61.649059701059166
1960,70.84567260742188,62.29009824774428
1961,64.94186401367188,62.70154496012891
1962,61.39958190917969,65.47708479990828
1963,61.39958190917969,67.510431624794
1964,61.39958190917969,65.6627091325037
1965,61.39958190917969,63.67578867846602
1966,61.39958190917969,63.52796438701905
1967,70.84567260742188,63.387881881586594
1968,70.84567260742188,63.299386937678534
1969,75.5687255859375,66.0011038976109
1970,93.28013610839844,69.85100928004664
1971,94.4608917236328,72.50108998797651
1972,118.0761260986328,79.42316368895689
1973,118.0761260986328,92.37147020052181
1974,118.0761260986328,107.56158167501687
1975,118.0761260986328,116.42479866556124
1976,118.0761260986328,117.79727571779436
1977,118.0761260986328,116.64016172202818
1978,118.0761260986328,116.64025200228963
1979,118.0761260986328,116.64025200228963
1980,118.0761260986328,116.64025200228963
1981,118.0761260986328,116.64025200228963
1982,118.0761260986328,116.64025301667458
1983,118.0761260986328,116.64025301667458
1984,118.0761260986328,116.64025200228963
1985,118.0761260986328,116.64025200228963
1986,118.0761260986328,116.64025605982945
1987,118.0761260986328,116.64025403105954
1988,118.0761260986328,116.64025301667458
1989,118.0761260986328,116.64025301667458
1990,118.0761260986328,116.64025200228963
1991,118.0761260986328,116.64025605982945
1992,90.91860961914062,116.64025605982945
1993,88.55709075927734,116.64025403105954
1994,88.55709075927734,104.21030026281082
1995,88.55709075927734,88.8832772502682
1996,88.55709075927734,86.7263235604699
1997,88.55709075927734,88.6778318355549
1998,88.55709075927734,88.750157483201
1999,88.55709075927734,88.74995257743907
2000,106.2685089111328,88.7498379519386
2001,106.2685089111328,92.71926831420797
2002,106.2685089111328,98.24876340339591
2003,106.2685089111328,105.03332200727752
2004,106.2685089111328,106.14634474637352
2005,106.2685089111328,106.24713758634381
2006,106.2685089111328,103.87271599128663
2007,106.2685089111328,103.87343316145333
2008,106.2685089111328,103.87343519022325
2009,106.2685089111328,103.87343468303077
2010,106.2685089111328,103.87343011829846
2011,106.2685089111328,103.87343113268341
2012,106.2685089111328,103.87342808952853
2013,106.2685089111328,103.87343316145333
2014,106.2685089111328,103.87343113268341
2015,83.83404541015625,103.87343113268341
2016,83.83404541015625,103.87343316145333
2017,83.83404541015625,95.15190850527289
2018,93.28013610839844,85.19081455746988
2019,82.65328216552734,83.48878209067075
2020,82.65328216552734,89.42293410651375
2021,82.65328216552734,86.684226584631
2022,81.47251892089844,84.92445938345006
2023,81.47251892089844,83.75917857437112
2024,81.47251892089844,83.21105971878947
2025,80.2917709350586,82.81594257549048
2026,80.2917709350586,82.70048325057641
2027,80.2917709350586,81.97887413529054
2028,80.2917709350586,81.60082503332808
2029,82.65328216552734,81.40854430662532
2030,76.74948120117188,81.3254235742352
2031,77.93024444580078,82.44321899456786
2032,76.74948120117188,81.24549815446899
2033,76.74948120117188,80.49264192487611
2034,72.02643585205078,78.87773498228907
2035,75.5687255859375,78.08203316075685
2036,75.5687255859375,75.44405609416937
2037,72.02643585205078,75.76714176146066
2038,77.93024444580078,76.22383410059993
2039,75.5687255859375,75.20358599555813
2040,75.5687255859375,76.56158777441244
2041,72.02643585205078,78.07073494107267
2042,75.5687255859375,77.26163512298912
2043,75.5687255859375,75.68454445170988
2044,72.02643585205078,75.42010646526441
2045,70.84567260742188,75.97052391716537
2046,72.02643585205078,74.52026382620149
2047,69.66490936279297,73.50742478890733
2048,69.66490936279297,73.63463677796764
2049,70.84567260742188,72.65466584214653
2050,74.38795471191406,70.05483979390364
2051,64.94186401367188,71.7856605058668
2052,66.12262725830078,73.8858187817562
2053,61.39958190917969,70.97232258742048
2054,73.20719146728516,68.48907371631755
2055,73.20719146728516,64.9472512476151
2056,73.20719146728516,67.74070106824774
2057,73.20719146728516,71.94521108745107
2058,73.20719146728516,73.21354123584375
2059,73.20719146728516,74.22715120570749
2060,73.20719146728516,74.22733785254012
2061,75.5687255859375,74.22733785254012
2062,75.5687255859375,74.22733785254012
2063,75.5687255859375,75.24064147814595
2064,75.5687255859375,75.93094058725728
2065,77.93024444580078,76.2350389968678
2066,77.93024444580078,76.39266833333787
2067,79.11100769042969,77.42100920159034
2068,79.11100769042969,78.2418779139795
2069,79.11100769042969,79.21409894870642
2070,79.11100769042969,79.79953094065573
2071,79.11100769042969,79.9700470236573
2072,79.11100769042969,80.04755820721877
2073,79.11100769042969,80.04772659512213
2074,88.55709075927734,80.0477245663522
2075,88.55709075927734,80.0477245663522
2076,88.55709075927734,84.45216377485647
2077,88.55709075927734,88.3218516927816
2078,88.55709075927734,89.08690590151816
2079,88.55709075927734,88.74272305582934
2080,88.55709075927734,88.74644889178732
2081,88.55709075927734,88.75131185328544
2082,88.55709075927734,88.74983592316867
2083,88.55709075927734,88.7498379519386
2084,88.55709075927734,88.74983896632355
2085,88.55709075927734,88.74983896632355
2086,88.55709075927734,88.74983896632355
2087,88.55709075927734,88.74983896632355
2088,88.55709075927734,88.7498379519386
2089,88.55709075927734,88.74983592316867
2090,88.55709075927734,88.7498379519386
2091,88.55709075927734,88.74983693755364
2092,88.55709075927734,88.74983896632355
2093,88.55709075927734,88.74983896632355
2094,88.55709075927734,88.74983896632355
2095,88.55709075927734,88.74983896632355
2096,88.55709075927734,88.74983896632355
2097,88.55709075927734,88.74983896632355
2098,88.55709075927734,88.74983896632355
2099,88.55709075927734,88.74983896632355
2100,88.55709075927734,88.74983896632355
2101,88.55709075927734,88.74983896632355
2102,73.20719146728516,88.74983896632355
2103,75.5687255859375,88.74983896632355
2104,75.5687255859375,79.81212554431876
2105,75.5687255859375,76.41065540744812
2106,75.5687255859375,75.91922849850944
2107,77.93024444580078,76.50243695862649
2108,77.93024444580078,76.5002012541747
2109,77.93024444580078,75.94826222483378
2110,77.93024444580078,77.88908699752035
2111,77.93024444580078,79.19048812437808
2112,77.93024444580078,79.56105106533596
2113,77.93024444580078,78.7504438712019
2114,77.93024444580078,78.7504438712019
2115,77.93024444580078,78.7504438712019
2116,77.93024444580078,78.7504438712019
2117,77.93024444580078,78.7504438712019
2118,77.93024444580078,78.75044589997181
2119,77.93024444580078,78.7504438712019
2120,64.94186401367188,78.75044184243197
2121,64.94186401367188,78.7504438712019
2122,64.94186401367188,71.45170874688428
2123,75.5687255859375,68.19860255425931
2124,75.5687255859375,69.10943503997856
2125,73.20719146728516,71.87393228508367
2126,73.20719146728516,74.46923620517501
2127,72.02643585205078,74.69974910101914
2128,69.66490936279297,74.5956224848779
2129,62.58034133911133,73.51312968992221
2130,68.48414611816406,72.45690540789
2131,69.66490936279297,68.12285234298835
2132,64.94186401367188,68.08508476215863
2133,67.30339050292969,68.56545284626368
2134,67.30339050292969,68.62893711459864
2135,67.30339050292969,69.2016385753003
2136,66.12262725830078,68.93387543495601
2137,66.12262725830078,68.80022818770964
2138,66.12262725830078,67.92448733529568
2139,66.12262725830078,67.91012364426246
2140,67.30339050292969,67.66962108533251
2141,67.30339050292969,67.77148968055286
2142,67.30339050292969,68.21043434043244
2143,63.76110458374024,68.55395377835742
2144,63.76110458374024,68.49922568099696
2145,60.21882247924805,66.93835908276753
2146,63.76110458374024,66.1348444682736
2147,64.94186401367188,65.29720594372615
2148,61.39958190917969,65.00599225187722
2149,60.21882247924805,65.56957236301879
2150,63.76110458374024,64.7792041776061
2151,63.76110458374024,63.48452436549316
2152,64.94186401367188,64.12093325922096
2153,64.94186401367188,65.14699581885333
2154,64.94186401367188,65.96351890607397
2155,64.94186401367188,65.82131024976542
2156,63.76110458374024,66.36980037024242
2157,63.76110458374024,65.9656775172688
2158,63.76110458374024,65.92042377543447
2159,63.76110458374024,65.5704163313055
2160,63.76110458374024,65.36258508316635
2161,63.76110458374024,65.3701686251271
2162,63.76110458374024,65.49181772706693
2163,59.038063049316406,65.52311758939186
2164,59.038063049316406,65.39665218766208
2165,59.038063049316406,63.0317191495205
2166,56.676536560058594,61.82878842826721
2167,56.676536560058594,61.0064711741552
2168,59.038063049316406,59.77174557071651
2169,59.038063049316406,58.99752233632676
2170,59.038063049316406,59.81303509612726
2171,57.8572998046875,60.51829232585836
2172,60.21882247924805,60.09264016649426
2173,61.39958190917969,60.02948050134649
2174,56.676536560058594,60.92448858169017
2175,61.39958190917969,62.30239259345915
2176,61.39958190917969,60.678423135639726
2177,61.39958190917969,61.358965890206036
2178,61.39958190917969,62.19642182546068
2179,61.39958190917969,62.669888034298076
2180,55.49577713012695,63.17874816315885
2181,60.21882247924805,63.13756413378394
2182,60.21882247924805,60.286939519267364
2183,50.772735595703125,61.8237327336267
2184,60.21882247924805,61.18422793700106
2185,60.21882247924805,57.492613270029295
2186,60.21882247924805,59.00383181077779
2187,60.21882247924805,60.19023211472336
2188,60.21882247924805,61.18876426654206
2189,53.134254455566406,62.06570006443886
2190,60.21882247924805,61.691740962634995
2191,60.21882247924805,58.84060915563843
2192,60.21882247924805,59.85999706223418
2193,56.676536560058594,61.10459466010333
2194,61.39958190917969,61.698866002593846
2195,61.39958190917969,60.63616791574708
2196,53.134254455566406,61.74446057777472
2197,53.134254455566406,62.63742365803909
2198,53.134254455566406,59.22451328758987
2199,54.31501388549805,56.63206181800599
2200,54.31501388549805,55.19183399429625
2201,54.31501388549805,55.443080918722245
2202,53.134254455566406,55.85031184721323
2203,60.21882247924805,56.128220865927155
2204,62.58034133911133,56.73596729822596
2205,77.93024444580078,58.63201103246955
2206,76.74948120117188,61.11720549392572
2207,68.48414611816406,64.69742040459323
2208,70.84567260742188,72.3866024438541
2209,68.48414611816406,72.72659993719807
2210,72.02643585205078,72.94544334846267
2211,73.20719146728516,70.90969445999174
2212,75.5687255859375,71.36186669974938
2213,75.5687255859375,71.86265435309869
2214,77.93024444580078,74.88427789785777
2215,76.74948120117188,76.54181335400273
2216,77.93024444580078,77.24165579681748
2217,76.74948120117188,77.4246366422072
2218,76.74948120117188,78.3766856176201
2219,76.74948120117188,77.61064846985732
2220,81.47251892089844,77.42052432557948
2221,81.47251892089844,77.27136510352518
2222,83.83404541015625,78.95174653773864
2223,82.65328216552734,81.29151268502329
2224,82.65328216552734,77.3160386171624
2225,82.65328216552734,77.37467818292853
2226,74.38795471191406,77.30478097287661
2227,67.30339050292969,75.65365237213886
2228,67.30339050292969,76.8804698304296
2229,66.12262725830078,69.21780381402243
2230,59.038063049316406,66.87248492346689
2231,70.84567260742188,67.22358790335264
2232,87.37632751464844,63.33603463751245
2233,70.84567260742188,65.83436335543036
2234,69.66490936279297,70.38185924606971
2235,68.48414611816406,77.47110967476341
2236,70.84567260742188,73.11506474392955
2237,69.66490936279297,69.10153703868022
2238,63.76110458374024,69.0379452455395
2239,66.12262725830078,71.1122285898699
2240,66.12262725830078,68.39331983363593
2241,67.30339050292969,67.64050417944144
2242,63.76110458374024,67.39293744365023
2243,63.76110458374024,68.0160903547211
2244,68.48414611816406,67.13290594547087
2245,68.48414611816406,66.31289743152777
2246,68.48414611816406,68.082212023952
2247,69.66490936279297,69.3971795352644
2248,69.66490936279297,69.7469151242241
2249,69.66490936279297,70.47810206230204
2250,69.66490936279297,70.89531656756908
2251,69.66490936279297,70.94764665888417
2252,68.48414611816406,71.04548611704351
2253,68.48414611816406,71.0044136700142
2254,68.48414611816406,70.31875841524962
2255,64.94186401367188,70.02052517947766
2256,61.39958190917969,69.72436737533383
2257,64.94186401367188,67.68545360578777
2258,68.48414611816406,65.7046154039701
2259,66.12262725830078,65.63918757405183
2260,63.76110458374024,67.44687432074193
2261,67.30339050292969,67.77355496833135
2262,67.30339050292969,67.17805419126935
2263,63.76110458374024,67.59202063589456
2264,68.48414611816406,68.05974542585851
2265,66.12262725830078,67.19774543211236
2266,80.2917709350586,68.43922278184462
2267,95.64165496826172,68.20614146328182
2268,79.11100769042969,70.99127535601262
2269,76.74948120117188,75.56264783983983
2270,77.93024444580078,81.6072562339743
2271,79.11100769042969,83.23294608868585
2272,73.20719146728516,78.629987685975
2273,74.38795471191406,77.07336933195793
2274,70.84567260742188,74.87698244122565
2275,68.48414611816406,73.17401674026335
2276,69.66490936279297,71.77241669582939
2277,68.48414611816406,71.71514654975923
2278,67.30339050292969,71.42329379538552
2279,64.94186401367188,70.6868604582946
2280,66.12262725830078,69.94487437793279
2281,72.02643585205078,68.08434628990778
2282,73.20719146728516,67.75702455102363
2283,73.20719146728516,70.14767630544038
2284,70.84567260742188,71.9786675322009
2285,69.66490936279297,74.39082019022923
2286,70.84567260742188,72.16168286667926
2287,70.84567260742188,70.85957978542922
2288,70.84567260742188,70.31578018100714
2289,68.48414611816406,72.08162760563818
2290,70.84567260742188,71.76979552509283
2291,72.02643585205078,71.05291750126027
2292,73.20719146728516,71.76770183453544
2293,73.20719146728516,72.37772454668442
2294,72.02643585205078,73.205247624411
2295,73.20719146728516,73.70453398801955
2296,72.02643585205078,73.62594147009075
2297,72.02643585205078,73.86392835431998
2298,70.84567260742188,73.82020633377522
2299,73.20719146728516,73.3974512578568
2300,72.02643585205078,74.74474518907363
2301,70.84567260742188,72.04471007940491
2302,70.84567260742188,71.57315294306218
2303,72.02643585205078,73.00741212566744
2304,72.02643585205078,71.18372649938865
2305,72.02643585205078,70.70478464053733
2306,72.02643585205078,70.77255772848305
2307,74.38795471191406,72.83110796208426
2308,76.74948120117188,73.18555232602816
2309,75.5687255859375,74.42082569734524
2310,75.5687255859375,76.09521008767534
2311,75.5687255859375,75.04759996272321
2312,76.74948120117188,73.87106353812842
2313,77.93024444580078,73.67357293027125
2314,77.93024444580078,75.18615480440596
2315,79.11100769042969,78.38072895607056
2316,79.11100769042969,76.7029727501335
2317,79.11100769042969,76.90679514891083
2318,80.2917709350586,77.9098920330494
2319,87.37632751464844,80.11672100255966
2320,85.01480865478516,81.00504428601711
2321,102.72622680664062,84.92759789051621
2322,89.73784637451172,86.07603280856486
2323,86.19556427001953,86.50744971765648
2324,93.28013610839844,89.8154747120144
2325,92.09937286376952,90.37216207735295
2326,87.37632751464844,87.51940826880539
2327,90.91860961914062,92.49481129657487
2328,90.91860961914062,89.0812791081452
2329,89.73784637451172,91.56773546449156
2330,95.64165496826172,91.44510950983529
2331,92.09937286376952,90.43039690352005
2332,93.28013610839844,95.55269504611317
2333,90.91860961914062,92.41499238722946
2334,93.28013610839844,92.35688233041245
2335,92.09937286376952,91.86005585033183
2336,93.28013610839844,92.9800230688638
2337,92.09937286376952,93.5865502104407
2338,93.28013610839844,92.0942955965189
2339,94.4608917236328,91.76301369875104
2340,93.28013610839844,93.77388682484855
2341,93.28013610839844,95.52134852208007
2342,93.28013610839844,91.29059534957729
2343,92.09937286376952,91.98460203571733
2344,90.91860961914062,93.35741079183236
2345,90.91860961914062,92.73148150912606
2346,88.55709075927734,91.73804867050113
2347,88.55709075927734,91.1983532676271
2348,87.37632751464844,90.22631380780801
2349,89.73784637451172,89.07528409303174
2350,90.91860961914062,88.24501203206364
2351,95.64165496826172,89.43113033699034
2352,92.09937286376952,90.80131386482896
2353,89.73784637451172,90.45677294124927
2354,89.73784637451172,89.03622621453295
2355,88.55709075927734,88.47765716509363
2356,87.37632751464844,87.75298054968881
2357,87.37632751464844,88.13181884315014
2358,88.55709075927734,88.10053419659963
2359,88.55709075927734,87.92877447763712
2360,86.19556427001953,88.36745032550232
2361,85.01480865478516,88.73100183761686
2362,86.19556427001953,87.88427239505813
2363,88.55709075927734,87.94795041092046
2364,88.55709075927734,86.65677529884422
2365,87.37632751464844,88.23038967286563
2366,88.55709075927734,88.7443409998405
2367,87.37632751464844,88.52382588216186
2368,86.19556427001953,88.58278497919038
2369,87.37632751464844,88.4627872959654
2370,87.37632751464844,88.76638764256056
2371,85.01480865478516,88.82683889986521
2372,85.01480865478516,87.14302884448703
2373,83.83404541015625,86.31901148118212
2374,83.83404541015625,86.29405963993669
2375,82.65328216552734,85.87041089086854
2376,79.11100769042969,85.18225111963778
2377,80.2917709350586,84.05798189449058
2378,80.2917709350586,82.63281160112669
2379,81.47251892089844,81.93882418830088
2380,81.47251892089844,81.57824888165891
2381,81.47251892089844,82.05218170757789
2382,80.2917709350586,83.14292550979799
2383,79.11100769042969,83.07721365209093
2384,79.11100769042969,81.86137589660694
2385,75.5687255859375,80.90275979296318
2386,74.38795471191406,79.66593441265735
2387,75.5687255859375,78.3432230865605
2388,73.20719146728516,76.59281865856009
2389,72.02643585205078,76.42098590388048
2390,72.02643585205078,75.08244408609829
2391,70.84567260742188,74.42433952684658
2392,70.84567260742188,74.2236333186663
2393,70.84567260742188,72.98609786888848
2394,70.84567260742188,72.23435543398165
2395,70.84567260742188,72.06965177680073
2396,72.02643585205078,72.07709939117686
2397,70.84567260742188,72.09666281951489
2398,70.84567260742188,72.68546256953132
2399,70.84567260742188,72.30944629502862
2400,70.84567260742188,72.14888132848439
2401,70.84567260742188,72.10126406969333
2402,72.02643585205078,72.0844577396765
2403,70.84567260742188,72.07091164292102
2404,69.66490936279297,72.69057101218974
2405,69.66490936279297,72.30980538730445
2406,86.19556427001953,71.83251088962813
2407,85.01480865478516,71.80642699476738
2408,90.91860961914062,73.12054242271341
2409,80.2917709350586,77.83209682169914
2410,76.74948120117188,78.40062307390554
2411,72.02643585205078,79.54446384247048
2412,74.38795471191406,79.82503257854945
2413,74.38795471191406,75.69483640151377
2414,70.84567260742188,74.13653011092333
2415,70.84567260742188,75.9625650527694
2416,69.66490936279297,74.22154368564875
2417,73.20719146728516,73.10776928729743
2418,70.84567260742188,71.88500734007665
2419,75.5687255859375,72.7708169776033
2420,74.38795471191406,72.65876801492466
2421,72.02643585205078,74.1443895655932
2422,74.38795471191406,74.8192355342243
2423,73.20719146728516,74.55944545966541
2424,72.02643585205078,75.26991054178102
2425,72.02643585205078,74.8389267750673
2426,72.02643585205078,74.16244156034088
2427,70.84567260742188,73.70367176080357
2428,72.02643585205078,73.31585413167656
2429,72.02643585205078,72.74725687252297
2430,70.84567260742188,73.00212718002598
2431,70.84567260742188,73.3385601246206
2432,70.84567260742188,72.83755336411994
2433,73.20719146728516,72.73062907425908
2434,73.20719146728516,72.70122002549954
2435,70.84567260742188,73.21855229754601
2436,70.84567260742188,73.89590582579817
2437,73.20719146728516,73.46119115120167
2438,73.20719146728516,72.87990190742889
2439,74.38795471191406,73.88508030950534
2440,73.20719146728516,75.3880052388211
2441,74.38795471191406,73.46933666243025
2442,75.5687255859375,73.08680195017477
2443,75.5687255859375,74.1092999610578
2444,76.74948120117188,77.04588761462234
2445,75.5687255859375,75.19171769152645
2446,75.5687255859375,75.97258920494386
2447,75.5687255859375,75.74501193917388
2448,76.74948120117188,76.87619115466843
2449,76.74948120117188,76.74477352556407
2450,75.5687255859375,77.55951129525516
2451,76.74948120117188,77.17730727249663
2452,75.5687255859375,76.84385256214449
2453,75.5687255859375,77.11905925932506
2454,75.5687255859375,76.91911383986474
2455,76.74948120117188,76.69568540858106
2456,76.74948120117188,77.17246662746764
2457,77.93024444580078,76.94110164825712
2458,77.93024444580078,77.01536274240684
2459,77.93024444580078,77.74088941240812
2460,77.93024444580078,78.27526538055206
2461,77.93024444580078,78.50556931309444
2462,79.11100769042969,79.19561279719586
2463,77.93024444580078,79.38620355855531
2464,76.74948120117188,79.6583305829974
2465,79.11100769042969,79.73177205409944
2466,77.93024444580078,79.16565395178802
2467,77.93024444580078,79.45494234098292
2468,80.2917709350586,79.4699836411694
2469,79.11100769042969,79.42629610971329
2470,77.93024444580078,80.32683867439857
2471,77.93024444580078,80.3139235250882
2472,79.11100769042969,79.29975361472655
2473,79.11100769042969,79.13208998223243
2474,80.2917709350586,79.96476410678576
2475,80.2917709350586,80.13831320081765
2476,80.2917709350586,80.68991139681201
2477,77.93024444580078,80.89468325991187
2478,77.93024444580078,81.07282954658235
2479,76.74948120117188,80.61306159224445
2480,80.2917709350586,78.8344795788259
2481,80.2917709350586,77.71801097402088
2482,77.93024444580078,79.12584542841884
2483,80.2917709350586,80.49873432094572
2484,81.47251892089844,79.70344636847716
2485,77.93024444580078,80.72753696374734
2486,81.47251892089844,81.40680970834376
2487,79.11100769042969,80.30661792460647
2488,79.11100769042969,81.47182164042844
2489,77.93024444580078,81.2183613280198
2490,80.2917709350586,80.71352222114035
2491,76.74948120117188,79.6820915362998
2492,76.74948120117188,80.31352182864404
2493,76.74948120117188,79.52284932774337
2494,81.47251892089844,78.56846523815263
2495,80.2917709350586,77.98688182274145
2496,80.2917709350586,79.80240165009245
2497,77.93024444580078,80.6093854611495
2498,79.11100769042969,81.11049568891607
2499,77.93024444580078,80.7751035032904
2500,77.93024444580078,80.30815370343586
2501,77.93024444580078,79.38972956067617
2502,77.93024444580078,79.02400117843753
2503,79.11100769042969,78.78901890245974
2504,80.2917709350586,78.73217479807278
2505,80.2917709350586,79.33073698894397
2506,79.11100769042969,80.28970001224404
2507,79.11100769042969,80.84574527190293
2508,79.11100769042969,80.4926926441241
2509,79.11100769042969,80.20606194352433
2510,79.11100769042969,80.00899940612027
2511,80.2917709350586,80.82333750813712
2512,79.11100769042969,80.57288180397991
2513,82.65328216552734,81.47766652656782
2514,82.65328216552734,81.23116286621465
2515,81.47251892089844,82.72839506713504
2516,82.65328216552734,83.51646465622842
2517,82.65328216552734,83.20275596350713
2518,82.65328216552734,83.54151793596984
2519,82.65328216552734,83.63822736928377
2520,81.47251892089844,83.92931730616758
2521,82.65328216552734,83.89631124833997
2522,86.19556427001953,83.19904737209346
2523,88.55709075927734,83.42062353644025
2524,87.37632751464844,85.60813253000285
2525,87.37632751464844,88.58622070104981
2526,85.01480865478516,88.89610617685696
2527,82.65328216552734,88.10088618818072
2528,80.2917709350586,86.09578694127538
2529,81.47251892089844,84.15124647648042
2530,81.47251892089844,82.01943330353012
2531,80.2917709350586,82.42830753565626
2532,80.2917709350586,82.69032722835716
2533,82.65328216552734,82.45802495744363
2534,81.47251892089844,81.95864729918868
2535,79.11100769042969,82.79998224253026
2536,80.2917709350586,83.05925498075956
2537,81.47251892089844,81.80255577031794
2538,77.93024444580078,81.59488479500247
2539,81.47251892089844,82.15028490582681
2540,81.47251892089844,80.55290856411804
2541,80.2917709350586,81.14474944024445
2542,76.74948120117188,82.1365521622387
2543,79.11100769042969,81.5572754582265
2544,77.93024444580078,79.57540461251958
2545,82.65328216552734,79.75292198051488
2546,81.47251892089844,80.04230775066594
2547,82.65328216552734,81.6322669095474
2548,82.65328216552734,82.36260379302888
2549,81.47251892089844,83.08555392523184
2550,82.65328216552734,83.5618867859661
2551,81.47251892089844,83.05254786740421
2552,81.47251892089844,85.2122160513554
2553,79.11100769042969,83.28987337263953
2554,70.84567260742188,80.22779209813687
2555,72.02643585205078,79.05799524721616
2556,67.30339050292969,75.68017651007224
2557,70.84567260742188,75.09085942372623
2558,68.48414611816406,70.66238334921044
2559,68.48414611816406,71.55520035804058
2560,68.48414611816406,70.93274128628232
2561,64.94186401367188,69.78352833496938
2562,62.58034133911133,69.12011651360709
2563,68.48414611816406,67.93699267308223
2564,68.48414611816406,65.93463733749361
2565,67.30339050292969,67.19176461838835
2566,67.30339050292969,68.36649949529422
2567,67.30339050292969,68.93677657594154
2568,67.30339050292969,69.17444900083316
2569,69.66490936279297,69.12184096803904
2570,69.66490936279297,68.90934354908403
2571,69.66490936279297,70.00472714811104
2572,66.12262725830078,70.74111179472388
2573,67.30339050292969,71.00891145292671
2574,69.66490936279297,69.47908300570255
2575,70.84567260742188,69.27248727844466
2576,68.48414611816406,70.23500470664447
2577,68.48414611816406,71.3901436948936
2578,67.30339050292969,70.3831617163583
2579,69.66490936279297,69.93192473953377
2580,76.74948120117188,69.3654150846278
2581,80.2917709350586,70.26351298155956
2582,77.93024444580078,72.9876863957358
2583,77.93024444580078,76.97734765164688
2584,77.93024444580078,79.0025672242333
2585,77.93024444580078,78.77543425907578
2586,77.93024444580078,78.45110698459348
2587,77.93024444580078,78.49954183766229
2588,77.93024444580078,79.15009531527195
2589,77.93024444580078,79.71140320410318
2590,77.93024444580078,79.34217113621278
2591,77.93024444580078,79.09091609670712
2592,77.93024444580078,78.70709311555248
2593,77.93024444580078,79.0848013841684
2594,79.11100769042969,79.03137981463638
2595,79.11100769042969,79.46758563512404
2596,76.74948120117188,79.78031037443415
2597,76.74948120117188,80.11144417199787
2598,75.5687255859375,78.84730140471996
2599,75.5687255859375,78.01690558878673
2600,76.74948120117188,76.98827663520564
2601,77.93024444580078,76.5767690597234
2602,79.11100769042969,77.01434429990702
2603,76.74948120117188,77.78627705305715
2604,76.74948120117188,78.92172074292344
2605,77.93024444580078,78.86838032418821
2606,77.93024444580078,78.2248707357406
2607,79.11100769042969,78.34726642501096
2608,76.74948120117188,79.24971806219091
2609,79.11100769042969,80.0542247451757
2610,76.74948120117188,78.97887524910817
2611,77.93024444580078,79.34348983666075
2612,77.93024444580078,78.29272903202296
2613,77.93024444580078,78.37127083070376
2614,77.93024444580078,78.23590927287502
2615,82.65328216552734,78.52992063844356
2616,82.65328216552734,78.74953498227775
2617,77.93024444580078,81.02402951492797
2618,79.11100769042969,82.78100309992917
2619,79.11100769042969,80.9068112464933
2620,79.11100769042969,80.36685616106952
2621,76.74948120117188,79.976668928676
2622,76.74948120117188,79.96481685480367
2623,77.93024444580078,78.6405454046384
2624,79.11100769042969,77.9108983029297
2625,79.11100769042969,78.30138376450145
2626,82.65328216552734,79.02436635702313
2627,81.47251892089844,79.83126698851345
2628,83.83404541015625,81.89329250498753
2629,83.83404541015625,82.72733402046691
2630,82.65328216552734,83.90338354028091
2631,82.65328216552734,84.76774096467403
2632,81.47251892089844,83.85419601357181
2633,85.01480865478516,83.82585004025032
2634,86.19556427001953,83.18545055608999
2635,86.19556427001953,84.60527301194489
2636,83.83404541015625,86.10172717960099
2637,85.01480865478516,87.04888580512184
2638,82.65328216552734,85.76221557665285
2639,82.65328216552734,85.70459851092637
2640,79.11100769042969,84.73736622143261
2641,80.2917709350586,84.2494653146148
2642,81.47251892089844,82.44891375173316
2643,82.65328216552734,82.28552676623028
2644,82.65328216552734,82.48144507739948
2645,86.19556427001953,83.29179664652365
2646,88.55709075927734,83.69979647881429
2647,93.28013610839844,85.64585953543417
2648,92.09937286376952,88.58251921033087
2649,92.09937286376952,92.66472990683502
2650,92.09937286376952,92.9503695533289
2651,92.09937286376952,92.24047658433072
2652,92.09937286376952,91.84071660106994
2653,87.37632751464844,91.60088556498349
2654,87.37632751464844,91.55454440247208
2655,88.55709075927734,88.7080199319637
2656,92.09937286376952,87.85309628769832
2657,92.09937286376952,88.3674533686572
2658,87.37632751464844,91.39797002636037
2659,82.65328216552734,91.83555033846879
2660,86.19556427001953,88.79374864808591
2661,86.19556427001953,85.84097445371508
2662,86.19556427001953,86.41693513329312
2663,92.09937286376952,86.97904945816754
2664,92.09937286376952,87.17264787093329
2665,92.09937286376952,89.77778726759652
2666,92.09937286376952,91.78787525973502
2667,92.09937286376952,91.97868107070597
2668,92.09937286376952,91.7719402863988
2669,90.91860961914062,91.46157196335069
2670,89.73784637451172,91.48161113823497
2671,89.73784637451172,90.62211464657003
2672,88.55709075927734,89.61816669345002
2673,89.73784637451172,89.39283121844159
2674,89.73784637451172,88.7787742973068
2675,89.73784637451172,89.35727195366972
2676,90.91860961914062,89.79959045792619
2677,94.4608917236328,89.73483110769654
2678,90.91860961914062,90.29884334683105
2679,89.73784637451172,92.74778368981778
2680,93.28013610839844,91.89065883018925
2681,93.28013610839844,90.20039931523559
2682,94.4608917236328,91.78520336975045
2683,94.4608917236328,92.50623428560912
2684,96.82242584228516,94.8407946092792
2685,100.36470794677734,94.20527634554625
2686,100.36470794677734,95.3588511521871
2687,94.4608917236328,98.04012724079104
2688,118.0761260986328,98.26762031260934
2689,118.0761260986328,94.83652810613755
2690,127.52220916748048,107.63071099565408
2691,127.52220916748048,115.15855510703122
2692,127.52220916748048,125.3535063778914
2693,129.88372802734375,125.87385948834867
2694,122.79916381835938,126.875974447846
2695,125.16068267822266,128.17066643257846
2696,127.52220916748048,125.09248281122119
2697,125.16068267822266,124.87119676097296
2698,125.16068267822266,125.66026044732712
2699,127.52220916748048,124.2389306154217
2700,141.69134521484375,124.70661888752707
2701,139.32981872558594,125.76972069958791
2702,136.96829223632812,138.80189351648855
2703,132.24525451660156,137.7302485542948
2704,132.24525451660156,138.06175767429372
2705,132.24525451660156,134.06950973673472
2706,132.24525451660156,132.2463414467855
2707,165.3065643310547,131.732076674858
2708,153.49896240234375,132.08822520553466
2709,153.49896240234375,156.2484181117223
2710,160.5835418701172,155.6653374641102
2711,181.83721923828125,156.18167158135606
2712,226.7061462402344,159.12346100099535
2713,231.42919921875,181.94226572520313
2714,219.62158203125,209.00875066374073
2715,212.5370178222656,204.95676153834907
2716,207.81398010253903,198.08646204572574
2717,186.56027221679688,198.3855919978023
2718,184.19874572753903,196.79456570594294
2719,181.83721923828125,191.85841430419964
2720,181.83721923828125,185.6338317016968
2721,217.2600555419922,180.3837403274613
2722,217.2600555419922,178.4178379297943
2723,219.62158203125,214.59900183291379
2724,210.1754913330078,210.23500412399375
2725,198.36788940429688,202.7841680612379
2726,200.7294158935547,200.4068635841245
2727,196.00637817382807,195.84700031205313
2728,181.83721923828125,199.60885910873313
2729,188.9217834472656,194.77508755223
2730,174.75265502929688,187.03161360114143
2731,179.47569274902344,189.6142701695518
2732,196.00637817382807,183.0694421776456
2733,188.9217834472656,181.29841530340894
2734,181.83721923828125,192.3201704530591
2735,193.6448516845703,187.85002750192746
2736,188.9217834472656,180.95183648044468
2737,186.56027221679688,189.491302367164
2738,170.0296173095703,185.5453935633465
2739,167.6680908203125,185.26753323511065
2740,167.6680908203125,179.1318026400218
2741,174.75265502929688,170.57132681201148
2742,186.56027221679688,169.12899312512485
2743,184.19874572753903,169.5710377454421
2744,181.83721923828125,183.01194683811434
2745,184.19874572753903,178.7683769116423
2746,188.9217834472656,177.4509829915056
2747,188.9217834472656,181.01761731632902
2748,184.19874572753903,186.1011061047385
2749,186.56027221679688,185.38458514441186
2750,186.56027221679688,182.27773500408574
2751,186.56027221679688,185.65902090902284
2752,181.83721923828125,182.67703749972958
2753,181.83721923828125,184.2867933954899
2754,181.83721923828125,180.75282226637762
2755,177.1141815185547,180.53285491657738
2756,177.1141815185547,179.77034579970538
2757,177.1141815185547,176.5412338689236
2758,172.39112854003906,175.56663714462044
2759,177.1141815185547,175.14438520364217
2760,179.47569274902344,171.58002310112911
2761,188.9217834472656,174.71198941306417
2762,200.7294158935547,177.71732802167585
2763,207.81398010253903,182.7800340910254
2764,203.0909423828125,198.494496367105
2765,200.7294158935547,198.7532781430137
2766,198.3109893798828,194.77052687744992
2767,198.3109893798828,197.5568881759823
2768,195.89254760742188,194.70640963289995
2769,198.3109893798828,195.49978039779415
2770,200.7294158935547,194.5775746279037
2771,203.14784240722656,195.109128577089
2772,212.8215484619141,197.89760791141777
2773,207.9846954345703,199.10660871227154
2774,198.3109893798828,213.55032254621386
2775,200.7294158935547,206.2956847648762
2776,193.47412109375,195.97763686473832
2777,191.05569458007807,199.25332123780237
2778,183.8004150390625,194.51923532008573
2779,186.2188415527344,190.48251065957172
2780,183.8004150390625,185.3572697862097
2781,188.63726806640625,183.51285824642878
2782,183.8004150390625,183.02978378325048
2783,183.8004150390625,186.73722285559785
2784,181.38198852539065,181.65875730151015
2785,183.8004150390625,181.36146947252087
2786,183.8004150390625,178.96550031214394
2787,183.8004150390625,180.93804084498905
2788,169.28985595703125,180.3473766554162
2789,162.0345916748047,181.1480104166238
2790,169.28985595703125,175.91943211861943
2791,166.87142944335938,167.00931402506575
2792,166.87142944335938,167.08725125031037
2793,169.28985595703125,165.27177402712772
2794,166.87142944335938,166.9243004503403
2795,166.87142944335938,166.73225303217833
2796,164.45301818847656,166.53081240928702
2797,166.87142944335938,165.85441240289725
2798,169.28985595703125,164.60374878296747
2799,169.28985595703125,165.99304636660685
2800,174.126708984375,166.63965591549214
2801,174.126708984375,166.91908245410622
2802,174.126708984375,171.34083924264712
2803,174.126708984375,171.79104763312228
2804,169.28985595703125,171.87883656509817
2805,169.28985595703125,171.29827564972666
2806,169.28985595703125,168.74586804082267
2807,166.87142944335938,167.9951623073449
2808,164.45301818847656,167.35199760978372
2809,164.45301818847656,165.42477168187054
2810,164.45301818847656,163.9750735601745
2811,169.28985595703125,163.59052833692834
2812,169.28985595703125,163.86175458752598
2813,176.54513549804688,166.7052054716056
2814,174.126708984375,167.28060113876097
2815,171.70828247070312,175.41728721819368
2816,171.70828247070312,171.49350012158325
2817,169.28985595703125,170.05003032354145
2818,166.87142944335938,170.28019021341953
2819,166.87142944335938,167.94887389285145
2820,162.0345916748047,165.88860934866787
2821,164.45301818847656,165.40099449840878
2822,166.87142944335938,163.15877769518488
2823,166.87142944335938,163.54227201561253
2824,164.45301818847656,164.44778100906183
2825,166.87142944335938,165.51347356031044
2826,166.87142944335938,163.61122584765164
2827,169.28985595703125,164.6978674770936
2828,171.70828247070312,165.44448726795258
2829,174.126708984375,166.91402270192586
2830,171.70828247070312,168.8630822517175
2831,203.14784240722656,170.9913146457591
2832,193.47412109375,169.4465929985526
2833,186.2188415527344,203.07416043359504
2834,186.2188415527344,197.55830019984657
2835,183.8004150390625,179.28284050302196
2836,183.8004150390625,184.73432380967068
2837,186.2188415527344,183.40340205170781
2838,188.63726806640625,183.05287930001919
2839,188.63726806640625,182.8643416538187
2840,188.63726806640625,185.08820620434676
2841,186.2188415527344,185.4385991147605
2842,183.8004150390625,184.8370769485761
2843,183.8004150390625,184.97041582279468
2844,183.8004150390625,183.0442286250805
2845,183.8004150390625,182.65386083216413
2846,183.8004150390625,182.249648713314
2847,183.8004150390625,181.51122515293164
2848,188.63726806640625,182.23799545889386
2849,188.63726806640625,181.2519158968438
2850,183.8004150390625,187.02625764855276
2851,186.2188415527344,184.0060522139677
2852,181.38198852539065,181.96825021033777
2853,176.54513549804688,182.84582304198943
2854,174.126708984375,179.7999983008553
2855,174.126708984375,176.43456926161252
2856,178.96356201171875,173.51144452523675
2857,178.96356201171875,172.58836232674085
2858,176.54513549804688,176.0319233531406
2859,174.126708984375,175.91437642397892
2860,174.126708984375,174.61184121473593
2861,174.126708984375,172.60622361711603
2862,176.54513549804688,173.58795349645777
2863,169.28985595703125,172.10093006577455
2864,174.126708984375,173.5888542703022
2865,174.126708984375,169.60702812382198
2866,169.28985595703125,172.02227871351806
2867,171.70828247070312,171.39084436363396
2868,166.87142944335938,168.27826497705394
2869,166.87142944335938,169.65610812572532
2870,169.28985595703125,166.56188910692077
2871,166.87142944335938,166.5037526760948
2872,176.54513549804688,166.93590907182224
2873,176.54513549804688,165.68137455888518
2874,176.54513549804688,173.71226028699272
2875,181.38198852539065,171.8537285085689
2876,183.8004150390625,173.48020146846955
2877,181.38198852539065,177.53996484019447
2878,181.38198852539065,180.10306406657656
2879,178.96356201171875,177.59448194548327
2880,176.54513549804688,178.43492017252024
2881,181.38198852539065,176.65336803993887
2882,181.38198852539065,176.54637071436093
2883,178.96356201171875,178.83971657710728
2884,181.38198852539065,178.13744569669834
2885,181.38198852539065,176.3628076120042
2886,178.96356201171875,178.52739150547137
2887,176.54513549804688,178.43584529160373
2888,178.96356201171875,177.63866043926004
2889,178.96356201171875,175.35126292991896
2890,178.96356201171875,176.74926393651492
2891,178.96356201171875,176.58511210475223
2892,181.38198852539065,176.97328882615506
2893,186.2188415527344,176.7244236776151
2894,191.05569458007807,178.6700221459233
2895,191.05569458007807,181.99134572710645
2896,188.63726806640625,186.92642593833205
2897,191.05569458007807,187.98519226907393
2898,188.63726806640625,185.70357269646487
2899,188.63726806640625,188.00741947231688
2900,186.2188415527344,186.83504202605798
2901,188.63726806640625,185.15022164325967
2902,188.63726806640625,183.77374994305416
2903,186.2188415527344,185.91314462919533
2904,186.2188415527344,185.44155300376397
2905,186.2188415527344,183.60351991661133
2906,183.8004150390625,183.52868265180433
2907,183.8004150390625,183.66221628793522
2908,191.05569458007807,181.6486540273088
2909,188.63726806640625,181.50356451771393
2910,191.05569458007807,187.3236347434185
2911,193.47412109375,185.40161058158006
2912,193.47412109375,187.7028361866955
2913,193.47412109375,190.40189545803273
2914,195.89254760742188,189.68713546999658
2915,191.05569458007807,190.20632203774989
2916,198.3109893798828,192.07686413409976
2917,198.3109893798828,189.32607122980392
2918,198.3109893798828,194.86462122633705
2919,193.47412109375,194.4207263678528
2920,191.05569458007807,194.50749279978908
2921,191.05569458007807,191.72122888221287
2922,188.63726806640625,189.81670083216403
2923,193.47412109375,189.3104659315797
2924,195.89254760742188,189.13193417862442
2925,198.3109893798828,190.11697501047547
2926,198.3109893798828,192.99565345544505
2927,200.7294158935547,199.62409111329208
2928,200.7294158935547,193.84923811156327
2929,207.9846954345703,197.00761900785602
2930,205.56626892089844,196.022172422021
2931,200.7294158935547,203.75335202739467
2932,212.8215484619141,200.11901359280284
2933,215.23995971679688,199.1298584155541
2934,207.9846954345703,208.35560036063353
2935,207.9846954345703,208.32909651039935
2936,205.56626892089844,204.24874518152683
2937,203.14784240722656,205.00486773069082
2938,205.56626892089844,203.27169770316038
2939,200.7294158935547,201.27537998685352
2940,200.7294158935547,201.83448463155167
2941,198.3109893798828,198.16176187007446
2942,198.3109893798828,197.85013469529102
2943,200.7294158935547,195.47472914682265
2944,198.3109893798828,195.36069604716232
2945,193.47412109375,196.45759513731954
2946,193.47412109375,195.0493366700083
2947,193.47412109375,191.39944974275
2948,193.47412109375,191.7866201942726
2949,193.47412109375,189.79381630746707
2950,193.47412109375,190.42866710589635
2951,193.47412109375,190.40509279942654
2952,193.47412109375,190.60722320409064
2953,193.47412109375,190.60722320409064
2954,193.47412109375,190.60722320409064
2955,193.47412109375,190.60722320409064
2956,193.47412109375,190.60722320409064
2957,193.47412109375,190.60722320409064
2958,193.47412109375,190.60722320409064
2959,193.47412109375,190.60722320409064
2960,193.47412109375,190.60722320409064
2961,193.47412109375,190.60722320409064
2962,193.47412109375,190.60722320409064
2963,193.47412109375,190.60722320409064
2964,193.47412109375,190.60722320409064
2965,193.47412109375,190.60722320409064
2966,193.47412109375,190.60722320409064
2967,193.47412109375,190.60722320409064
2968,193.47412109375,190.60722320409064
2969,193.47412109375,190.60722320409064
2970,193.47412109375,190.60722320409064
2971,193.47412109375,190.60722320409064
2972,193.47412109375,190.60722320409064
2973,193.47412109375,190.60722320409064
2974,193.47412109375,190.60723131917035
2975,193.47412109375,190.60723131917035
2976,193.47412109375,190.60722320409064
2977,193.47412109375,190.60722320409064
2978,193.47412109375,190.60722320409064
2979,193.47412109375,190.60722320409064
2980,193.47412109375,190.60722320409064
2981,193.47412109375,190.60722320409064
2982,193.47412109375,190.60722320409064
2983,193.47412109375,190.60722320409064
2984,193.47412109375,190.60722320409064
2985,193.47412109375,190.60722320409064
2986,193.47412109375,190.60722320409064
2987,193.47412109375,190.60722320409064
2988,193.47412109375,190.60722320409064
2989,193.47412109375,190.60722320409064
2990,193.47412109375,190.60722320409064
2991,193.47412109375,190.60722320409064
2992,193.47412109375,190.60722320409064
2993,193.47412109375,190.60722320409064
2994,193.47412109375,190.60722320409064
2995,193.47412109375,190.60722320409064
2996,193.47412109375,190.60722320409064
2997,193.47412109375,190.60722320409064
2998,193.47412109375,190.60722320409064
2999,193.47412109375,190.60722320409064
3000,193.47412109375,190.60722320409064
3001,193.47412109375,190.60722320409064
3002,193.47412109375,190.60722320409064
3003,193.47412109375,190.60722320409064
3004,193.47412109375,190.60722320409064
3005,193.47412109375,190.60722320409064
3006,193.47412109375,190.60723131917035
3007,193.47412109375,190.60723131917035
3008,193.47412109375,190.60722320409064
3009,193.47412109375,190.60722320409064
3010,193.47412109375,190.60722320409064
3011,193.47412109375,190.60722320409064
3012,193.47412109375,190.60722320409064
3013,193.47412109375,190.60722320409064
3014,193.47412109375,190.60722320409064
3015,193.47412109375,190.60722320409064
3016,193.47412109375,190.60722320409064
3017,193.47412109375,190.60722320409064
3018,193.47412109375,190.60722320409064
3019,193.47412109375,190.60722320409064
3020,193.47412109375,190.60722320409064
3021,193.47412109375,190.60722320409064
3022,193.47412109375,190.60722320409064
3023,193.47412109375,190.60722320409064
3024,193.47412109375,190.60722320409064
3025,193.47412109375,190.60722320409064
3026,193.47412109375,190.60722320409064
3027,193.47412109375,190.60722320409064
3028,193.47412109375,190.60722320409064
3029,193.47412109375,190.60722320409064
3030,193.47412109375,190.60722320409064
3031,193.47412109375,190.60722320409064
3032,193.47412109375,190.60722320409064
3033,193.47412109375,190.60722320409064
3034,193.47412109375,190.60722320409064
3035,193.47412109375,190.60722320409064
3036,193.47412109375,190.60722320409064
3037,193.47412109375,190.60722320409064
3038,193.47412109375,190.60723131917035
3039,193.47412109375,190.60723131917035
3040,193.47412109375,190.60722320409064
3041,193.47412109375,190.60722320409064
3042,193.47412109375,190.60722320409064
3043,193.47412109375,190.60722320409064
3044,193.47412109375,190.60722320409064
3045,193.47412109375,190.60722320409064
3046,193.47412109375,190.60722320409064
3047,193.47412109375,190.60722320409064
3048,193.47412109375,190.60722320409064
3049,193.47412109375,190.60722320409064
3050,193.47412109375,190.60722320409064
3051,193.47412109375,190.60722320409064
3052,193.47412109375,190.60722320409064
3053,193.47412109375,190.60722320409064
3054,193.47412109375,190.60722320409064
3055,193.47412109375,190.60722320409064
3056,193.47412109375,190.60722320409064
3057,193.47412109375,190.60722320409064
3058,193.47412109375,190.60722320409064
3059,193.47412109375,190.60722320409064
3060,193.47412109375,190.60722320409064
3061,193.47412109375,190.60722320409064
3062,193.47412109375,190.60722320409064
3063,193.47412109375,190.60722320409064
3064,193.47412109375,190.60722320409064
3065,193.47412109375,190.60722320409064
3066,193.47412109375,190.60722320409064
3067,193.47412109375,190.60722320409064
3068,193.47412109375,190.60722320409064
3069,193.47412109375,190.60722320409064
3070,193.47412109375,190.60723131917035
3071,193.47412109375,190.60723131917035
3072,193.47412109375,190.60722320409064
3073,193.47412109375,190.60722320409064
3074,193.47412109375,190.60722320409064
3075,193.47412109375,190.60722320409064
3076,193.47412109375,190.60722320409064
3077,193.47412109375,190.60722320409064
3078,193.47412109375,190.60722320409064
3079,193.47412109375,190.60722320409064
3080,193.47412109375,190.60722320409064
3081,193.47412109375,190.60722320409064
3082,193.47412109375,190.60722320409064
3083,193.47412109375,190.60722320409064
3084,193.47412109375,190.60722320409064
3085,193.47412109375,190.60722320409064
3086,193.47412109375,190.60722320409064
3087,193.47412109375,190.60722320409064
3088,193.47412109375,190.60722320409064
3089,193.47412109375,190.60722320409064
3090,193.47412109375,190.60722320409064
3091,193.47412109375,190.60722320409064
3092,193.47412109375,190.60722320409064
3093,193.47412109375,190.60722320409064
3094,193.47412109375,190.60722320409064
3095,193.47412109375,190.60722320409064
3096,193.47412109375,190.60722320409064
3097,193.47412109375,190.60722320409064
3098,193.47412109375,190.60722320409064
3099,193.47412109375,190.60722320409064
3100,193.47412109375,190.60722320409064
3101,193.47412109375,190.60722320409064
3102,193.47412109375,190.60723131917035
3103,193.47412109375,190.60723131917035
3104,193.47412109375,190.60722320409064
3105,193.47412109375,190.60722320409064
3106,193.47412109375,190.60722320409064
3107,193.47412109375,190.60722320409064
3108,193.47412109375,190.60722320409064
3109,193.47412109375,190.60722320409064
3110,193.47412109375,190.60722320409064
3111,193.47412109375,190.60722320409064
3112,193.47412109375,190.60722320409064
3113,193.47412109375,190.60722320409064
3114,193.47412109375,190.60722320409064
3115,193.47412109375,190.60722320409064
3116,193.47412109375,190.60722320409064
3117,193.47412109375,190.60722320409064
3118,193.47412109375,190.60722320409064
3119,193.47412109375,190.60722320409064
3120,193.47412109375,190.60722320409064
3121,193.47412109375,190.60722320409064
3122,193.47412109375,190.60722320409064
3123,193.47412109375,190.60722320409064
3124,193.47412109375,190.60722320409064
3125,193.47412109375,190.60722320409064
3126,193.47412109375,190.60722320409064
3127,193.47412109375,190.60722320409064
3128,193.47412109375,190.60722320409064
3129,193.47412109375,190.60722320409064
3130,193.47412109375,190.60722320409064
3131,193.47412109375,190.60722320409064
3132,193.47412109375,190.60722320409064
3133,193.47412109375,190.60722320409064
3134,193.47412109375,190.60723131917035
3135,193.47412109375,190.60723131917035
3136,193.47412109375,190.60722320409064
3137,193.47412109375,190.60722320409064
3138,193.47412109375,190.60722320409064
3139,193.47412109375,190.60722320409064
3140,193.47412109375,190.60722320409064
3141,193.47412109375,190.60722320409064
3142,193.47412109375,190.60722320409064
3143,193.47412109375,190.60722320409064
3144,193.47412109375,190.60722320409064
3145,193.47412109375,190.60722320409064
3146,193.47412109375,190.60722320409064
3147,193.47412109375,190.60722320409064
3148,193.47412109375,190.60722320409064
3149,193.47412109375,190.60722320409064
3150,193.47412109375,190.60722320409064
3151,193.47412109375,190.60722320409064
3152,193.47412109375,190.60722320409064
3153,193.47412109375,190.60722320409064
3154,193.47412109375,190.60722320409064
3155,193.47412109375,190.60722320409064
3156,193.47412109375,190.60722320409064
3157,193.47412109375,190.60722320409064
3158,193.47412109375,190.60722320409064
3159,193.47412109375,190.60722320409064
3160,193.47412109375,190.60722320409064
3161,193.47412109375,190.60722320409064
3162,193.47412109375,190.60722320409064
3163,193.47412109375,190.60722320409064
3164,193.47412109375,190.60722320409064
3165,193.47412109375,190.60722320409064
3166,193.47412109375,190.60723131917035
3167,193.47412109375,190.60723131917035
3168,193.47412109375,190.60722320409064
3169,193.47412109375,190.60722320409064
3170,193.47412109375,190.60722320409064
3171,193.47412109375,190.60722320409064
3172,193.47412109375,190.60722320409064
3173,193.47412109375,190.60722320409064
3174,193.47412109375,190.60722320409064
3175,193.47412109375,190.60722320409064
3176,193.47412109375,190.60722320409064
3177,193.47412109375,190.60722320409064
3178,193.47412109375,190.60722320409064
3179,193.47412109375,190.60722320409064
3180,193.47412109375,190.60722320409064
3181,193.47412109375,190.60722320409064
3182,193.47412109375,190.60722320409064
3183,193.47412109375,190.60722320409064
3184,193.47412109375,190.60722320409064
3185,193.47412109375,190.60722320409064
3186,193.47412109375,190.60722320409064
3187,193.47412109375,190.60722320409064
3188,193.47412109375,190.60722320409064
3189,193.47412109375,190.60722320409064
3190,193.47412109375,190.60722320409064
3191,193.47412109375,190.60722320409064
3192,193.47412109375,190.60722320409064
3193,193.47412109375,190.60722320409064
3194,193.47412109375,190.60722320409064
3195,193.47412109375,190.60722320409064
3196,193.47412109375,190.60722320409064
3197,193.47412109375,190.60722320409064
3198,193.47412109375,190.60723131917035
3199,193.47412109375,190.60723131917035
3200,193.47412109375,190.60722320409064
3201,193.47412109375,190.60722320409064
3202,193.47412109375,190.60722320409064
3203,193.47412109375,190.60722320409064
3204,193.47412109375,190.60722320409064
3205,193.47412109375,190.60722320409064
3206,193.47412109375,190.60722320409064
3207,193.47412109375,190.60722320409064
3208,193.47412109375,190.60722320409064
3209,193.47412109375,190.60722320409064
3210,193.47412109375,190.60722320409064
3211,193.47412109375,190.60722320409064
3212,193.47412109375,190.60722320409064
3213,193.47412109375,190.60722320409064
3214,193.47412109375,190.60722320409064
3215,193.47412109375,190.60722320409064
3216,193.47412109375,190.60722320409064
3217,193.47412109375,190.60722320409064
3218,193.47412109375,190.60722320409064
3219,193.47412109375,190.60722320409064
3220,193.47412109375,190.60722320409064
3221,193.47412109375,190.60722320409064
3222,193.47412109375,190.60722320409064
3223,193.47412109375,190.60722320409064
3224,193.47412109375,190.60722320409064
3225,193.47412109375,190.60722320409064
3226,193.47412109375,190.60722320409064
3227,193.47412109375,190.60722320409064
3228,193.47412109375,190.60722320409064
3229,193.47412109375,190.60722320409064
3230,193.47412109375,190.60723131917035
3231,193.47412109375,190.60723131917035
3232,193.47412109375,190.60722320409064
3233,193.47412109375,190.60722320409064
3234,193.47412109375,190.60722320409064
3235,193.47412109375,190.60722320409064
3236,193.47412109375,190.60722320409064
3237,193.47412109375,190.60722320409064
3238,193.47412109375,190.60722320409064
3239,193.47412109375,190.60722320409064
3240,193.47412109375,190.60722320409064
3241,193.47412109375,190.60722320409064
3242,193.47412109375,190.60722320409064
3243,193.47412109375,190.60722320409064
3244,193.47412109375,190.60722320409064
3245,193.47412109375,190.60722320409064
3246,193.47412109375,190.60722320409064
3247,193.47412109375,190.60722320409064
3248,193.47412109375,190.60722320409064
3249,193.47412109375,190.60722320409064
3250,193.47412109375,190.60722320409064
3251,193.47412109375,190.60722320409064
3252,193.47412109375,190.60722320409064
3253,193.47412109375,190.60722320409064
3254,193.47412109375,190.60722320409064
3255,193.47412109375,190.60722320409064
3256,193.47412109375,190.60722320409064
3257,193.47412109375,190.60722320409064
3258,193.47412109375,190.60722320409064
3259,193.47412109375,190.60722320409064
3260,193.47412109375,190.60722320409064
3261,193.47412109375,190.60722320409064
3262,193.47412109375,190.60723131917035
3263,193.47412109375,190.60723131917035
3264,193.47412109375,190.60722320409064
3265,193.47412109375,190.60722320409064
3266,193.47412109375,190.60722320409064
3267,193.47412109375,190.60722320409064
3268,193.47412109375,190.60722320409064
3269,193.47412109375,190.60722320409064
3270,193.47412109375,190.60722320409064
3271,193.47412109375,190.60722320409064
3272,193.47412109375,190.60722320409064
3273,193.47412109375,190.60722320409064
3274,193.47412109375,190.60722320409064
3275,193.47412109375,190.60722320409064
3276,193.47412109375,190.60722320409064
3277,193.47412109375,190.60722320409064
3278,193.47412109375,190.60722320409064
3279,193.47412109375,190.60722320409064
3280,193.47412109375,190.60722320409064
3281,193.47412109375,190.60722320409064
3282,193.47412109375,190.60722320409064
3283,193.47412109375,190.60722320409064
3284,193.47412109375,190.60722320409064
3285,193.47412109375,190.60722320409064
3286,193.47412109375,190.60722320409064
3287,193.47412109375,190.60722320409064
3288,193.47412109375,190.60722320409064
3289,193.47412109375,190.60722320409064
3290,193.47412109375,190.60722320409064
3291,193.47412109375,190.60722320409064
3292,193.47412109375,190.60722320409064
3293,193.47412109375,190.60722320409064
3294,193.47412109375,190.60723131917035
3295,193.47412109375,190.60723131917035
3296,193.47412109375,190.60722320409064
3297,193.47412109375,190.60722320409064
3298,193.47412109375,190.60722320409064
3299,193.47412109375,190.60722320409064
3300,193.47412109375,190.60722320409064
3301,193.47412109375,190.60722320409064
3302,193.47412109375,190.60722320409064
3303,193.47412109375,190.60722320409064
3304,193.47412109375,190.60722320409064
3305,193.47412109375,190.60722320409064
3306,193.47412109375,190.60722320409064
3307,193.47412109375,190.60722320409064
3308,193.47412109375,190.60722320409064
3309,193.47412109375,190.60722320409064
3310,193.47412109375,190.60722320409064
3311,193.47412109375,190.60722320409064
3312,193.47412109375,190.60722320409064
3313,193.47412109375,190.60722320409064
3314,193.47412109375,190.60722320409064
3315,193.47412109375,190.60722320409064
3316,193.47412109375,190.60722320409064
3317,193.47412109375,190.60722320409064
3318,193.47412109375,190.60722320409064
3319,193.47412109375,190.60722320409064
3320,193.47412109375,190.60722320409064
3321,193.47412109375,190.60722320409064
3322,193.47412109375,190.60722320409064
3323,193.47412109375,190.60722320409064
3324,193.47412109375,190.60722320409064
3325,193.47412109375,190.60722320409064
3326,193.47412109375,190.60723131917035
3327,193.47412109375,190.60723131917035
3328,193.47412109375,190.60722320409064
3329,193.47412109375,190.60722320409064
3330,193.47412109375,190.60722320409064
3331,193.47412109375,190.60722320409064
3332,193.47412109375,190.60722320409064
3333,193.47412109375,190.60722320409064
3334,193.47412109375,190.60722320409064
3335,193.47412109375,190.60722320409064
3336,193.47412109375,190.60722320409064
3337,193.47412109375,190.60722320409064
3338,193.47412109375,190.60722320409064
3339,193.47412109375,190.60722320409064
3340,193.47412109375,190.60722320409064
3341,193.47412109375,190.60722320409064
3342,193.47412109375,190.60722320409064
3343,193.47412109375,190.60722320409064
3344,193.47412109375,190.60722320409064
3345,193.47412109375,190.60722320409064
3346,193.47412109375,190.60722320409064
3347,193.47412109375,190.60722320409064
3348,193.47412109375,190.60722320409064
3349,193.47412109375,190.60722320409064
3350,193.47412109375,190.60722320409064
3351,193.47412109375,190.60722320409064
3352,193.47412109375,190.60722320409064
3353,193.47412109375,190.60722320409064
3354,193.47412109375,190.60722320409064
3355,193.47412109375,190.60722320409064
3356,193.47412109375,190.60722320409064
3357,193.47412109375,190.60722320409064
3358,193.47412109375,190.60723131917035
3359,193.47412109375,190.60723131917035
3360,193.47412109375,190.60722320409064
3361,193.47412109375,190.60722320409064
3362,193.47412109375,190.60722320409064
3363,193.47412109375,190.60722320409064
3364,193.47412109375,190.60722320409064
3365,193.47412109375,190.60722320409064
3366,193.47412109375,190.60722320409064
3367,193.47412109375,190.60722320409064
3368,193.47412109375,190.60722320409064
3369,193.47412109375,190.60722320409064
3370,193.47412109375,190.60722320409064
3371,193.47412109375,190.60722320409064
3372,193.47412109375,190.60722320409064
3373,193.47412109375,190.60722320409064
3374,193.47412109375,190.60722320409064
3375,193.47412109375,190.60722320409064
3376,193.47412109375,190.60722320409064
3377,193.47412109375,190.60722320409064
3378,193.47412109375,190.60722320409064
3379,193.47412109375,190.60722320409064
3380,193.47412109375,190.60722320409064
3381,193.47412109375,190.60722320409064
3382,193.47412109375,190.60722320409064
3383,193.47412109375,190.60722320409064
3384,193.47412109375,190.60722320409064
3385,193.47412109375,190.60722320409064
3386,193.47412109375,190.60722320409064
3387,193.47412109375,190.60722320409064
3388,193.47412109375,190.60722320409064
3389,193.47412109375,190.60722320409064
3390,193.47412109375,190.60723131917035
3391,193.47412109375,190.60723131917035
3392,193.47412109375,190.60722320409064
3393,193.47412109375,190.60722320409064
3394,193.47412109375,190.60722320409064
3395,193.47412109375,190.60722320409064
3396,193.47412109375,190.60722320409064
3397,193.47412109375,190.60722320409064
3398,193.47412109375,190.60722320409064
3399,193.47412109375,190.60722320409064
3400,193.47412109375,190.60722320409064
3401,193.47412109375,190.60722320409064
3402,193.47412109375,190.60722320409064
3403,193.47412109375,190.60722320409064
3404,193.47412109375,190.60722320409064
3405,193.47412109375,190.60722320409064
3406,193.47412109375,190.60722320409064
3407,193.47412109375,190.60722320409064
3408,193.47412109375,190.60722320409064
3409,193.47412109375,190.60722320409064
3410,193.47412109375,190.60722320409064
3411,193.47412109375,190.60722320409064
3412,193.47412109375,190.60722320409064
3413,193.47412109375,190.60722320409064
3414,193.47412109375,190.60722320409064
3415,193.47412109375,190.60722320409064
3416,193.47412109375,190.60722320409064
3417,193.47412109375,190.60722320409064
3418,193.47412109375,190.60722320409064
3419,193.47412109375,190.60722320409064
3420,193.47412109375,190.60722320409064
3421,193.47412109375,190.60722320409064
3422,193.47412109375,190.60723131917035
3423,193.47412109375,190.60723131917035
3424,193.47412109375,190.60722320409064
3425,193.47412109375,190.60722320409064
3426,193.47412109375,190.60722320409064
3427,193.47412109375,190.60722320409064
3428,193.47412109375,190.60722320409064
3429,193.47412109375,190.60722320409064
3430,193.47412109375,190.60722320409064
3431,193.47412109375,190.60722320409064
3432,193.47412109375,190.60722320409064
3433,193.47412109375,190.60722320409064
3434,193.47412109375,190.60722320409064
3435,193.47412109375,190.60722320409064
3436,193.47412109375,190.60722320409064
3437,193.47412109375,190.60722320409064
3438,193.47412109375,190.60722320409064
3439,193.47412109375,190.60722320409064
3440,193.47412109375,190.60722320409064
3441,193.47412109375,190.60722320409064
3442,193.47412109375,190.60722320409064
3443,193.47412109375,190.60722320409064
3444,193.47412109375,190.60722320409064
3445,193.47412109375,190.60722320409064
3446,193.47412109375,190.60722320409064
3447,193.47412109375,190.60722320409064
3448,193.47412109375,190.60722320409064
3449,193.47412109375,190.60722320409064
3450,193.47412109375,190.60722320409064
3451,193.47412109375,190.60722320409064
3452,193.47412109375,190.60722320409064
3453,193.47412109375,190.60722320409064
3454,193.47412109375,190.60723131917035
3455,193.47412109375,190.60723131917035
3456,193.47412109375,190.60722320409064
3457,193.47412109375,190.60722320409064
3458,193.47412109375,190.60722320409064
3459,193.47412109375,190.60722320409064
3460,193.47412109375,190.60722320409064
3461,193.47412109375,190.60722320409064
3462,193.47412109375,190.60722320409064
3463,193.47412109375,190.60722320409064
3464,193.47412109375,190.60722320409064
3465,193.47412109375,190.60722320409064
3466,193.47412109375,190.60722320409064
3467,193.47412109375,190.60722320409064
3468,193.47412109375,190.60722320409064
3469,193.47412109375,190.60722320409064
3470,193.47412109375,190.60722320409064
3471,193.47412109375,190.60722320409064
3472,193.47412109375,190.60722320409064
3473,193.47412109375,190.60722320409064
3474,193.47412109375,190.60722320409064
3475,193.47412109375,190.60722320409064
3476,193.47412109375,190.60722320409064
3477,198.43499755859372,190.60722320409064
3478,198.43499755859372,190.60722320409064
3479,198.43499755859372,195.11507693049424
3480,198.43499755859372,194.3790960090955
3481,198.43499755859372,195.37693432160157
3482,198.43499755859372,195.42675279575576
3483,198.43499755859372,195.42675279575576
3484,198.43499755859372,195.42675279575576
3485,198.43499755859372,195.42675279575576
3486,198.43499755859372,195.4267365655964
3487,198.43499755859372,195.4267365655964
3488,198.43499755859372,195.42675279575576
3489,198.43499755859372,195.42675279575576
3490,198.43499755859372,195.42675279575576
3491,198.43499755859372,195.42675279575576
3492,198.43499755859372,195.42675279575576
3493,198.43499755859372,195.42675279575576
3494,198.43499755859372,195.42675279575576
3495,198.43499755859372,195.42675279575576
3496,198.43499755859372,195.42675279575576
3497,198.43499755859372,195.42675279575576
3498,198.43499755859372,195.42675279575576
3499,198.43499755859372,195.42675279575576
3500,198.43499755859372,195.42675279575576
3501,198.43499755859372,195.42675279575576
3502,198.43499755859372,195.42675279575576
3503,198.43499755859372,195.42675279575576
3504,198.43499755859372,195.42675279575576
3505,198.43499755859372,195.42675279575576
3506,198.43499755859372,195.42675279575576
3507,198.43499755859372,195.42675279575576
3508,198.43499755859372,195.42675279575576
3509,198.43499755859372,195.42675279575576
3510,198.43499755859372,195.42675279575576
3511,198.43499755859372,195.42675279575576
3512,198.43499755859372,195.42675279575576
3513,198.43499755859372,195.42675279575576
3514,198.43499755859372,195.42675279575576
3515,198.43499755859372,195.42675279575576
3516,198.43499755859372,195.42675279575576
3517,198.43499755859372,195.42675279575576
3518,198.43499755859372,195.4267365655964
3519,198.43499755859372,195.4267365655964
3520,198.43499755859372,195.42675279575576
3521,198.43499755859372,195.42675279575576
3522,198.43499755859372,195.42675279575576
3523,198.43499755859372,195.42675279575576
3524,198.43499755859372,195.42675279575576
3525,198.43499755859372,195.42675279575576
3526,198.43499755859372,195.42675279575576
3527,198.43499755859372,195.42675279575576
3528,198.43499755859372,195.42675279575576
3529,198.43499755859372,195.42675279575576
3530,198.43499755859372,195.42675279575576
3531,198.43499755859372,195.42675279575576
3532,198.43499755859372,195.42675279575576
3533,198.43499755859372,195.42675279575576
3534,198.43499755859372,195.42675279575576
3535,198.43499755859372,195.42675279575576
3536,198.43499755859372,195.42675279575576
3537,198.43499755859372,195.42675279575576
3538,198.43499755859372,195.42675279575576
3539,198.43499755859372,195.42675279575576
3540,198.43499755859372,195.42675279575576
3541,198.43499755859372,195.42675279575576
3542,198.43499755859372,195.42675279575576
3543,198.43499755859372,195.42675279575576
3544,198.43499755859372,195.42675279575576
3545,198.43499755859372,195.42675279575576
3546,198.43499755859372,195.42675279575576
3547,198.43499755859372,195.42675279575576
3548,198.43499755859372,195.42675279575576
3549,198.43499755859372,195.42675279575576
3550,198.43499755859372,195.4267365655964
3551,198.43499755859372,195.4267365655964
3552,198.43499755859372,195.42675279575576
3553,198.43499755859372,195.42675279575576
3554,198.43499755859372,195.42675279575576
3555,198.43499755859372,195.42675279575576
3556,198.43499755859372,195.42675279575576
3557,198.43499755859372,195.42675279575576
3558,198.43499755859372,195.42675279575576
3559,198.43499755859372,195.42675279575576
3560,198.43499755859372,195.42675279575576
3561,198.43499755859372,195.42675279575576
3562,198.43499755859372,195.42675279575576
3563,198.43499755859372,195.42675279575576
3564,198.43499755859372,195.42675279575576
3565,198.43499755859372,195.42675279575576
3566,198.43499755859372,195.42675279575576
3567,198.43499755859372,195.42675279575576
3568,198.43499755859372,195.42675279575576
3569,198.43499755859372,195.42675279575576
3570,198.43499755859372,195.42675279575576
3571,198.43499755859372,195.42675279575576
3572,198.43499755859372,195.42675279575576
3573,198.43499755859372,195.42675279575576
3574,198.43499755859372,195.42675279575576
3575,198.43499755859372,195.42675279575576
3576,198.43499755859372,195.42675279575576
3577,198.43499755859372,195.42675279575576
3578,198.43499755859372,195.42675279575576
3579,198.43499755859372,195.42675279575576
3580,198.43499755859372,195.42675279575576
3581,198.43499755859372,195.42675279575576
3582,198.43499755859372,195.4267365655964
3583,198.43499755859372,195.4267365655964
3584,198.43499755859372,195.42675279575576
3585,198.43499755859372,195.42675279575576
3586,198.43499755859372,195.42675279575576
3587,198.43499755859372,195.42675279575576
3588,198.43499755859372,195.42675279575576
3589,198.43499755859372,195.42675279575576
3590,198.43499755859372,195.42675279575576
3591,198.43499755859372,195.42675279575576
3592,198.43499755859372,195.42675279575576
3593,198.43499755859372,195.42675279575576
3594,198.43499755859372,195.42675279575576
3595,198.43499755859372,195.42675279575576
3596,198.43499755859372,195.42675279575576
3597,198.43499755859372,195.42675279575576
3598,198.43499755859372,195.42675279575576
3599,198.43499755859372,195.42675279575576
3600,198.43499755859372,195.42675279575576
3601,198.43499755859372,195.42675279575576
3602,198.43499755859372,195.42675279575576
3603,198.43499755859372,195.42675279575576
3604,198.43499755859372,195.42675279575576
3605,198.43499755859372,195.42675279575576
3606,198.43499755859372,195.42675279575576
3607,198.43499755859372,195.42675279575576
3608,198.43499755859372,195.42675279575576
3609,198.43499755859372,195.42675279575576
3610,198.43499755859372,195.42675279575576
3611,198.43499755859372,195.42675279575576
3612,198.43499755859372,195.42675279575576
3613,198.43499755859372,195.42675279575576
3614,198.43499755859372,195.4267365655964
3615,198.43499755859372,195.4267365655964
3616,198.43499755859372,195.42675279575576
3617,198.43499755859372,195.42675279575576
3618,198.43499755859372,195.42675279575576
3619,198.43499755859372,195.42675279575576
3620,198.43499755859372,195.42675279575576
3621,198.43499755859372,195.42675279575576
3622,198.43499755859372,195.42675279575576
3623,198.43499755859372,195.42675279575576
3624,198.43499755859372,195.42675279575576
3625,198.43499755859372,195.42675279575576
3626,198.43499755859372,195.42675279575576
3627,198.43499755859372,195.42675279575576
3628,198.43499755859372,195.42675279575576
3629,198.43499755859372,195.42675279575576
3630,198.43499755859372,195.42675279575576
3631,198.43499755859372,195.42675279575576
3632,198.43499755859372,195.42675279575576
3633,198.43499755859372,195.42675279575576
3634,198.43499755859372,195.42675279575576
3635,198.43499755859372,195.42675279575576
3636,198.43499755859372,195.42675279575576
3637,198.43499755859372,195.42675279575576
3638,198.43499755859372,195.42675279575576
3639,198.43499755859372,195.42675279575576
3640,198.43499755859372,195.42675279575576
3641,198.43499755859372,195.42675279575576
3642,198.43499755859372,195.42675279575576
3643,198.43499755859372,195.42675279575576
3644,198.43499755859372,195.42675279575576
3645,198.43499755859372,195.42675279575576
3646,198.43499755859372,195.4267365655964
3647,198.43499755859372,195.4267365655964
3648,198.43499755859372,195.42675279575576
3649,198.43499755859372,195.42675279575576
3650,198.43499755859372,195.42675279575576
3651,198.43499755859372,195.42675279575576
3652,198.43499755859372,195.42675279575576
3653,198.43499755859372,195.42675279575576
3654,198.43499755859372,195.42675279575576
3655,198.43499755859372,195.42675279575576
3656,198.43499755859372,195.42675279575576
3657,198.43499755859372,195.42675279575576
3658,198.43499755859372,195.42675279575576
3659,198.43499755859372,195.42675279575576
3660,198.43499755859372,195.42675279575576
3661,198.43499755859372,195.42675279575576
3662,198.43499755859372,195.42675279575576
3663,198.43499755859372,195.42675279575576
3664,198.43499755859372,195.42675279575576
3665,198.43499755859372,195.42675279575576
3666,198.43499755859372,195.42675279575576
3667,198.43499755859372,195.42675279575576
3668,198.43499755859372,195.42675279575576
3669,200.0,195.42675279575576
3670,200.0,195.42675279575576
3671,200.0,196.85344872409945
3672,200.0,196.615011452948
3673,200.0,196.93891674328697
3674,200.0,196.95086214057562
3675,200.0,196.95086214057562
3676,200.0,196.95086214057562
3677,200.0,196.95086214057562
3678,200.0,196.95086214057562
3679,200.0,196.95086214057562
3680,200.0,196.95086214057562
3681,200.0,196.95086214057562
3682,200.0,196.95086214057562
3683,200.0,196.95086214057562
3684,200.0,196.95086214057562
3685,200.0,196.95086214057562
3686,200.0,196.95086214057562
3687,200.0,196.95086214057562
3688,200.0,196.95086214057562
3689,200.0,196.95086214057562
3690,200.0,196.95086214057562
3691,200.0,196.95086214057562
3692,200.0,196.95086214057562
3693,200.0,196.95086214057562
3694,200.0,196.95086214057562
3695,200.0,196.95086214057562
3696,200.0,196.95086214057562
3697,200.0,196.95086214057562
3698,200.0,196.95086214057562
3699,200.0,196.95086214057562
3700,200.0,196.95086214057562
3701,200.0,196.95086214057562
3702,200.0,196.95086214057562
3703,200.0,196.95086214057562
3704,200.0,196.95086214057562
3705,200.0,196.95086214057562
3706,200.0,196.95086214057562
3707,200.0,196.95086214057562
3708,200.0,196.95086214057562
3709,200.0,196.95086214057562
3710,200.0,196.95086214057562
3711,200.0,196.95086214057562
3712,200.0,196.95086214057562
3713,200.0,196.95086214057562
3714,200.0,196.95086214057562
3715,200.0,196.95086214057562
3716,200.0,196.95086214057562
3717,200.0,196.95086214057562
3718,200.0,196.95086214057562
3719,200.0,196.95086214057562
3720,200.0,196.95086214057562
3721,200.0,196.95086214057562
3722,200.0,196.95086214057562
3723,200.0,196.95086214057562
3724,200.0,196.95086214057562
3725,200.0,196.95086214057562
3726,200.0,196.95086214057562
3727,200.0,196.95086214057562
3728,200.0,196.95086214057562
3729,200.0,196.95086214057562
3730,200.0,196.95086214057562
3731,200.0,196.95086214057562
3732,200.0,196.95086214057562
3733,200.0,196.95086214057562
3734,200.0,196.95086214057562
3735,200.0,196.95086214057562
3736,200.0,196.95086214057562
3737,200.0,196.95086214057562
3738,200.0,196.95086214057562
3739,200.0,196.95086214057562
3740,200.0,196.95086214057562
3741,200.0,196.95086214057562
3742,200.0,196.95086214057562
3743,200.0,196.95086214057562
3744,200.0,196.95086214057562
3745,200.0,196.95086214057562
3746,200.0,196.95086214057562
3747,200.0,196.95086214057562
3748,200.0,196.95086214057562
3749,200.0,196.95086214057562
3750,200.0,196.95086214057562
3751,200.0,196.95086214057562
3752,200.0,196.95086214057562
3753,200.0,196.95086214057562
3754,200.0,196.95086214057562
3755,200.0,196.95086214057562
3756,200.0,196.95086214057562
3757,200.0,196.95086214057562
3758,200.0,196.95086214057562
3759,200.0,196.95086214057562
3760,200.0,196.95086214057562
3761,200.0,196.95086214057562
3762,200.0,196.95086214057562
3763,200.0,196.95086214057562
3764,200.0,196.95086214057562
3765,200.0,196.95086214057562
3766,200.0,196.95086214057562
3767,200.0,196.95086214057562
3768,200.0,196.95086214057562
3769,200.0,196.95086214057562
3770,200.0,196.95086214057562
3771,200.0,196.95086214057562
3772,200.0,196.95086214057562
3773,200.0,196.95086214057562
3774,200.0,196.95086214057562
3775,200.0,196.95086214057562
3776,200.0,196.95086214057562
3777,200.0,196.95086214057562
3778,200.0,196.95086214057562
3779,200.0,196.95086214057562
3780,200.0,196.95086214057562
3781,200.0,196.95086214057562
3782,200.0,196.95086214057562
3783,200.0,196.95086214057562
3784,200.0,196.95086214057562
3785,200.0,196.95086214057562
3786,200.0,196.95086214057562
3787,200.0,196.95086214057562
3788,200.0,196.95086214057562
3789,200.0,196.95086214057562
3790,200.0,196.95086214057562
3791,200.0,196.95086214057562
3792,200.0,196.95086214057562
3793,200.0,196.95086214057562
3794,200.0,196.95086214057562
3795,200.0,196.95086214057562
3796,200.0,196.95086214057562
3797,200.0,196.95086214057562
3798,200.0,196.95086214057562
3799,200.0,196.95086214057562
3800,200.0,196.95086214057562
3801,200.0,196.95086214057562
3802,200.0,196.95086214057562
3803,200.0,196.95086214057562
3804,200.0,196.95086214057562
3805,200.0,196.95086214057562
3806,200.0,196.95086214057562
3807,200.0,196.95086214057562
3808,200.0,196.95086214057562
3809,200.0,196.95086214057562
3810,200.0,196.95086214057562
3811,200.0,196.95086214057562
3812,200.0,196.95086214057562
3813,200.0,196.95086214057562
3814,200.0,196.95086214057562
3815,200.0,196.95086214057562
3816,200.0,196.95086214057562
3817,200.0,196.95086214057562
3818,200.0,196.95086214057562
3819,200.0,196.95086214057562
3820,200.0,196.95086214057562
3821,200.0,196.95086214057562
3822,200.0,196.95086214057562
3823,122.0,196.95086214057562
3824,126.0,196.95086214057562
3825,125.0,170.2101367880838
3826,128.0,126.04946169753956
3827,125.0,127.33957677733261
3828,126.0,126.04658693056298
3829,124.0,125.68586555248677
3830,124.0,124.93089331586738
3831,125.0,124.47477511861545
3832,126.0,122.76430499771926
3833,127.0,124.30986249813277
3834,128.0,125.77810966320689
3835,127.0,125.63661513391015
3836,128.0,126.01532967240638
3837,128.0,125.37346744513376
3838,125.0,128.18441540632594
3839,125.0,127.32655207444657
3840,125.0,124.8116178747339
3841,124.0,124.29847907011195
3842,124.0,125.48751474618354
3843,124.0,124.56380971532222
3844,126.0,123.51176875686494
3845,127.0,123.30339176961732
3846,128.0,124.45672312386777
3847,121.0,123.69708877397235
3848,124.0,127.27155617945665
3849,126.0,127.52991597122198
3850,126.0,124.92055267558541
3851,124.0,124.47689924072164
3852,125.0,123.82337767271909
3853,126.0,122.99788539368237
3854,124.0,123.19527050550371
3855,125.0,124.31544364418255
3856,125.0,124.37870069028648
3857,125.0,123.92120292948897
3858,122.0,124.46579172540993
3859,124.0,123.61093097301207
3860,123.0,122.54614933945751
3861,131.0,122.24119276017086
3862,130.0,122.13910708656908
3863,133.0,128.09320393949508
3864,121.0,130.16071727860262
3865,128.0,131.4404004234673
3866,128.0,125.96209474970698
3867,127.0,126.29302769904862
3868,127.0,127.43301380476566
3869,128.0,126.80703684596622
3870,128.0,126.79438543674544
3871,128.0,126.99798872837141
3872,127.0,128.3542579377141
3873,127.0,128.45726873039936
3874,128.0,127.30448311525738
3875,128.0,126.65584885399198
3876,129.0,127.18167355692336
3877,130.0,126.33514496258671
3878,126.0,127.85674066147573
3879,128.0,128.6986051137664
3880,133.0,127.18567226243556
3881,133.0,126.97307543375447
3882,133.0,130.38611361670866
3883,137.0,133.27164321769789
3884,135.0,132.67271787701102
3885,140.0,135.59571277211194
3886,123.0,135.05395005268946
3887,124.0,138.28949521288737
3888,122.0,137.2967531704202
3889,123.0,129.06694452289202
3890,127.0,119.59736674990418
3891,127.0,120.85454069250707
3892,125.0,125.19090655511746
3893,125.0,125.99134149687293
3894,125.0,126.0602588110535
3895,129.0,123.74316619639417
3896,123.0,123.54905754799354
3897,128.0,126.64495030198204
3898,128.0,124.84829397734669
3899,124.0,125.61850227606487
3900,125.0,126.43742742687073
3901,125.0,125.14696542742135
3902,129.0,125.8964417263276
3903,128.0,123.68704027655886
3904,127.0,126.78021650762453
3905,128.0,127.85916098399022
3906,128.0,127.55365257928536
3907,130.0,126.61228304873106
3908,128.0,128.69138877916117
3909,127.0,128.97359676133547
3910,124.0,127.94667400325703
3911,124.0,126.27204616053655
3912,124.0,125.04700184715583
3913,122.0,123.45655984103342
3914,121.0,122.82675053585521
3915,127.0,121.39641296550522
3916,127.0,120.34616543965717
3917,127.0,124.44997543511403
3918,127.0,126.16564935085488
3919,127.0,126.70712601371864
3920,128.0,127.13977134299678
3921,129.0,126.80466115638997
3922,128.0,127.05894514938612
3923,132.0,127.76285324712046
3924,132.0,127.3063252383447
3925,132.0,130.4684248699007
3926,131.0,131.11189591171984
3927,131.0,131.35823929924933
3928,132.0,130.81414552318884
3929,131.0,130.15024273950593
3930,133.0,130.53453436651208
3931,133.0,132.36994628292817
3932,140.0,132.64622214185653
3933,133.0,132.51121967630363
3934,142.0,138.44629072492035
3935,142.0,136.1787406717061
3936,142.0,139.99967927722486
3937,141.0,140.36423300167985
3938,138.0,140.7156321819739
3939,137.0,140.3194783372458
3940,139.0,139.10905333990826
3941,142.0,137.32685605849235
3942,138.0,137.64831059476802
3943,142.0,139.95594711283047
3944,142.0,139.72900890958527
3945,137.0,140.3748069505026
3946,142.0,141.33984411094298
3947,138.0,139.36835853845628
3948,137.0,140.76215999131796
3949,137.0,138.72841552752791
3950,138.0,137.33248792379015
3951,131.0,134.9262552163882
3952,131.0,137.1162778558816
3953,129.0,142.16397508536343
3954,123.0,133.7123062456997
3955,124.0,124.91528396010332
3956,124.0,122.48547491746169
3957,120.0,124.16899688751123
3958,122.0,123.52393529007485
3959,122.0,121.44863553201456
3960,122.0,121.25130519698106
3961,122.0,120.86339424443773
3962,122.0,121.89618623389455
3963,120.0,121.54866809045735
3964,117.0,122.09369307191109
3965,118.0,120.704843846424
3966,117.0,118.07953137606178
3967,118.0,116.99653848932084
3968,118.0,116.40439938401619
3969,118.0,116.25088642171369
3970,118.0,116.6750961256647
3971,118.0,116.58633541289713
3972,118.0,116.60854841475062
3973,118.0,116.56299847250799
3974,118.0,116.56299847250799
3975,118.0,116.56299847250799
3976,116.0,116.40972186190116
3977,118.0,116.69684149605165
3978,117.0,115.87434875334156
3979,117.0,116.5397031219022
3980,117.0,116.37798784281335
3981,117.0,115.9185657937468
3982,117.0,115.85499327392031
3983,115.0,115.80409752293862
3984,114.0,115.58541844203754
3985,112.0,113.66238496716393
3986,113.0,112.56675893013148
3987,111.0,111.76211631956205
3988,112.0,113.37810155336153
3989,112.0,112.43352859510364
3990,110.0,110.92856678078826
3991,113.0,110.21526953586442
3992,112.0,109.43469878758764
3993,113.0,110.1879201957661
3994,113.0,110.62131921306951
3995,113.0,112.22374769907144
3996,111.0,112.71953544895304
3997,112.0,111.2236452793347
3998,112.0,110.34410149770581
3999,111.0,110.63408068305846
4000,107.0,110.45575586463501
4001,110.0,109.82578628663312
4002,110.0,107.41041802828167
4003,111.0,107.18298379079104
4004,111.0,107.96976967571759
4005,109.0,109.39816419167676
4006,110.0,109.10160266231884
4007,110.0,108.1926224435365
4008,111.0,108.10944947032094
4009,112.0,107.98245557402701
4010,112.0,108.5131432384565
4011,111.0,110.28696778641276
4012,113.0,110.3470564010942
4013,112.0,111.05057193184903
4014,113.0,111.4541693334134
4015,113.0,110.7246870692607
4016,111.0,110.6199279840969
4017,111.0,111.46171534313063
4018,111.0,110.47963803694014
4019,112.0,110.40437625202742
4020,114.0,109.1036618637876
4021,114.0,110.4446331335489
4022,117.0,111.37889283991875
4023,119.0,112.79427127526402
4024,118.0,116.10631932037319
4025,118.0,118.65762530721065
4026,115.0,118.12936608037535
4027,117.0,118.09664506472149
4028,117.0,116.38783042007998
4029,117.0,115.27789952634198
4030,117.0,115.59332455841556
4031,118.0,115.02856167441067
4032,118.0,115.25528787119923
4033,119.0,116.27096921515124
4034,118.0,117.25820314728576
4035,115.0,117.7729000472062
4036,113.0,117.23973119716464
4037,118.0,115.19165651704508
4038,116.0,112.96257802782277
4039,113.0,114.6179873330916
4040,116.0,115.52181549066225
4041,115.0,113.72926945388473
4042,114.0,114.24571109593634
4043,112.0,113.5110904647689
4044,113.0,112.97533696184931
4045,114.0,111.48337043325614
4046,111.0,110.86835846868154
4047,112.0,111.93695266810815
4048,112.0,111.19420884218124
4049,113.0,110.62710171453384
4050,115.0,109.84749311039158
4051,114.0,110.690454112824
4052,114.0,112.31909988530892
4053,116.0,112.97920075416185
4054,115.0,112.737580343006
4055,114.0,114.05105873719717
4056,114.0,113.6059425592211
4057,113.0,113.49285486634346
4058,113.0,112.61398057878816
4059,114.0,111.8945554343211
4060,119.0,111.14566950746156
4061,121.0,111.99542790351076
4062,119.0,121.4342474957423
4063,117.0,120.75437423524957
4064,119.0,119.50308981172428
4065,121.0,118.1921128908444
4066,122.0,118.00046311158675
4067,119.0,119.26188935594186
4068,123.0,120.38599627949547
4069,120.0,120.89620554035301
4070,117.0,123.01199143093575
4071,118.0,119.90982572035479
4072,117.0,117.33172982672444
4073,117.0,116.44740626316417
4074,117.0,116.57353083154739
4075,117.0,115.9433076573055
4076,119.0,115.75304352790317
4077,117.0,116.37997299418002
4078,117.0,117.31354799070189
4079,119.0,116.72259368703048
4080,118.0,115.19553146759216
4081,118.0,116.55255233619019
4082,115.0,116.63009293691549
4083,115.0,117.26376096248144
4084,116.0,114.91751796722737
4085,113.0,113.87289216282748
4086,113.0,114.89795149573445
4087,115.0,113.0827745304999
4088,111.0,111.64039519629007
4089,113.0,112.35327147145553
4090,116.0,111.32490321480914
4091,114.0,111.9559581847182
4092,110.0,114.11416565432702
4093,118.0,113.15383321133099
4094,115.0,110.72616654972482
4095,115.0,113.65975060942289
4096,110.0,114.14944799200481
4097,111.0,115.01103715984218
4098,115.0,112.06762168111204
4099,115.0,109.37114604826787
4100,115.0,110.93874309070671
4101,114.0,113.15045936695412
4102,113.0,113.8359878235987
4103,113.0,112.80450946266502
4104,113.0,111.80031197084487
4105,112.0,111.91096513981859
4106,110.0,111.21257428188154
4107,111.0,110.89892594506537
4108,112.0,109.48335021184538
4109,114.0,108.99153935819936
4110,116.0,111.02693169035686
4111,115.0,112.0536718591425
4112,115.0,114.39871686575884
4113,115.0,113.97881221157796
4114,115.0,114.03099724584378
4115,116.0,114.18208278493707
4116,118.0,113.37268473767527
4117,117.0,114.71575781307367
4118,120.0,115.65621236839405
4119,117.0,117.70114448390763
4120,118.0,118.39159575076296
4121,120.0,116.97737980058182
4122,118.0,116.67635396301506
4123,117.0,117.88392245230536
4124,157.0,118.23286276345644
4125,208.0,116.71176208442789
4126,156.0,141.32198282056777
4127,150.0,184.4537043543437
4128,147.0,180.82617447160322
4129,154.0,159.9901393381769
4130,142.0,149.22946658952463
4131,144.0,150.13503238853173
4132,153.0,148.3099712562472
4133,142.0,144.08476169755068
4134,143.0,151.3135286048692
4135,141.0,147.1515679771969
4136,145.0,143.00414145723113
4137,146.0,142.0090866170552
4138,146.0,144.50882330129755
4139,148.0,145.63323656910907
4140,173.0,145.4324410950523
4141,166.0,147.68537386099334
4142,155.0,165.5304665371599
4143,159.0,165.6666172864875
4144,161.0,161.86308755565182
4145,160.0,158.09570644724974
4146,155.0,160.24396280040122
4147,155.0,159.40640948419042
4148,148.0,155.8472085723537
4149,151.0,154.75023644647936
4150,154.0,150.160570544284
4151,146.0,149.86062096915978
4152,152.0,151.8431105896923
4153,152.0,147.91104205426865
4154,152.0,152.9750789966857
4155,147.0,150.82224979613466
4156,148.0,150.8608329424722
4157,148.0,149.44460952445527
4158,146.0,148.40333930550298
4159,150.0,147.8566304450157
4160,149.0,145.87888408855602
4161,148.0,148.71439030962915
4162,142.0,148.21765005227013
4163,148.0,149.56925714833676
4164,144.0,147.03199227811527
4165,139.0,146.25714418259017
4166,140.0,144.8209414384016
4167,143.0,140.72384058507
4168,143.0,138.31585299168734
4169,145.0,140.53627269089128
4170,145.0,141.6344620787176
4171,140.0,145.32847880927457
4172,147.0,145.2074951438685
4173,146.0,142.110512940433
4174,144.0,144.5459335606732
4175,149.0,147.15299623122053
4176,146.0,145.72400373532747
4177,150.0,147.50002949864688
4178,152.0,146.4856445386737
4179,152.0,148.06240857799582
4180,152.0,150.905465880711
4181,154.0,150.79464229506402
4182,154.0,151.23668285784146
4183,154.0,152.29991248240725
4184,146.0,153.02255627035228
4185,151.0,153.10046509281807
4186,151.0,149.55873594753194
4187,151.0,149.9291041265775
4188,151.0,149.35673132660287
4189,157.0,149.45622220347704
4190,157.0,149.84054426203198
4191,175.0,159.19426101366162
4192,175.0,156.04950533615124
4193,166.0,176.60658460558494
4194,167.0,173.62047873581434
4195,158.0,169.7701168801466
4196,159.0,163.78903130097558
4197,159.0,157.6263870441287
4198,164.0,155.81783604145272
4199,166.0,156.39749618297978
4200,158.0,164.46382046404892
4201,168.0,163.1987606927672
4202,168.0,159.85223573163847
4203,170.0,163.4736671319996
4204,170.0,166.16263124421516
4205,170.0,167.0880952185971
4206,168.0,167.25327360793926
4207,179.0,169.59074115890462
4208,186.0,166.91790576755264
4209,179.0,175.8965151336037
4210,179.0,179.90029257061778
4211,178.0,178.50268920292612
4212,173.0,174.13573760500262
4213,173.0,174.44006932315392
4214,176.0,171.46555178716608
4215,174.0,170.7013871940394
4216,176.0,173.55516857455143
4217,189.0,172.15813326243733
4218,190.0,175.04370952513477
4219,190.0,186.45355213031127
4220,190.0,187.8865778208052
4221,190.0,183.9458788981421
4222,190.0,186.84145293900502
4223,190.0,186.42858203013657
4224,190.0,187.24501585148073
4225,190.0,187.24501585148073
4226,204.0,187.24501585148073
4227,254.0,187.24501585148073
4228,316.0,199.5620513291401
4229,334.0,238.46297607186
4230,284.0,282.5442106186489
4231,302.0,293.270901471142
4232,290.0,284.82133443711535
4233,270.0,287.40442921982844
4234,260.0,273.29305224401236
4235,202.0,258.52178944895485
4236,195.0,257.796479857335
4237,262.0,247.0057123356903
4238,242.0,202.04773269537708
4239,228.0,238.51436887147207
4240,234.0,240.32028247325212
4241,256.0,234.7749807304254
4242,254.0,229.43812292425366
4243,242.0,241.0161667859531
4244,240.0,243.44478291188176
4245,240.0,238.68071177474832
4246,278.0,235.60996562391756
4247,264.0,235.59449016696817
4248,260.0,263.97931037488536
4249,258.0,258.33744729894886
4250,268.0,249.82097954804203
4251,262.0,250.78032803762687
4252,260.0,253.26573349115472
4253,260.0,253.66814406231595
4254,278.0,254.42771552034384
4255,284.0,254.06852586355717
4256,294.0,276.462915978052
4257,288.0,270.54306273260477
4258,288.0,282.5709254609547
4259,276.0,267.28795820160866
4260,278.0,278.40834402968693
4261,282.0,270.7971783376976
4262,286.0,268.76775921137687
4263,324.0,274.1729541035321
4264,290.0,273.59832531140654
4265,286.0,296.46530520613334
4266,286.0,290.0964932924817
4267,290.0,273.2003455737505
4268,290.0,265.9700043409741
4269,306.0,273.1022667207406
4270,294.0,271.5853148761983
4271,294.0,296.3055842078758
4272,286.0,287.41718612508504
4273,282.0,283.16227131722064
4274,282.0,276.740240711029
4275,280.0,275.82185714366767
4276,276.0,275.74078749766664
4277,276.0,271.74923948573
4278,282.0,267.7678840138712
4279,274.0,268.75733944906807
4280,260.0,273.9436219517814
4281,234.0,266.26151423323137
4282,244.0,258.3885885310909
4283,262.0,245.01307075047833
4284,256.0,239.79116304797077
4285,256.0,247.64320053501547
4286,252.0,247.66657196449324
4287,276.0,247.49863850559979
4288,272.0,251.50169370052237
4289,268.0,273.7808334534049
4290,272.0,266.5913435317365
4291,270.0,259.330164996177
4292,274.0,262.05454331611514
4293,272.0,259.74747485363025
4294,268.0,274.60295594560455
4295,270.0,267.4036792378424
4296,268.0,262.2431539980327
4297,268.0,254.77973144669357
4298,268.0,261.4589289279376
4299,274.0,259.8280251345318
4300,270.0,264.18296641452923
4301,276.0,266.0557320427114
4302,272.0,263.6181406386568
4303,274.0,271.46118661741633
4304,272.0,264.7603705639053
4305,270.0,264.53327817414623
4306,268.0,265.10107406918144
4307,264.0,262.14246208936595
4308,262.0,262.9407100171477
4309,258.0,258.23451562829047
4310,260.0,258.69069671740993
4311,264.0,253.36825940782916
4312,260.0,255.022907924378
4313,260.0,260.56341365511395
4314,260.0,252.81417799745276
4315,258.0,255.0328083215873
4316,248.0,254.34051087410484
4317,250.0,252.57217009124219
4318,254.0,246.16722984285616
4319,258.0,246.29999254641746
4320,258.0,247.9319026097035
4321,284.0,249.54803695809215
4322,266.0,251.82928323703595
4323,260.0,274.3942685565592
4324,256.0,264.92309414164436
4325,260.0,252.02436975253795
4326,262.0,255.51140326078234
4327,258.0,248.75615125277932
4328,258.0,252.13538404255746
4329,254.0,252.5582446145117
4330,248.0,253.18138535296305
4331,250.0,250.17640380785724
