,y_actual,y_predict
0,798.5194702148438,841.9665608519072
1,798.5194702148438,842.5038946408572
2,798.5194702148438,844.3808082406122
3,798.5194702148438,847.0124088156854
4,798.5194702148438,847.0124088156854
5,798.5194702148438,847.0124088156854
6,798.5194702148438,847.0124088156854
7,798.5194702148438,847.0124088156854
8,798.5194702148438,847.0124088156854
9,798.5194702148438,847.0124088156854
10,798.5194702148438,847.0124088156854
11,798.5194702148438,847.0124088156854
12,798.5194702148438,847.0124088156854
13,798.5194702148438,847.0124088156854
14,793.559814453125,847.0124088156854
15,793.559814453125,847.0124088156854
16,793.559814453125,845.9202194837985
17,793.559814453125,844.984474383943
18,793.559814453125,842.9102324595192
19,793.559814453125,842.788205958535
20,793.559814453125,842.788205958535
21,793.559814453125,842.788205958535
22,793.559814453125,842.788205958535
23,793.559814453125,842.788205958535
24,793.559814453125,842.788205958535
25,793.559814453125,842.788205958535
26,793.559814453125,842.788205958535
27,793.559814453125,842.788205958535
28,793.559814453125,842.788205958535
29,793.559814453125,842.788205958535
30,793.559814453125,842.788205958535
31,793.559814453125,842.788205958535
32,793.559814453125,842.788205958535
33,793.559814453125,842.788205958535
34,793.559814453125,842.788205958535
35,793.559814453125,842.788205958535
36,793.559814453125,842.788205958535
37,793.559814453125,842.788205958535
38,793.559814453125,842.788205958535
39,793.559814453125,842.788205958535
40,793.559814453125,842.788205958535
41,793.559814453125,842.788205958535
42,793.559814453125,842.788205958535
43,793.559814453125,842.788205958535
44,793.559814453125,842.788205958535
45,793.559814453125,842.788205958535
46,793.559814453125,842.788205958535
47,793.559814453125,842.788205958535
48,793.559814453125,842.788205958535
49,793.559814453125,842.788205958535
50,793.559814453125,842.788205958535
51,793.559814453125,842.788205958535
52,793.559814453125,842.788205958535
53,793.559814453125,842.788205958535
54,793.559814453125,842.788205958535
55,793.559814453125,842.788205958535
56,793.559814453125,842.788205958535
57,793.559814453125,842.788205958535
58,793.559814453125,842.788205958535
59,793.559814453125,842.788205958535
60,793.559814453125,842.788205958535
61,793.559814453125,842.788205958535
62,793.559814453125,842.788205958535
63,793.559814453125,842.788205958535
64,793.559814453125,842.788205958535
65,793.559814453125,842.788205958535
66,793.559814453125,842.788205958535
67,793.559814453125,842.788205958535
68,793.559814453125,842.788205958535
69,793.559814453125,842.788205958535
70,793.559814453125,842.788205958535
71,793.559814453125,842.788205958535
72,793.559814453125,842.788205958535
73,793.559814453125,842.788205958535
74,793.559814453125,842.788205958535
75,793.559814453125,842.788205958535
76,793.559814453125,842.788205958535
77,793.559814453125,842.788205958535
78,793.559814453125,842.788205958535
79,793.559814453125,842.788205958535
80,793.559814453125,842.788205958535
81,793.559814453125,842.788205958535
82,793.559814453125,842.788205958535
83,793.559814453125,842.788205958535
84,793.559814453125,842.788205958535
85,793.559814453125,842.788205958535
86,793.559814453125,842.788205958535
87,793.559814453125,842.788205958535
88,793.559814453125,842.788205958535
89,793.559814453125,842.788205958535
90,793.559814453125,842.788205958535
91,793.559814453125,842.788205958535
92,793.559814453125,842.788205958535
93,793.559814453125,842.788205958535
94,793.559814453125,842.788205958535
95,793.559814453125,842.788205958535
96,793.559814453125,842.788205958535
97,793.559814453125,842.788205958535
98,793.559814453125,842.788205958535
99,793.559814453125,842.788205958535
100,793.559814453125,842.788205958535
101,793.559814453125,842.788205958535
102,793.559814453125,842.788205958535
103,793.559814453125,842.788205958535
104,793.559814453125,842.788205958535
105,793.559814453125,842.788205958535
106,793.559814453125,842.788205958535
107,793.559814453125,842.788205958535
108,793.559814453125,842.788205958535
109,793.559814453125,842.788205958535
110,793.559814453125,842.788205958535
111,793.559814453125,842.788205958535
112,793.559814453125,842.788205958535
113,793.559814453125,842.788205958535
114,793.559814453125,842.788205958535
115,793.559814453125,842.788205958535
116,793.559814453125,842.788205958535
117,793.559814453125,842.788205958535
118,793.559814453125,842.788205958535
119,793.559814453125,842.788205958535
120,793.559814453125,842.788205958535
121,793.559814453125,842.788205958535
122,793.559814453125,842.788205958535
123,793.559814453125,842.788205958535
124,793.559814453125,842.788205958535
125,793.559814453125,842.788205958535
126,793.559814453125,842.788205958535
127,793.559814453125,842.788205958535
128,793.559814453125,842.788205958535
129,793.559814453125,842.788205958535
130,793.559814453125,842.788205958535
131,793.559814453125,842.788205958535
132,793.559814453125,842.788205958535
133,793.559814453125,842.788205958535
134,793.559814453125,842.788205958535
135,793.559814453125,842.788205958535
136,793.559814453125,842.788205958535
137,793.559814453125,842.788205958535
138,793.559814453125,842.788205958535
139,793.559814453125,842.788205958535
140,793.559814453125,842.788205958535
141,793.559814453125,842.788205958535
142,793.559814453125,842.788205958535
143,793.559814453125,842.788205958535
144,793.559814453125,842.788205958535
145,793.559814453125,842.788205958535
146,793.559814453125,842.788205958535
147,793.559814453125,842.788205958535
148,793.559814453125,842.788205958535
149,793.559814453125,842.788205958535
150,793.559814453125,842.788205958535
151,793.559814453125,842.788205958535
152,793.559814453125,842.788205958535
153,793.559814453125,842.788205958535
154,793.559814453125,842.788205958535
155,793.559814453125,842.788205958535
156,793.559814453125,842.788205958535
157,793.559814453125,842.788205958535
158,793.559814453125,842.788205958535
159,793.559814453125,842.788205958535
160,793.559814453125,842.788205958535
161,793.559814453125,842.788205958535
162,793.559814453125,842.788205958535
163,793.559814453125,842.788205958535
164,793.559814453125,842.788205958535
165,793.559814453125,842.788205958535
166,793.559814453125,842.788205958535
167,793.559814453125,842.788205958535
168,793.559814453125,842.788205958535
169,793.559814453125,842.788205958535
170,793.559814453125,842.788205958535
171,793.559814453125,842.788205958535
172,793.559814453125,842.788205958535
173,793.559814453125,842.788205958535
174,793.559814453125,842.788205958535
175,793.559814453125,842.788205958535
176,793.559814453125,842.788205958535
177,793.559814453125,842.788205958535
178,793.559814453125,842.788205958535
179,793.559814453125,842.788205958535
180,793.559814453125,842.788205958535
181,793.559814453125,842.788205958535
182,793.559814453125,842.788205958535
183,793.559814453125,842.788205958535
184,793.559814453125,842.788205958535
185,793.559814453125,842.788205958535
186,798.5194702148438,842.788205958535
187,798.5194702148438,842.788205958535
188,798.5194702148438,841.9694811442387
189,798.5194702148438,842.5063977485693
190,798.5194702148438,844.3820597944682
191,798.5194702148438,847.0124088156854
192,798.5194702148438,847.0124088156854
193,798.5194702148438,847.0124088156854
194,798.5194702148438,847.0124088156854
195,798.5194702148438,847.0124088156854
196,798.5194702148438,847.0124088156854
197,798.5194702148438,847.0124088156854
198,798.5194702148438,847.0124088156854
199,798.5194702148438,847.0124088156854
200,798.5194702148438,847.0124088156854
201,798.5194702148438,847.0124088156854
202,798.5194702148438,847.0124088156854
203,798.5194702148438,847.0124088156854
204,798.5194702148438,847.0124088156854
205,798.5194702148438,847.0124088156854
206,798.5194702148438,847.0124088156854
207,798.5194702148438,847.0124088156854
208,798.5194702148438,847.0124088156854
209,798.5194702148438,847.0124088156854
210,798.5194702148438,847.0124088156854
211,798.5194702148438,847.0124088156854
212,798.5194702148438,847.0124088156854
213,798.5194702148438,847.0124088156854
214,798.5194702148438,847.0124088156854
215,798.5194702148438,847.0124088156854
216,798.5194702148438,847.0124088156854
217,798.5194702148438,847.0124088156854
218,798.5194702148438,847.0124088156854
219,798.5194702148438,847.0124088156854
220,798.5194702148438,847.0124088156854
221,798.5194702148438,847.0124088156854
222,798.5194702148438,847.0124088156854
223,798.5194702148438,847.0124088156854
224,798.5194702148438,847.0124088156854
225,798.5194702148438,847.0124088156854
226,798.5194702148438,847.0124088156854
227,798.5194702148438,847.0124088156854
228,798.5194702148438,847.0124088156854
229,798.5194702148438,847.0124088156854
230,798.5194702148438,847.0124088156854
231,798.5194702148438,847.0124088156854
232,798.5194702148438,847.0124088156854
233,798.5194702148438,847.0124088156854
234,798.5194702148438,847.0124088156854
235,798.5194702148438,847.0124088156854
236,798.5194702148438,847.0124088156854
237,798.5194702148438,847.0124088156854
238,798.5194702148438,847.0124088156854
239,798.5194702148438,847.0124088156854
240,798.5194702148438,847.0124088156854
241,798.5194702148438,847.0124088156854
242,798.5194702148438,847.0124088156854
243,798.5194702148438,847.0124088156854
244,798.5194702148438,847.0124088156854
245,798.5194702148438,847.0124088156854
246,798.5194702148438,847.0124088156854
247,798.5194702148438,847.0124088156854
248,798.5194702148438,847.0124088156854
249,798.5194702148438,847.0124088156854
250,798.5225219726562,847.0124088156854
251,798.5225219726562,847.0124088156854
252,798.5225219726562,847.0107400772108
253,798.5225219726562,847.0117830387576
254,798.5225219726562,847.0132431849229
255,798.5225219726562,847.0149119233979
256,798.5225219726562,847.0149119233979
257,798.5225219726562,847.0149119233979
258,798.5225219726562,847.0149119233979
259,798.5225219726562,847.0149119233979
260,798.5225219726562,847.0149119233979
261,798.5225219726562,847.0149119233979
262,798.5225219726562,847.0149119233979
263,798.5225219726562,847.0149119233979
264,798.5225219726562,847.0149119233979
265,798.5225219726562,847.0149119233979
266,798.5225219726562,847.0149119233979
267,798.5225219726562,847.0149119233979
268,798.5225219726562,847.0149119233979
269,798.5225219726562,847.0149119233979
270,798.5225219726562,847.0149119233979
271,798.5225219726562,847.0149119233979
272,798.5225219726562,847.0149119233979
273,798.5225219726562,847.0149119233979
274,798.5225219726562,847.0149119233979
275,798.5225219726562,847.0149119233979
276,798.5225219726562,847.0149119233979
277,798.5225219726562,847.0149119233979
278,798.5225219726562,847.0149119233979
279,798.5225219726562,847.0149119233979
280,798.5225219726562,847.0149119233979
281,798.5225219726562,847.0149119233979
282,798.5225219726562,847.0149119233979
283,798.5225219726562,847.0149119233979
284,798.5225219726562,847.0149119233979
285,798.5225219726562,847.0149119233979
286,798.5225219726562,847.0149119233979
287,798.5225219726562,847.0149119233979
288,798.5225219726562,847.0149119233979
289,798.5225219726562,847.0149119233979
290,798.5225219726562,847.0149119233979
291,798.5225219726562,847.0149119233979
292,798.5225219726562,847.0149119233979
293,793.562744140625,847.0149119233979
294,793.562744140625,847.0149119233979
295,793.562744140625,845.9225139992018
296,793.562744140625,844.9867688993463
297,793.562744140625,842.912944159541
298,793.562744140625,842.7900832893192
299,793.562744140625,842.7900832893192
300,793.562744140625,842.7900832893192
301,793.562744140625,842.7900832893192
302,793.562744140625,842.7900832893192
303,793.562744140625,842.7900832893192
304,793.562744140625,842.7900832893192
305,793.562744140625,842.7900832893192
306,793.562744140625,842.7900832893192
307,793.562744140625,842.7900832893192
308,793.562744140625,842.7900832893192
309,793.562744140625,842.7900832893192
310,793.562744140625,842.7900832893192
311,793.562744140625,842.7900832893192
312,793.562744140625,842.7900832893192
313,793.562744140625,842.7900832893192
314,793.562744140625,842.7900832893192
315,793.562744140625,842.7900832893192
316,793.562744140625,842.7900832893192
317,793.562744140625,842.7900832893192
318,793.562744140625,842.7900832893192
319,793.562744140625,842.7900832893192
320,793.562744140625,842.7900832893192
321,793.562744140625,842.7900832893192
322,793.562744140625,842.7900832893192
323,793.562744140625,842.7900832893192
324,793.562744140625,842.7900832893192
325,793.562744140625,842.7900832893192
326,793.562744140625,842.7900832893192
327,793.562744140625,842.7900832893192
328,793.562744140625,842.7900832893192
329,793.562744140625,842.7900832893192
330,793.562744140625,842.7900832893192
331,793.562744140625,842.7900832893192
332,793.562744140625,842.7900832893192
333,793.562744140625,842.7900832893192
334,793.562744140625,842.7900832893192
335,793.562744140625,842.7900832893192
336,793.562744140625,842.7900832893192
337,793.562744140625,842.7900832893192
338,793.562744140625,842.7900832893192
339,793.562744140625,842.7900832893192
340,793.562744140625,842.7900832893192
341,793.562744140625,842.7900832893192
342,793.562744140625,842.7900832893192
343,793.562744140625,842.7900832893192
344,793.562744140625,842.7900832893192
345,793.562744140625,842.7900832893192
346,793.562744140625,842.7900832893192
347,793.562744140625,842.7900832893192
348,793.562744140625,842.7900832893192
349,793.562744140625,842.7900832893192
350,793.562744140625,842.7900832893192
351,793.562744140625,842.7900832893192
352,793.562744140625,842.7900832893192
353,793.562744140625,842.7900832893192
354,793.562744140625,842.7900832893192
355,793.562744140625,842.7900832893192
356,793.562744140625,842.7900832893192
357,793.562744140625,842.7900832893192
358,793.562744140625,842.7900832893192
359,793.562744140625,842.7900832893192
360,793.562744140625,842.7900832893192
361,793.562744140625,842.7900832893192
362,793.562744140625,842.7900832893192
363,793.562744140625,842.7900832893192
364,793.562744140625,842.7900832893192
365,793.562744140625,842.7900832893192
366,793.562744140625,842.7900832893192
367,793.562744140625,842.7900832893192
368,793.562744140625,842.7900832893192
369,793.562744140625,842.7900832893192
370,793.562744140625,842.7900832893192
371,793.562744140625,842.7900832893192
372,793.562744140625,842.7900832893192
373,793.562744140625,842.7900832893192
374,793.562744140625,842.7900832893192
375,793.562744140625,842.7900832893192
376,793.562744140625,842.7900832893192
377,793.562744140625,842.7900832893192
378,793.562744140625,842.7900832893192
379,793.562744140625,842.7900832893192
380,793.562744140625,842.7900832893192
381,793.562744140625,842.7900832893192
382,793.562744140625,842.7900832893192
383,793.562744140625,842.7900832893192
384,793.562744140625,842.7900832893192
385,793.562744140625,842.7900832893192
386,793.562744140625,842.7900832893192
387,793.562744140625,842.7900832893192
388,793.562744140625,842.7900832893192
389,793.562744140625,842.7900832893192
390,793.562744140625,842.7900832893192
391,793.562744140625,842.7900832893192
392,793.562744140625,842.7900832893192
393,793.562744140625,842.7900832893192
394,793.562744140625,842.7900832893192
395,793.562744140625,842.7900832893192
396,793.562744140625,842.7900832893192
397,793.562744140625,842.7900832893192
398,793.562744140625,842.7900832893192
399,793.562744140625,842.7900832893192
400,793.562744140625,842.7900832893192
401,793.562744140625,842.7900832893192
402,793.562744140625,842.7900832893192
403,793.562744140625,842.7900832893192
404,793.562744140625,842.7900832893192
405,793.562744140625,842.7900832893192
406,793.562744140625,842.7900832893192
407,793.562744140625,842.7900832893192
408,793.562744140625,842.7900832893192
409,793.562744140625,842.7900832893192
410,793.562744140625,842.7900832893192
411,793.562744140625,842.7900832893192
412,793.562744140625,842.7900832893192
413,793.562744140625,842.7900832893192
414,793.562744140625,842.7900832893192
415,793.562744140625,842.7900832893192
416,793.562744140625,842.7900832893192
417,793.562744140625,842.7900832893192
418,793.562744140625,842.7900832893192
419,793.562744140625,842.7900832893192
420,793.562744140625,842.7900832893192
421,793.562744140625,842.7900832893192
422,793.562744140625,842.7900832893192
423,793.562744140625,842.7900832893192
424,793.562744140625,842.7900832893192
425,793.562744140625,842.7900832893192
426,793.562744140625,842.7900832893192
427,793.562744140625,842.7900832893192
428,793.562744140625,842.7900832893192
429,793.562744140625,842.7900832893192
430,793.562744140625,842.7900832893192
431,793.562744140625,842.7900832893192
432,793.562744140625,842.7900832893192
433,793.562744140625,842.7900832893192
434,793.562744140625,842.7900832893192
435,793.562744140625,842.7900832893192
436,793.562744140625,842.7900832893192
437,793.562744140625,842.7900832893192
438,793.562744140625,842.7900832893192
439,798.5225219726562,842.7900832893192
440,798.5225219726562,842.7900832893192
441,798.5225219726562,841.9711498827137
442,798.5225219726562,842.5089008562818
443,798.5225219726562,844.385188679109
444,798.5225219726562,847.0149119233979
445,798.5225219726562,847.0149119233979
446,798.5225219726562,847.0149119233979
447,798.5225219726562,847.0149119233979
448,798.5225219726562,847.0149119233979
449,798.5225219726562,847.0149119233979
450,798.5225219726562,847.0149119233979
451,798.5225219726562,847.0149119233979
452,798.5225219726562,847.0149119233979
453,798.5225219726562,847.0149119233979
454,798.5225219726562,847.0149119233979
455,798.5225219726562,847.0149119233979
456,798.5225219726562,847.0149119233979
457,798.5225219726562,847.0149119233979
458,798.5225219726562,847.0149119233979
459,798.5225219726562,847.0149119233979
460,798.5225219726562,847.0149119233979
461,798.5225219726562,847.0149119233979
462,798.5225219726562,847.0149119233979
463,798.5225219726562,847.0149119233979
464,798.5225219726562,847.0149119233979
465,798.5225219726562,847.0149119233979
466,798.5225219726562,847.0149119233979
467,798.5225219726562,847.0149119233979
468,798.5225219726562,847.0149119233979
469,798.5225219726562,847.0149119233979
470,798.5225219726562,847.0149119233979
471,798.5225219726562,847.0149119233979
472,793.562744140625,847.0149119233979
473,793.562744140625,847.0149119233979
474,793.562744140625,845.9225139992018
475,793.562744140625,844.9867688993463
476,793.562744140625,842.912944159541
477,793.562744140625,842.7900832893192
478,793.562744140625,842.7900832893192
479,793.562744140625,842.7900832893192
480,793.562744140625,842.7900832893192
481,793.562744140625,842.7900832893192
482,793.562744140625,842.7900832893192
483,793.562744140625,842.7900832893192
484,793.562744140625,842.7900832893192
485,793.562744140625,842.7900832893192
486,793.562744140625,842.7900832893192
487,793.562744140625,842.7900832893192
488,793.562744140625,842.7900832893192
489,793.562744140625,842.7900832893192
490,793.562744140625,842.7900832893192
491,793.562744140625,842.7900832893192
492,793.562744140625,842.7900832893192
493,793.562744140625,842.7900832893192
494,793.562744140625,842.7900832893192
495,793.562744140625,842.7900832893192
496,793.562744140625,842.7900832893192
497,793.562744140625,842.7900832893192
498,793.562744140625,842.7900832893192
499,793.562744140625,842.7900832893192
500,793.562744140625,842.7900832893192
501,793.562744140625,842.7900832893192
502,793.562744140625,842.7900832893192
503,793.562744140625,842.7900832893192
504,793.562744140625,842.7900832893192
505,793.562744140625,842.7900832893192
506,793.562744140625,842.7900832893192
507,793.562744140625,842.7900832893192
508,793.562744140625,842.7900832893192
509,793.562744140625,842.7900832893192
510,793.562744140625,842.7900832893192
511,793.562744140625,842.7900832893192
512,793.562744140625,842.7900832893192
513,793.562744140625,842.7900832893192
514,793.562744140625,842.7900832893192
515,793.562744140625,842.7900832893192
516,793.562744140625,842.7900832893192
517,793.562744140625,842.7900832893192
518,793.562744140625,842.7900832893192
519,793.562744140625,842.7900832893192
520,793.562744140625,842.7900832893192
521,793.562744140625,842.7900832893192
522,793.562744140625,842.7900832893192
523,793.562744140625,842.7900832893192
524,793.562744140625,842.7900832893192
525,793.562744140625,842.7900832893192
526,793.562744140625,842.7900832893192
527,793.562744140625,842.7900832893192
528,793.562744140625,842.7900832893192
529,793.562744140625,842.7900832893192
530,793.562744140625,842.7900832893192
531,793.562744140625,842.7900832893192
532,793.562744140625,842.7900832893192
533,793.562744140625,842.7900832893192
534,793.562744140625,842.7900832893192
535,793.562744140625,842.7900832893192
536,793.562744140625,842.7900832893192
537,793.562744140625,842.7900832893192
538,793.562744140625,842.7900832893192
539,793.562744140625,842.7900832893192
540,793.562744140625,842.7900832893192
541,793.562744140625,842.7900832893192
542,793.562744140625,842.7900832893192
543,793.562744140625,842.7900832893192
544,793.562744140625,842.7900832893192
545,793.562744140625,842.7900832893192
546,793.562744140625,842.7900832893192
547,793.562744140625,842.7900832893192
548,793.562744140625,842.7900832893192
549,793.562744140625,842.7900832893192
550,793.562744140625,842.7900832893192
551,793.562744140625,842.7900832893192
552,793.5657348632812,842.7900832893192
553,793.5657348632812,842.7900832893192
554,793.5657348632812,842.7900832893192
555,793.5657348632812,842.7900832893192
556,793.5657348632812,842.791543435485
557,793.5657348632812,842.7930035816507
558,793.5657348632812,842.7930035816507
559,793.5657348632812,842.7930035816507
560,793.5657348632812,842.7930035816507
561,793.5657348632812,842.7930035816507
562,793.5657348632812,842.7930035816507
563,793.5657348632812,842.7930035816507
564,793.5657348632812,842.7930035816507
565,793.5657348632812,842.7930035816507
566,793.5657348632812,842.7930035816507
567,793.5657348632812,842.7930035816507
568,793.5657348632812,842.7930035816507
569,793.5657348632812,842.7930035816507
570,793.5657348632812,842.7930035816507
571,793.5657348632812,842.7930035816507
572,793.5657348632812,842.7930035816507
573,793.5657348632812,842.7930035816507
574,793.5657348632812,842.7930035816507
575,793.5657348632812,842.7930035816507
576,793.5657348632812,842.7930035816507
577,793.5657348632812,842.7930035816507
578,793.5657348632812,842.7930035816507
579,793.5657348632812,842.7930035816507
580,793.5657348632812,842.7930035816507
581,793.5657348632812,842.7930035816507
582,793.5657348632812,842.7930035816507
583,793.5657348632812,842.7930035816507
584,793.5657348632812,842.7930035816507
585,793.5657348632812,842.7930035816507
586,793.5657348632812,842.7930035816507
587,793.5657348632812,842.7930035816507
588,793.5657348632812,842.7930035816507
589,793.5657348632812,842.7930035816507
590,793.5657348632812,842.7930035816507
591,793.5657348632812,842.7930035816507
592,793.5657348632812,842.7930035816507
593,793.5657348632812,842.7930035816507
594,793.5657348632812,842.7930035816507
595,793.5657348632812,842.7930035816507
596,793.5657348632812,842.7930035816507
597,793.5657348632812,842.7930035816507
598,793.5657348632812,842.7930035816507
599,793.5657348632812,842.7930035816507
600,793.5657348632812,842.7930035816507
601,793.5657348632812,842.7930035816507
602,793.5657348632812,842.7930035816507
603,793.5657348632812,842.7930035816507
604,793.5657348632812,842.7930035816507
605,793.5657348632812,842.7930035816507
606,793.5657348632812,842.7930035816507
607,793.5657348632812,842.7930035816507
608,793.5657348632812,842.7930035816507
609,793.5657348632812,842.7930035816507
610,793.5657348632812,842.7930035816507
611,793.5657348632812,842.7930035816507
612,793.5657348632812,842.7930035816507
613,793.5657348632812,842.7930035816507
614,793.5657348632812,842.7930035816507
615,793.5657348632812,842.7930035816507
616,793.5657348632812,842.7930035816507
617,793.5657348632812,842.7930035816507
618,793.5657348632812,842.7930035816507
619,793.5657348632812,842.7930035816507
620,793.5657348632812,842.7930035816507
621,793.5657348632812,842.7930035816507
622,793.5657348632812,842.7930035816507
623,793.5657348632812,842.7930035816507
624,793.5657348632812,842.7930035816507
625,793.5657348632812,842.7930035816507
626,793.5657348632812,842.7930035816507
627,793.5657348632812,842.7930035816507
628,793.5657348632812,842.7930035816507
629,793.5657348632812,842.7930035816507
630,793.5657348632812,842.7930035816507
631,793.5657348632812,842.7930035816507
632,793.5657348632812,842.7930035816507
633,793.5657348632812,842.7930035816507
634,793.5657348632812,842.7930035816507
635,793.5657348632812,842.7930035816507
636,793.5657348632812,842.7930035816507
637,793.5657348632812,842.7930035816507
638,793.5657348632812,842.7930035816507
639,793.5657348632812,842.7930035816507
640,793.5657348632812,842.7930035816507
641,793.5657348632812,842.7930035816507
642,793.5657348632812,842.7930035816507
643,793.5657348632812,842.7930035816507
644,793.5657348632812,842.7930035816507
645,793.5657348632812,842.7930035816507
646,793.5657348632812,842.7930035816507
647,793.5657348632812,842.7930035816507
648,793.5657348632812,842.7930035816507
649,793.5657348632812,842.7930035816507
650,793.5657348632812,842.7930035816507
651,793.5657348632812,842.7930035816507
652,793.5657348632812,842.7930035816507
653,793.5657348632812,842.7930035816507
654,793.5657348632812,842.7930035816507
655,793.5657348632812,842.7930035816507
656,793.5657348632812,842.7930035816507
657,793.5657348632812,842.7930035816507
658,793.5657348632812,842.7930035816507
659,793.5657348632812,842.7930035816507
660,793.5657348632812,842.7930035816507
661,793.5657348632812,842.7930035816507
662,793.5657348632812,842.7930035816507
663,793.5657348632812,842.7930035816507
664,793.5657348632812,842.7930035816507
665,793.5657348632812,842.7930035816507
666,793.5657348632812,842.7930035816507
667,793.5657348632812,842.7930035816507
668,793.5657348632812,842.7930035816507
669,793.5657348632812,842.7930035816507
670,793.5657348632812,842.7930035816507
671,793.5657348632812,842.7930035816507
672,793.5657348632812,842.7930035816507
673,793.5657348632812,842.7930035816507
674,793.5657348632812,842.7930035816507
675,793.5657348632812,842.7930035816507
676,793.5657348632812,842.7930035816507
677,793.5657348632812,842.7930035816507
678,793.5657348632812,842.7930035816507
679,793.5657348632812,842.7930035816507
680,793.5657348632812,842.7930035816507
681,793.5657348632812,842.7930035816507
682,793.5657348632812,842.7930035816507
683,793.5657348632812,842.7930035816507
684,793.5657348632812,842.7930035816507
685,793.5657348632812,842.7930035816507
686,793.5657348632812,842.7930035816507
687,793.5657348632812,842.7930035816507
688,793.5657348632812,842.7930035816507
689,793.5657348632812,842.7930035816507
690,793.5657348632812,842.7930035816507
691,793.5657348632812,842.7930035816507
692,793.5657348632812,842.7930035816507
693,793.5657348632812,842.7930035816507
694,793.5657348632812,842.7930035816507
695,793.5657348632812,842.7930035816507
696,793.5657348632812,842.7930035816507
697,793.5657348632812,842.7930035816507
698,793.5657348632812,842.7930035816507
699,793.5657348632812,842.7930035816507
700,793.5657348632812,842.7930035816507
701,793.5657348632812,842.7930035816507
702,793.5657348632812,842.7930035816507
703,793.5657348632812,842.7930035816507
704,793.5657348632812,842.7930035816507
705,793.5657348632812,842.7930035816507
706,793.5657348632812,842.7930035816507
707,793.5657348632812,842.7930035816507
708,634.8526000976562,842.7930035816507
709,634.8526000976562,842.7930035816507
710,634.8526000976562,807.8873751231681
711,634.8526000976562,763.4951770266252
712,634.8526000976562,699.179284500141
713,634.8526000976562,710.0402688646723
714,634.8526000976562,710.0402688646723
715,634.8526000976562,710.0402688646723
716,634.8526000976562,710.0402688646723
717,634.8526000976562,710.0402688646723
718,634.8526000976562,710.0402688646723
719,634.8526000976562,710.0402688646723
720,634.8526000976562,710.0402688646723
721,634.8526000976562,710.0402688646723
722,634.8526000976562,710.0402688646723
723,634.8526000976562,710.0402688646723
724,634.8526000976562,710.0402688646723
725,793.5657348632812,710.0402688646723
726,793.5657348632812,710.0402688646723
727,793.5657348632812,687.3689965356448
728,793.5657348632812,704.1072778091225
729,793.5657348632812,760.5579887183176
730,793.5657348632812,842.7930035816507
731,793.5657348632812,842.7930035816507
732,793.5657348632812,842.7930035816507
733,793.5657348632812,842.7930035816507
734,793.5657348632812,842.7930035816507
735,793.5657348632812,842.7930035816507
736,793.5657348632812,842.7930035816507
737,793.5657348632812,842.7930035816507
738,793.5657348632812,842.7930035816507
739,793.5657348632812,842.7930035816507
740,793.5657348632812,842.7930035816507
741,793.5657348632812,842.7930035816507
742,793.5657348632812,842.7930035816507
743,793.5657348632812,842.7930035816507
744,793.5657348632812,842.7930035816507
745,793.5657348632812,842.7930035816507
746,793.5657348632812,842.7930035816507
747,793.5657348632812,842.7930035816507
748,793.5657348632812,842.7930035816507
749,793.5657348632812,842.7930035816507
750,793.5657348632812,842.7930035816507
751,793.5657348632812,842.7930035816507
752,793.5657348632812,842.7930035816507
753,793.5657348632812,842.7930035816507
754,793.5657348632812,842.7930035816507
755,793.5657348632812,842.7930035816507
756,793.5657348632812,842.7930035816507
757,793.5657348632812,842.7930035816507
758,793.5657348632812,842.7930035816507
759,793.5657348632812,842.7930035816507
760,793.5657348632812,842.7930035816507
761,793.5657348632812,842.7930035816507
762,793.5657348632812,842.7930035816507
763,793.5657348632812,842.7930035816507
764,793.5657348632812,842.7930035816507
765,793.5657348632812,842.7930035816507
766,793.5657348632812,842.7930035816507
767,793.5657348632812,842.7930035816507
768,793.5657348632812,842.7930035816507
769,793.5657348632812,842.7930035816507
770,793.5657348632812,842.7930035816507
771,793.5657348632812,842.7930035816507
772,793.5657348632812,842.7930035816507
773,793.5657348632812,842.7930035816507
774,793.5657348632812,842.7930035816507
775,793.5657348632812,842.7930035816507
776,793.5657348632812,842.7930035816507
777,793.5657348632812,842.7930035816507
778,793.5657348632812,842.7930035816507
779,793.5657348632812,842.7930035816507
780,793.5657348632812,842.7930035816507
781,793.5657348632812,842.7930035816507
782,793.5657348632812,842.7930035816507
783,793.5657348632812,842.7930035816507
784,793.5657348632812,842.7930035816507
785,793.5657348632812,842.7930035816507
786,793.5657348632812,842.7930035816507
787,793.5657348632812,842.7930035816507
788,793.5657348632812,842.7930035816507
789,793.5657348632812,842.7930035816507
790,793.5657348632812,842.7930035816507
791,793.5681762695312,842.7930035816507
792,793.5681762695312,842.7930035816507
793,793.5681762695312,842.792794989341
794,793.5681762695312,842.7934207662693
795,793.5681762695312,842.7940465431975
796,793.5681762695312,842.7957152816725
797,793.5681762695312,842.7957152816725
798,793.5681762695312,842.7957152816725
799,793.5681762695312,842.7957152816725
800,793.5681762695312,842.7957152816725
801,793.5681762695312,842.7957152816725
802,793.5681762695312,842.7957152816725
803,793.5681762695312,842.7957152816725
804,793.5681762695312,842.7957152816725
805,793.5681762695312,842.7957152816725
806,793.5681762695312,842.7957152816725
807,793.5681762695312,842.7957152816725
808,793.5681762695312,842.7957152816725
809,793.5681762695312,842.7957152816725
810,793.5681762695312,842.7957152816725
811,793.5681762695312,842.7957152816725
812,793.5681762695312,842.7957152816725
813,793.5681762695312,842.7957152816725
814,793.5681762695312,842.7957152816725
815,793.5681762695312,842.7957152816725
816,793.5681762695312,842.7957152816725
817,793.5681762695312,842.7957152816725
818,793.5681762695312,842.7957152816725
819,793.5681762695312,842.7957152816725
820,793.5681762695312,842.7957152816725
821,793.5681762695312,842.7957152816725
822,793.5681762695312,842.7957152816725
823,793.5681762695312,842.7957152816725
824,793.5681762695312,842.7957152816725
825,793.5681762695312,842.7957152816725
826,793.5681762695312,842.7957152816725
827,793.5681762695312,842.7957152816725
828,793.5681762695312,842.7957152816725
829,793.5681762695312,842.7957152816725
830,793.5681762695312,842.7957152816725
831,793.5681762695312,842.7957152816725
832,793.5681762695312,842.7957152816725
833,793.5681762695312,842.7957152816725
834,793.5681762695312,842.7957152816725
835,793.5681762695312,842.7957152816725
836,793.5681762695312,842.7957152816725
837,644.7741088867188,842.7957152816725
838,644.7741088867188,842.7957152816725
839,644.7741088867188,810.0690420869196
840,644.7741088867188,769.5568695370594
841,644.7741088867188,709.137689942007
842,644.7741088867188,718.1991484535611
843,644.7741088867188,718.1991484535611
844,644.7741088867188,718.1991484535611
845,793.5681762695312,718.1991484535611
846,793.5681762695312,718.1991484535611
847,793.5681762695312,696.8601552045111
848,793.5681762695312,712.5794630466926
849,793.5681762695312,765.6501441747773
850,793.5681762695312,842.7957152816725
851,793.5681762695312,842.7957152816725
852,793.5681762695312,842.7957152816725
853,793.5681762695312,842.7957152816725
854,793.5681762695312,842.7957152816725
855,793.5681762695312,842.7957152816725
856,793.5681762695312,842.7957152816725
857,793.5681762695312,842.7957152816725
858,793.5681762695312,842.7957152816725
859,843.1661987304688,842.7957152816725
860,843.1661987304688,842.7957152816725
861,843.1661987304688,835.2133848358958
862,843.1661987304688,840.5762931099239
863,843.1661987304688,859.0360867126724
864,843.1661987304688,885.2352807701568
865,843.1661987304688,885.2352807701568
866,843.1661987304688,885.2352807701568
867,843.1661987304688,885.2352807701568
868,843.1661987304688,885.2352807701568
869,843.1661987304688,885.2352807701568
870,843.1661987304688,885.2352807701568
871,843.1661987304688,885.2352807701568
872,843.1661987304688,885.2352807701568
873,843.1661987304688,885.2352807701568
874,843.1661987304688,885.2352807701568
875,843.1661987304688,885.2352807701568
876,843.1661987304688,885.2352807701568
877,843.1661987304688,885.2352807701568
878,843.1661987304688,885.2352807701568
879,843.1661987304688,885.2352807701568
880,843.1661987304688,885.2352807701568
881,843.1661987304688,885.2352807701568
882,843.1661987304688,885.2352807701568
883,843.1661987304688,885.2352807701568
884,843.1661987304688,885.2352807701568
885,843.1661987304688,885.2352807701568
886,843.1661987304688,885.2352807701568
887,843.1661987304688,885.2352807701568
888,843.1661987304688,885.2352807701568
889,843.1661987304688,885.2352807701568
890,843.1661987304688,885.2352807701568
891,843.1661987304688,885.2352807701568
892,843.1661987304688,885.2352807701568
893,843.1661987304688,885.2352807701568
894,843.1661987304688,885.2352807701568
895,843.1661987304688,885.2352807701568
896,843.1661987304688,885.2352807701568
897,843.1661987304688,885.2352807701568
898,843.1661987304688,885.2352807701568
899,843.1661987304688,885.2352807701568
900,843.1661987304688,885.2352807701568
901,843.1661987304688,885.2352807701568
902,843.1661987304688,885.2352807701568
903,843.1661987304688,885.2352807701568
904,843.1661987304688,885.2352807701568
905,843.1661987304688,885.2352807701568
906,843.1661987304688,885.2352807701568
907,843.1661987304688,885.2352807701568
908,843.1661987304688,885.2352807701568
909,843.1661987304688,885.2352807701568
910,892.76416015625,885.2352807701568
911,892.76416015625,885.2352807701568
912,892.76416015625,877.4983834231334
913,892.76416015625,882.8955008358989
914,892.76416015625,901.6325136178066
915,892.76416015625,928.1183135083725
916,892.76416015625,928.1183135083725
917,892.76416015625,928.1183135083725
918,892.76416015625,928.1183135083725
919,892.76416015625,928.1183135083725
920,892.76416015625,928.1183135083725
921,892.76416015625,928.1183135083725
922,892.76416015625,928.1183135083725
923,892.76416015625,928.1183135083725
924,892.76416015625,928.1183135083725
925,892.76416015625,928.1183135083725
926,892.76416015625,928.1183135083725
927,892.76416015625,928.1183135083725
928,892.76416015625,928.1183135083725
929,892.76416015625,928.1183135083725
930,892.76416015625,928.1183135083725
931,892.76416015625,928.1183135083725
932,892.76416015625,928.1183135083725
933,892.76416015625,928.1183135083725
934,892.76416015625,928.1183135083725
935,892.76416015625,928.1183135083725
936,892.76416015625,928.1183135083725
937,892.76416015625,928.1183135083725
938,892.76416015625,928.1183135083725
939,892.76416015625,928.1183135083725
940,892.76416015625,928.1183135083725
941,892.76416015625,928.1183135083725
942,892.76416015625,928.1183135083725
943,892.76416015625,928.1183135083725
944,892.76416015625,928.1183135083725
945,892.76416015625,928.1183135083725
946,892.76416015625,928.1183135083725
947,892.76416015625,928.1183135083725
948,892.76416015625,928.1183135083725
949,892.76416015625,928.1183135083725
950,892.76416015625,928.1183135083725
951,892.76416015625,928.1183135083725
952,892.76416015625,928.1183135083725
953,892.76416015625,928.1183135083725
954,892.76416015625,928.1183135083725
955,892.76416015625,928.1183135083725
956,892.76416015625,928.1183135083725
957,892.76416015625,928.1183135083725
958,892.76416015625,928.1183135083725
959,892.76416015625,928.1183135083725
960,892.76416015625,928.1183135083725
961,892.76416015625,928.1183135083725
962,892.76416015625,928.1183135083725
963,892.76416015625,928.1183135083725
964,892.76416015625,928.1183135083725
965,892.76416015625,928.1183135083725
966,892.76416015625,928.1183135083725
967,892.76416015625,928.1183135083725
968,892.76416015625,928.1183135083725
969,892.76416015625,928.1183135083725
970,892.76416015625,928.1183135083725
971,892.76416015625,928.1183135083725
972,892.76416015625,928.1183135083725
973,892.76416015625,928.1183135083725
974,892.76416015625,928.1183135083725
975,892.76416015625,928.1183135083725
976,892.76416015625,928.1183135083725
977,892.76416015625,928.1183135083725
978,892.76416015625,928.1183135083725
979,892.76416015625,928.1183135083725
980,892.76416015625,928.1183135083725
981,892.76416015625,928.1183135083725
982,892.76416015625,928.1183135083725
983,892.76416015625,928.1183135083725
984,892.76416015625,928.1183135083725
985,892.76416015625,928.1183135083725
986,991.960205078125,928.1183135083725
987,991.960205078125,928.1183135083725
988,991.960205078125,912.5083080363033
989,991.960205078125,923.3526050160845
990,991.960205078125,961.4403091540808
991,991.960205078125,1015.2037253415992
992,991.960205078125,1015.2037253415992
993,991.960205078125,1015.2037253415992
994,991.960205078125,1015.2037253415992
995,991.960205078125,1015.2037253415992
996,991.960205078125,1015.2037253415992
997,1041.5582275390625,1015.2037253415992
998,1041.5582275390625,1015.2037253415992
999,991.960205078125,1007.0187717140384
1000,991.960205078125,1012.5166392122323
1001,991.960205078125,1019.9014327410309
1002,991.960205078125,1037.8918936476862
1003,991.960205078125,1016.2185269267079
1004,991.960205078125,1015.2037253415992
1005,991.960205078125,1015.2037253415992
1006,991.960205078125,1015.2037253415992
1007,991.960205078125,1015.2037253415992
1008,991.960205078125,1015.2037253415992
1009,991.960205078125,1015.2037253415992
1010,991.960205078125,1015.2037253415992
1011,991.960205078125,1015.2037253415992
1012,991.960205078125,1015.2037253415992
1013,991.960205078125,1015.2037253415992
1014,991.960205078125,1015.2037253415992
1015,991.960205078125,1015.2037253415992
1016,991.960205078125,1015.2037253415992
1017,991.960205078125,1015.2037253415992
1018,991.960205078125,1015.2037253415992
1019,991.960205078125,1015.2037253415992
1020,991.960205078125,1015.2037253415992
1021,991.960205078125,1015.2037253415992
1022,991.960205078125,1015.2037253415992
1023,991.960205078125,1015.2037253415992
1024,991.960205078125,1015.2037253415992
1025,991.960205078125,1015.2037253415992
1026,991.960205078125,1015.2037253415992
1027,991.960205078125,1015.2037253415992
1028,991.960205078125,1015.2037253415992
1029,991.960205078125,1015.2037253415992
1030,991.960205078125,1015.2037253415992
1031,991.960205078125,1015.2037253415992
1032,991.960205078125,1015.2037253415992
1033,991.960205078125,1015.2037253415992
1034,991.960205078125,1015.2037253415992
1035,991.960205078125,1015.2037253415992
1036,991.960205078125,1015.2037253415992
1037,991.9671020507812,1015.2037253415992
1038,991.9671020507812,1015.2037253415992
1039,991.9671020507812,1015.2020566031242
1040,991.9671020507812,1015.203099564671
1041,991.9671020507812,1015.2058112646932
1042,991.9671020507812,1015.2097745185711
1043,991.9671020507812,1015.2097745185711
1044,991.9671020507812,1015.2097745185711
1045,991.9671020507812,1015.2097745185711
1046,991.9671020507812,1015.2097745185711
1047,991.9671020507812,1015.2097745185711
1048,1041.5655517578125,1015.2097745185711
1049,1041.5655517578125,1015.2097745185711
1050,1041.5655517578125,1007.0252380756292
1051,1041.5655517578125,1012.5235227584417
1052,1041.5655517578125,1032.0821806469767
1053,1041.5655517578125,1059.4069388058483
1054,1041.5655517578125,1059.4069388058483
1055,1041.5655517578125,1059.4069388058483
1056,1041.5655517578125,1059.4069388058483
1057,1091.1639404296875,1059.4069388058483
1058,1091.1639404296875,1059.4069388058483
1059,1091.1639404296875,1051.0780564848187
1060,1091.1639404296875,1056.609715937131
1061,1091.1639404296875,1076.4405867894006
1062,1091.1639404296875,1104.0369321350786
1063,1091.1639404296875,1104.0369321350786
1064,1091.1639404296875,1104.0369321350786
1065,1091.1639404296875,1104.0369321350786
1066,1091.1639404296875,1104.0369321350786
1067,1091.1639404296875,1104.0369321350786
1068,1091.1639404296875,1104.0369321350786
1069,1091.1639404296875,1104.0369321350786
1070,1091.1639404296875,1104.0369321350786
1071,1091.1639404296875,1104.0369321350786
1072,1091.1639404296875,1104.0369321350786
1073,1091.1639404296875,1104.0369321350786
1074,1091.1639404296875,1104.0369321350786
1075,1091.1639404296875,1104.0369321350786
1076,1091.1639404296875,1104.0369321350786
1077,1091.1639404296875,1104.0369321350786
1078,1091.1639404296875,1104.0369321350786
1079,1091.1639404296875,1104.0369321350786
1080,1091.1639404296875,1104.0369321350786
1081,1091.1639404296875,1104.0369321350786
1082,1091.1639404296875,1104.0369321350786
1083,1091.1639404296875,1104.0369321350786
1084,1091.1639404296875,1104.0369321350786
1085,1091.1639404296875,1104.0369321350786
1086,1091.1639404296875,1104.0369321350786
1087,1091.1639404296875,1104.0369321350786
1088,1091.1639404296875,1104.0369321350786
1089,1091.1639404296875,1104.0369321350786
1090,1091.1639404296875,1104.0369321350786
1091,1091.1639404296875,1104.0369321350786
1092,1091.1639404296875,1104.0369321350786
1093,1091.1639404296875,1104.0369321350786
1094,1289.55712890625,1104.0369321350786
1095,1388.7541503906252,1104.0369321350786
1096,1388.7541503906252,1071.0749668153508
1097,1388.7541503906252,1104.1777319439066
1098,1388.7541503906252,1167.5927142862004
1099,1388.7541503906252,1322.8971979389341
1100,1388.7541503906252,1380.7191946899595
1101,1388.7541503906252,1380.7191946899595
1102,1388.7541503906252,1380.7191946899595
1103,1388.7541503906252,1380.7191946899595
1104,1388.7541503906252,1380.7191946899595
1105,1388.7541503906252,1380.7191946899595
1106,1388.7541503906252,1380.7191946899595
1107,1388.7541503906252,1380.7191946899595
1108,1388.7541503906252,1380.7191946899595
1109,1388.7541503906252,1380.7191946899595
1110,1388.7541503906252,1380.7191946899595
1111,1388.7541503906252,1380.7191946899595
1112,1388.7541503906252,1380.7191946899595
1113,1388.7541503906252,1380.7191946899595
1114,1388.7541503906252,1380.7191946899595
1115,1388.7541503906252,1380.7191946899595
1116,1388.7541503906252,1380.7191946899595
1117,1487.9508056640625,1380.7191946899595
1118,1487.9508056640625,1380.7191946899595
1119,1487.9508056640625,1362.5606083819484
1120,1487.9508056640625,1374.0475782669134
1121,1487.9508056640625,1417.4790001864756
1122,1487.9508056640625,1476.2518649797862
1123,1487.9508056640625,1476.2518649797862
1124,1487.9508056640625,1476.2518649797862
1125,1487.9508056640625,1476.2518649797862
1126,1487.9508056640625,1476.2518649797862
1127,1487.9508056640625,1476.2518649797862
1128,1487.9508056640625,1476.2518649797862
1129,1487.9508056640625,1476.2518649797862
1130,1487.9508056640625,1476.2518649797862
1131,1487.9508056640625,1476.2518649797862
1132,1487.9508056640625,1476.2518649797862
1133,1487.9508056640625,1476.2518649797862
1134,1487.9508056640625,1476.2518649797862
1135,1487.9508056640625,1476.2518649797862
1136,1487.9508056640625,1476.2518649797862
1137,1487.9508056640625,1476.2518649797862
1138,1537.549072265625,1476.2518649797862
1139,1537.549072265625,1476.2518649797862
1140,1537.549072265625,1466.7492337339045
1141,1537.549072265625,1472.5605111769337
1142,1537.549072265625,1494.9008518071378
1143,1537.549072265625,1524.6198324930142
1144,1537.549072265625,1524.6198324930142
1145,1537.549072265625,1524.6198324930142
1146,1537.549072265625,1524.6198324930142
1147,1537.549072265625,1524.6198324930142
1148,1537.549072265625,1524.6198324930142
1149,1537.549072265625,1524.6198324930142
1150,1537.549072265625,1524.6198324930142
1151,1537.549072265625,1524.6198324930142
1152,1537.549072265625,1524.6198324930142
1153,1537.549072265625,1524.6198324930142
1154,1537.549072265625,1524.6198324930142
1155,1537.549072265625,1524.6198324930142
1156,1537.549072265625,1524.6198324930142
1157,1537.549072265625,1524.6198324930142
1158,1537.549072265625,1524.6198324930142
1159,1537.549072265625,1524.6198324930142
1160,1537.549072265625,1524.6198324930142
1161,1686.3441162109375,1524.6198324930142
1162,1686.3441162109375,1524.6198324930142
1163,1686.3441162109375,1496.5684430244353
1164,1686.3441162109375,1514.0382575268907
1165,1686.3441162109375,1581.5626126600243
1166,1686.3441162109375,1671.5300401357295
1167,1686.3441162109375,1671.5300401357295
1168,1686.3441162109375,1671.5300401357295
1169,1686.3441162109375,1671.5300401357295
1170,1686.3441162109375,1671.5300401357295
1171,1686.3441162109375,1671.5300401357295
1172,1686.3441162109375,1671.5300401357295
1173,1686.3441162109375,1671.5300401357295
1174,1686.3441162109375,1671.5300401357295
1175,1686.3441162109375,1671.5300401357295
1176,1686.3441162109375,1671.5300401357295
1177,1686.3441162109375,1671.5300401357295
1178,1686.3441162109375,1671.5300401357295
1179,1686.3441162109375,1671.5300401357295
1180,1686.3441162109375,1671.5300401357295
1181,1686.3441162109375,1671.5300401357295
1182,1686.3441162109375,1671.5300401357295
1183,1686.3441162109375,1671.5300401357295
1184,1686.3441162109375,1671.5300401357295
1185,1686.3441162109375,1671.5300401357295
1186,1686.3441162109375,1671.5300401357295
1187,1686.3441162109375,1671.5300401357295
1188,1686.3441162109375,1671.5300401357295
1189,1686.3441162109375,1671.5300401357295
1190,1686.3441162109375,1671.5300401357295
1191,1686.3441162109375,1671.5300401357295
1192,1686.3441162109375,1671.5300401357295
1193,1686.3441162109375,1671.5300401357295
1194,1686.3441162109375,1671.5300401357295
1195,1686.3441162109375,1671.5300401357295
1196,1686.3441162109375,1671.5300401357295
1197,1686.3441162109375,1671.5300401357295
1198,1686.3441162109375,1671.5300401357295
1199,1686.3441162109375,1671.5300401357295
1200,1686.3441162109375,1671.5300401357295
1201,1686.3441162109375,1671.5300401357295
1202,1686.3441162109375,1671.5300401357295
1203,1686.3441162109375,1671.5300401357295
1204,1686.3441162109375,1671.5300401357295
1205,1686.3441162109375,1671.5300401357295
1206,1686.3441162109375,1671.5300401357295
1207,1686.3441162109375,1671.5300401357295
1208,1686.3441162109375,1671.5300401357295
1209,1686.3441162109375,1671.5300401357295
1210,1686.3441162109375,1671.5300401357295
1211,1686.3441162109375,1671.5300401357295
1212,1686.3441162109375,1671.5300401357295
1213,1686.3441162109375,1671.5300401357295
1214,1686.3441162109375,1671.5300401357295
1215,1686.3441162109375,1671.5300401357295
1216,1686.3441162109375,1671.5300401357295
1217,1686.3441162109375,1671.5300401357295
1218,1686.3441162109375,1671.5300401357295
1219,1686.3441162109375,1671.5300401357295
1220,1686.3441162109375,1671.5300401357295
1221,1686.3441162109375,1671.5300401357295
1222,1686.3441162109375,1671.5300401357295
1223,1686.3441162109375,1671.5300401357295
1224,1686.3441162109375,1671.5300401357295
1225,1686.3441162109375,1671.5300401357295
1226,1686.3441162109375,1671.5300401357295
1227,1686.3441162109375,1671.5300401357295
1228,1686.3441162109375,1671.5300401357295
1229,1686.3441162109375,1671.5300401357295
1230,1686.3441162109375,1671.5300401357295
1231,1686.3441162109375,1671.5300401357295
1232,1686.3441162109375,1671.5300401357295
1233,1686.3441162109375,1671.5300401357295
1234,1686.3441162109375,1671.5300401357295
1235,1686.3441162109375,1671.5300401357295
1236,1686.3441162109375,1671.5300401357295
1237,1686.3441162109375,1671.5300401357295
1238,1686.3441162109375,1671.5300401357295
1239,1686.3441162109375,1671.5300401357295
1240,1686.3441162109375,1671.5300401357295
1241,1686.3441162109375,1671.5300401357295
1242,1686.3441162109375,1671.5300401357295
1243,1686.3441162109375,1671.5300401357295
1244,1686.3441162109375,1671.5300401357295
1245,1686.3441162109375,1671.5300401357295
1246,1686.3441162109375,1671.5300401357295
1247,1686.3441162109375,1671.5300401357295
1248,1686.3441162109375,1671.5300401357295
1249,1686.3441162109375,1671.5300401357295
1250,1686.3441162109375,1671.5300401357295
1251,1686.3441162109375,1671.5300401357295
1252,1686.3441162109375,1671.5300401357295
1253,1686.3441162109375,1671.5300401357295
1254,1686.3441162109375,1671.5300401357295
1255,1686.3441162109375,1671.5300401357295
1256,1686.3441162109375,1671.5300401357295
1257,1686.3441162109375,1671.5300401357295
1258,1686.3441162109375,1671.5300401357295
1259,1686.3441162109375,1671.5300401357295
1260,1686.3441162109375,1671.5300401357295
1261,1686.3441162109375,1671.5300401357295
1262,1686.3441162109375,1671.5300401357295
1263,1983.9342041015625,1671.5300401357295
1264,1983.9342041015625,1671.5300401357295
1265,1983.9342041015625,1614.1404552420381
1266,1983.9342041015625,1650.1505799786607
1267,1983.9342041015625,1790.6895441238298
1268,1983.9342041015625,1974.167339449972
1269,1983.9342041015625,1974.167339449972
1270,2380.72119140625,1974.167339449972
1271,2380.72119140625,1974.167339449972
1272,2261.684814453125,1893.9212522565285
1273,2261.684814453125,1946.2785476865508
1274,2261.684814453125,2136.2338642918658
1275,2261.684814453125,2331.6117987197676
1276,2261.684814453125,2262.1997353348684
1277,2261.684814453125,2267.8940967884932
1278,2261.684814453125,2267.8940967884932
1279,2261.684814453125,2267.8940967884932
1280,2261.684814453125,2267.8940967884932
1281,2261.684814453125,2267.8940967884932
1282,2261.684814453125,2267.8940967884932
1283,2261.684814453125,2267.8940967884932
1284,2261.684814453125,2267.8940967884932
1285,2261.684814453125,2267.8940967884932
1286,2261.684814453125,2267.8940967884932
1287,2261.684814453125,2267.8940967884932
1288,2261.684814453125,2267.8940967884932
1289,2261.684814453125,2267.8940967884932
1290,2261.684814453125,2267.8940967884932
1291,2261.684814453125,2267.8940967884932
1292,2261.684814453125,2267.8940967884932
1293,2261.684814453125,2267.8940967884932
1294,2261.684814453125,2267.8940967884932
1295,2261.684814453125,2267.8940967884932
1296,2261.704833984375,2267.8940967884932
1297,2261.704833984375,2267.8940967884932
1298,2261.704833984375,2267.8897163499964
1299,2261.704833984375,2267.892428050018
1300,2261.704833984375,2267.903274850106
1301,2261.704833984375,2267.916103277132
1302,2261.704833984375,2267.916103277132
1303,2261.704833984375,2267.916103277132
1304,2261.704833984375,2267.916103277132
1305,2261.704833984375,2267.916103277132
1306,2261.704833984375,2267.916103277132
1307,2261.704833984375,2267.916103277132
1308,2261.704833984375,2267.916103277132
1309,2261.704833984375,2267.916103277132
1310,2261.704833984375,2267.916103277132
1311,2261.704833984375,2267.916103277132
1312,2261.704833984375,2267.916103277132
1313,2261.704833984375,2267.916103277132
1314,2261.704833984375,2267.916103277132
1315,2261.704833984375,2267.916103277132
1316,2261.704833984375,2267.916103277132
1317,2261.704833984375,2267.916103277132
1318,2261.704833984375,2267.916103277132
1319,2261.704833984375,2267.916103277132
1320,2261.704833984375,2267.916103277132
1321,2261.704833984375,2267.916103277132
1322,2261.704833984375,2267.916103277132
1323,2261.704833984375,2267.916103277132
1324,2261.704833984375,2267.916103277132
1325,2261.704833984375,2267.916103277132
1326,2261.704833984375,2267.916103277132
1327,2261.704833984375,2267.916103277132
1328,2261.704833984375,2267.916103277132
1329,2261.704833984375,2267.916103277132
1330,2261.704833984375,2267.916103277132
1331,2261.704833984375,2267.916103277132
1332,2261.704833984375,2267.916103277132
1333,2261.704833984375,2267.916103277132
1334,2678.334716796875,2267.916103277132
1335,2777.532470703125,2267.916103277132
1336,2777.532470703125,2180.4108994212884
1337,2777.532470703125,2259.333677004058
1338,2777.532470703125,2458.959489516224
1339,2777.532470703125,2773.2820517795312
1340,2777.532470703125,2838.4105417212236
1341,2777.532470703125,2838.4105417212236
1342,2777.532470703125,2838.4105417212236
1343,2777.532470703125,2838.4105417212236
1344,2777.532470703125,2838.4105417212236
1345,2777.532470703125,2838.4105417212236
1346,2777.532470703125,2838.4105417212236
1347,2777.532470703125,2838.4105417212236
1348,2777.532470703125,2838.4105417212236
1349,2777.532470703125,2838.4105417212236
1350,2777.532470703125,2838.4105417212236
1351,2777.532470703125,2838.4105417212236
1352,2777.532470703125,2838.4105417212236
1353,2777.532470703125,2838.4105417212236
1354,2777.532470703125,2838.4105417212236
1355,2777.532470703125,2838.4105417212236
1356,2777.532470703125,2838.4105417212236
1357,2777.532470703125,2838.4105417212236
1358,2777.532470703125,2838.4105417212236
1359,2777.532470703125,2838.4105417212236
1360,2777.532470703125,2838.4105417212236
1361,2777.532470703125,2838.4105417212236
1362,2777.532470703125,2838.4105417212236
1363,2777.532470703125,2838.4105417212236
1364,2777.532470703125,2838.4105417212236
1365,2777.532470703125,2838.4105417212236
1366,2777.532470703125,2838.4105417212236
1367,2777.532470703125,2838.4105417212236
1368,2777.532470703125,2838.4105417212236
1369,2777.532470703125,2838.4105417212236
1370,2777.532470703125,2838.4105417212236
1371,2777.532470703125,2838.4105417212236
1372,2777.532470703125,2838.4105417212236
1373,2777.532470703125,2838.4105417212236
1374,2777.532470703125,2838.4105417212236
1375,2777.532470703125,2838.4105417212236
1376,2777.532470703125,2838.4105417212236
1377,2777.532470703125,2838.4105417212236
1378,2777.532470703125,2838.4105417212236
1379,2777.532470703125,2838.4105417212236
1380,2777.532470703125,2838.4105417212236
1381,2777.532470703125,2838.4105417212236
1382,2777.532470703125,2838.4105417212236
1383,2777.532470703125,2838.4105417212236
1384,2777.532470703125,2838.4105417212236
1385,2777.532470703125,2838.4105417212236
1386,2777.532470703125,2838.4105417212236
1387,2777.532470703125,2838.4105417212236
1388,2777.532470703125,2838.4105417212236
1389,2777.532470703125,2838.4105417212236
1390,2777.532470703125,2838.4105417212236
1391,2777.532470703125,2838.4105417212236
1392,2777.532470703125,2838.4105417212236
1393,2777.532470703125,2838.4105417212236
1394,2777.532470703125,2838.4105417212236
1395,2777.532470703125,2838.4105417212236
1396,2777.532470703125,2838.4105417212236
1397,2777.532470703125,2838.4105417212236
1398,2777.532470703125,2838.4105417212236
1399,2777.532470703125,2838.4105417212236
1400,2777.532470703125,2838.4105417212236
1401,2777.532470703125,2838.4105417212236
1402,2777.532470703125,2838.4105417212236
1403,2777.532470703125,2838.4105417212236
1404,2777.532470703125,2838.4105417212236
1405,2777.532470703125,2838.4105417212236
1406,2777.532470703125,2838.4105417212236
1407,2777.532470703125,2838.4105417212236
1408,2777.532470703125,2838.4105417212236
1409,2777.532470703125,2838.4105417212236
1410,2876.729736328125,2838.4105417212236
1411,2876.729736328125,2838.4105417212236
1412,2975.927734375,2815.340493044749
1413,2975.927734375,2830.4394473588495
1414,2975.927734375,2863.2011379875385
1415,2975.927734375,2936.8032211648892
1416,2975.927734375,2987.475077698143
1417,2975.927734375,3042.336588987308
1418,2975.927734375,3065.123030345149
1419,2975.927734375,3065.123030345149
1420,2975.927734375,3065.123030345149
1421,2975.927734375,3065.123030345149
1422,2975.927734375,3065.123030345149
1423,2975.927734375,3065.123030345149
1424,2975.927734375,3065.123030345149
1425,2975.927734375,3065.123030345149
1426,2975.927734375,3065.123030345149
1427,2975.927734375,3065.123030345149
1428,2975.927734375,3065.123030345149
1429,2975.927734375,3065.123030345149
1430,2975.927734375,3065.123030345149
1431,2975.927734375,3065.123030345149
1432,2975.927734375,3065.123030345149
1433,2975.927734375,3065.123030345149
1434,2975.927734375,3065.123030345149
1435,2975.927734375,3065.123030345149
1436,2975.927734375,3065.123030345149
1437,2975.927734375,3065.123030345149
1438,2975.927734375,3065.123030345149
1439,2975.927734375,3065.123030345149
1440,2975.927734375,3065.123030345149
1441,2975.927734375,3065.123030345149
1442,2876.729736328125,3065.123030345149
1443,2975.927734375,3065.123030345149
1444,2975.927734375,3047.469758906598
1445,2975.927734375,2975.723912616336
1446,2975.927734375,2980.0775078903953
1447,2975.927734375,2999.454351507272
1448,2975.927734375,3065.123030345149
1449,2975.927734375,3065.123030345149
1450,2975.927734375,3065.123030345149
1451,2975.927734375,3065.123030345149
1452,2975.927734375,3065.123030345149
1453,2975.927734375,3065.123030345149
1454,2975.927734375,3065.123030345149
1455,2975.927734375,3065.123030345149
1456,2975.927734375,3065.123030345149
1457,2975.927734375,3065.123030345149
1458,2975.927734375,3065.123030345149
1459,2975.927734375,3065.123030345149
1460,2975.927734375,3065.123030345149
1461,2975.927734375,3065.123030345149
1462,2975.927734375,3065.123030345149
1463,2975.927734375,3065.123030345149
1464,2975.927734375,3065.123030345149
1465,2975.927734375,3065.123030345149
1466,2975.927734375,3065.123030345149
1467,2975.927734375,3065.123030345149
1468,2975.927734375,3065.123030345149
1469,2975.927734375,3065.123030345149
1470,2975.927734375,3065.123030345149
1471,2975.927734375,3065.123030345149
1472,2975.927734375,3065.123030345149
1473,2975.927734375,3065.123030345149
1474,2975.927734375,3065.123030345149
1475,2975.927734375,3065.123030345149
1476,2975.927734375,3065.123030345149
1477,2975.927734375,3065.123030345149
1478,2975.927734375,3065.123030345149
1479,2975.927734375,3065.123030345149
1480,2975.927734375,3065.123030345149
1481,2975.927734375,3065.123030345149
1482,2975.927734375,3065.123030345149
1483,2975.927734375,3065.123030345149
1484,2975.927734375,3065.123030345149
1485,2975.927734375,3065.123030345149
1486,2975.927734375,3065.123030345149
1487,2975.927734375,3065.123030345149
1488,2975.927734375,3065.123030345149
1489,2975.927734375,3065.123030345149
1490,2975.927734375,3065.123030345149
1491,2975.927734375,3065.123030345149
1492,2975.927734375,3065.123030345149
1493,2975.927734375,3065.123030345149
1494,2975.927734375,3065.123030345149
1495,2975.927734375,3065.123030345149
1496,2975.927734375,3065.123030345149
1497,2975.927734375,3065.123030345149
1498,2975.927734375,3065.123030345149
1499,2975.927734375,3065.123030345149
1500,2975.927734375,3065.123030345149
1501,2975.927734375,3065.123030345149
1502,2975.927734375,3065.123030345149
1503,2975.927734375,3065.123030345149
1504,2975.927734375,3065.123030345149
1505,2975.927734375,3065.123030345149
1506,2975.927734375,3065.123030345149
1507,2975.927734375,3065.123030345149
1508,2975.927734375,3065.123030345149
1509,2975.927734375,3065.123030345149
1510,2975.927734375,3065.123030345149
1511,2975.927734375,3065.123030345149
1512,2975.927734375,3065.123030345149
1513,2975.927734375,3065.123030345149
1514,2975.927734375,3065.123030345149
1515,2975.927734375,3065.123030345149
1516,2975.927734375,3065.123030345149
1517,2975.927734375,3065.123030345149
1518,2975.927734375,3065.123030345149
1519,2975.927734375,3065.123030345149
1520,3075.125,3065.123030345149
1521,3075.125,3065.123030345149
1522,3075.125,3045.4277705680115
1523,3075.125,3070.1395971634984
1524,3075.125,3122.9617047031597
1525,3075.125,3178.8474612683144
1526,3075.125,3178.8474612683144
1527,3075.125,3178.8474612683144
1528,3075.125,3178.8474612683144
1529,3075.125,3178.8474612683144
1530,3075.125,3178.8474612683144
1531,3075.125,3178.8474612683144
1532,3075.125,3178.8474612683144
1533,3075.125,3178.8474612683144
1534,3075.125,3178.8474612683144
1535,3075.125,3178.8474612683144
1536,3075.125,3178.8474612683144
1537,3075.125,3178.8474612683144
1538,3075.125,3178.8474612683144
1539,3075.125,3178.8474612683144
1540,3075.125,3178.8474612683144
1541,3075.125,3178.8474612683144
1542,3075.125,3178.8474612683144
1543,3174.32275390625,3178.8474612683144
1544,3174.32275390625,3178.8474612683144
1545,3174.32275390625,3176.319324108318
1546,3174.32275390625,3248.5174539326376
1547,3174.32275390625,3328.485474540665
1548,3174.32275390625,3388.4606132571353
1549,3174.32275390625,3388.4606132571353
1550,3174.32275390625,3388.4606132571353
1551,3174.32275390625,3388.4606132571353
1552,3174.32275390625,3388.4606132571353
1553,3174.32275390625,3388.4606132571353
1554,3174.32275390625,3388.4606132571353
1555,3174.32275390625,3388.4606132571353
1556,3174.32275390625,3388.4606132571353
1557,3174.32275390625,3388.4606132571353
1558,3174.32275390625,3388.4606132571353
1559,3174.32275390625,3388.4606132571353
1560,3174.32275390625,3388.4606132571353
1561,3174.32275390625,3388.4606132571353
1562,3174.32275390625,3388.4606132571353
1563,3174.32275390625,3388.4606132571353
1564,3174.32275390625,3388.4606132571353
1565,3174.32275390625,3388.4606132571353
1566,3174.32275390625,3388.4606132571353
1567,3174.32275390625,3388.4606132571353
1568,3174.32275390625,3388.4606132571353
1569,3174.32275390625,3388.4606132571353
1570,3174.32275390625,3388.4606132571353
1571,3174.32275390625,3388.4606132571353
1572,3075.125,3388.4606132571353
1573,3075.125,3388.4606132571353
1574,3075.125,3345.963267698954
1575,3075.125,3280.3289674810662
1576,3075.125,3194.304097615288
1577,3075.125,3178.8474612683144
1578,3075.125,3178.8474612683144
1579,3075.125,3178.8474612683144
1580,3075.125,3178.8474612683144
1581,3075.125,3178.8474612683144
1582,3075.125,3178.8474612683144
1583,3075.125,3178.8474612683144
1584,3075.125,3178.8474612683144
1585,3075.125,3178.8474612683144
1586,3075.125,3178.8474612683144
1587,3075.125,3178.8474612683144
1588,3075.125,3178.8474612683144
1589,3075.125,3178.8474612683144
1590,3075.125,3178.8474612683144
1591,3075.125,3178.8474612683144
1592,3075.125,3178.8474612683144
1593,3075.125,3178.8474612683144
1594,3075.125,3178.8474612683144
1595,3075.125,3178.8474612683144
1596,3075.125,3178.8474612683144
1597,3075.125,3178.8474612683144
1598,3075.125,3178.8474612683144
1599,3075.125,3178.8474612683144
1600,3075.125,3178.8474612683144
1601,3075.125,3178.8474612683144
1602,3075.125,3178.8474612683144
1603,3075.125,3178.8474612683144
1604,3075.125,3178.8474612683144
1605,3075.125,3178.8474612683144
1606,3075.125,3178.8474612683144
1607,3075.125,3178.8474612683144
1608,3075.125,3178.8474612683144
1609,3075.125,3178.8474612683144
1610,3075.125,3178.8474612683144
1611,3075.125,3178.8474612683144
1612,3075.125,3178.8474612683144
1613,3075.125,3178.8474612683144
1614,3075.125,3178.8474612683144
1615,3075.125,3178.8474612683144
1616,3075.125,3178.8474612683144
1617,3075.125,3178.8474612683144
1618,3075.125,3178.8474612683144
1619,3075.125,3178.8474612683144
1620,3223.921630859375,3178.8474612683144
1621,3223.921630859375,3178.8474612683144
1622,3223.921630859375,3183.965278467709
1623,3223.921630859375,3308.559915816959
1624,3223.921630859375,3422.602559196958
1625,3223.921630859375,3496.61217959875
1626,3223.921630859375,3496.61217959875
1627,3075.125,3496.61217959875
1628,3075.125,3496.61217959875
1629,3075.125,3434.9699972197945
1630,3075.125,3342.8281252890497
1631,3075.125,3198.771946067553
1632,3075.125,3178.8474612683144
1633,3075.125,3178.8474612683144
1634,3075.125,3178.8474612683144
1635,3075.125,3178.8474612683144
1636,3075.125,3178.8474612683144
1637,3075.125,3178.8474612683144
1638,3075.125,3178.8474612683144
1639,3075.125,3178.8474612683144
1640,3075.125,3178.8474612683144
1641,3075.125,3178.8474612683144
1642,3075.125,3178.8474612683144
1643,3075.125,3178.8474612683144
1644,3075.125,3178.8474612683144
1645,3075.125,3178.8474612683144
1646,3075.125,3178.8474612683144
1647,3075.125,3178.8474612683144
1648,3075.125,3178.8474612683144
1649,3075.125,3178.8474612683144
1650,3075.125,3178.8474612683144
1651,3075.125,3178.8474612683144
1652,3075.125,3178.8474612683144
1653,3075.125,3178.8474612683144
1654,3075.125,3178.8474612683144
1655,3075.125,3178.8474612683144
1656,3075.125,3178.8474612683144
1657,3075.125,3178.8474612683144
1658,3075.125,3178.8474612683144
1659,3075.125,3178.8474612683144
1660,3075.125,3178.8474612683144
1661,3075.125,3178.8474612683144
1662,3075.125,3178.8474612683144
1663,3075.125,3178.8474612683144
1664,3075.125,3178.8474612683144
1665,3075.125,3178.8474612683144
1666,3075.125,3178.8474612683144
1667,3075.125,3178.8474612683144
1668,3075.125,3178.8474612683144
1669,3075.125,3178.8474612683144
1670,3075.125,3178.8474612683144
1671,3075.125,3178.8474612683144
1672,3075.125,3178.8474612683144
1673,3075.125,3178.8474612683144
1674,3075.125,3178.8474612683144
1675,3075.125,3178.8474612683144
1676,3075.125,3178.8474612683144
1677,3075.125,3178.8474612683144
1678,3075.125,3178.8474612683144
1679,3075.125,3178.8474612683144
1680,3075.125,3178.8474612683144
1681,3075.125,3178.8474612683144
1682,3075.125,3178.8474612683144
1683,3075.125,3178.8474612683144
1684,3075.125,3178.8474612683144
1685,3075.125,3178.8474612683144
1686,3075.125,3178.8474612683144
1687,3075.125,3178.8474612683144
1688,3075.125,3178.8474612683144
1689,3075.125,3178.8474612683144
1690,3075.125,3178.8474612683144
1691,3075.125,3178.8474612683144
1692,3075.125,3178.8474612683144
1693,3075.125,3178.8474612683144
1694,3075.125,3178.8474612683144
1695,3075.125,3178.8474612683144
1696,3075.125,3178.8474612683144
1697,3075.125,3178.8474612683144
1698,3075.125,3178.8474612683144
1699,3075.125,3178.8474612683144
1700,3075.125,3178.8474612683144
1701,3075.125,3178.8474612683144
1702,3075.125,3178.8474612683144
1703,3075.125,3178.8474612683144
1704,3075.125,3178.8474612683144
1705,3075.125,3178.8474612683144
1706,3075.125,3178.8474612683144
1707,3075.125,3178.8474612683144
1708,3075.125,3178.8474612683144
1709,3075.125,3178.8474612683144
1710,3075.125,3178.8474612683144
1711,3075.125,3178.8474612683144
1712,3075.125,3178.8474612683144
1713,3075.125,3178.8474612683144
1714,3075.125,3178.8474612683144
1715,3075.125,3178.8474612683144
1716,3075.125,3178.8474612683144
1717,3075.125,3178.8474612683144
1718,3075.125,3178.8474612683144
1719,3075.125,3178.8474612683144
1720,3075.125,3178.8474612683144
1721,3075.125,3178.8474612683144
1722,3075.125,3178.8474612683144
1723,3075.125,3178.8474612683144
1724,3075.125,3178.8474612683144
1725,3075.125,3178.8474612683144
1726,3075.125,3178.8474612683144
1727,3075.125,3178.8474612683144
1728,3075.125,3178.8474612683144
1729,3075.125,3178.8474612683144
1730,3075.125,3178.8474612683144
1731,3075.125,3178.8474612683144
1732,3075.125,3178.8474612683144
1733,3075.125,3178.8474612683144
1734,3075.125,3178.8474612683144
1735,3075.125,3178.8474612683144
1736,3075.125,3178.8474612683144
1737,3075.125,3178.8474612683144
1738,3075.125,3178.8474612683144
1739,3075.125,3178.8474612683144
1740,3075.125,3178.8474612683144
1741,3075.125,3178.8474612683144
1742,3075.125,3178.8474612683144
1743,3075.125,3178.8474612683144
1744,3075.125,3178.8474612683144
1745,3075.125,3178.8474612683144
1746,3075.125,3178.8474612683144
1747,3075.125,3178.8474612683144
1748,3075.125,3178.8474612683144
1749,3075.125,3178.8474612683144
1750,3075.125,3178.8474612683144
1751,3075.125,3178.8474612683144
1752,3099.864013671875,3178.8474612683144
1753,3099.864013671875,3178.8474612683144
1754,3099.864013671875,3174.529665649351
1755,3099.864013671875,3183.5559225790707
1756,3099.864013671875,3198.5950532706934
1757,3099.864013671875,3212.597972332203
1758,3099.864013671875,3212.597972332203
1759,3099.864013671875,3212.597972332203
1760,3099.864013671875,3212.597972332203
1761,3099.864013671875,3212.597972332203
1762,3099.864013671875,3212.597972332203
1763,3099.864013671875,3212.597972332203
1764,3099.864013671875,3212.597972332203
1765,3099.864013671875,3212.597972332203
1766,3099.864013671875,3212.597972332203
1767,3099.864013671875,3212.597972332203
1768,3099.864013671875,3212.597972332203
1769,3099.864013671875,3212.597972332203
1770,3099.864013671875,3212.597972332203
1771,3099.864013671875,3212.597972332203
1772,3099.864013671875,3212.597972332203
1773,3099.864013671875,3212.597972332203
1774,3099.864013671875,3212.597972332203
1775,3099.864013671875,3212.597972332203
1776,3099.864013671875,3212.597972332203
1777,3099.864013671875,3212.597972332203
1778,3099.864013671875,3212.597972332203
1779,3099.864013671875,3212.597972332203
1780,3099.864013671875,3212.597972332203
1781,3099.864013671875,3212.597972332203
1782,3099.864013671875,3212.597972332203
1783,3099.864013671875,3212.597972332203
1784,3099.864013671875,3212.597972332203
1785,3099.864013671875,3212.597972332203
1786,3099.864013671875,3212.597972332203
1787,3099.864013671875,3212.597972332203
1788,3099.864013671875,3212.597972332203
1789,3099.864013671875,3212.597972332203
1790,3099.864013671875,3212.597972332203
1791,3099.864013671875,3212.597972332203
1792,3099.864013671875,3212.597972332203
1793,3099.864013671875,3212.597972332203
1794,3099.864013671875,3212.597972332203
1795,3099.864013671875,3212.597972332203
1796,3099.864013671875,3212.597972332203
1797,3099.864013671875,3212.597972332203
1798,3099.864013671875,3212.597972332203
1799,3099.864013671875,3212.597972332203
1800,3099.864013671875,3212.597972332203
1801,3099.864013671875,3212.597972332203
1802,3099.864013671875,3212.597972332203
1803,3099.864013671875,3212.597972332203
1804,3099.864013671875,3212.597972332203
1805,3099.864013671875,3212.597972332203
1806,3099.864013671875,3212.597972332203
1807,3099.864013671875,3212.597972332203
1808,3099.864013671875,3212.597972332203
1809,3099.864013671875,3212.597972332203
1810,3099.864013671875,3212.597972332203
1811,3099.864013671875,3212.597972332203
1812,3099.864013671875,3212.597972332203
1813,3099.864013671875,3212.597972332203
1814,3099.864013671875,3212.597972332203
1815,3099.864013671875,3212.597972332203
1816,3099.864013671875,3212.597972332203
1817,3099.864013671875,3212.597972332203
1818,3099.864013671875,3212.597972332203
1819,3099.864013671875,3212.597972332203
1820,3099.864013671875,3212.597972332203
1821,3099.864013671875,3212.597972332203
1822,3099.864013671875,3212.597972332203
1823,3099.864013671875,3212.597972332203
1824,3099.864013671875,3212.597972332203
1825,3099.864013671875,3212.597972332203
1826,3099.864013671875,3212.597972332203
1827,3099.864013671875,3212.597972332203
1828,3099.864013671875,3212.597972332203
1829,3099.864013671875,3212.597972332203
1830,3099.864013671875,3212.597972332203
1831,3099.864013671875,3212.597972332203
1832,3099.864013671875,3212.597972332203
1833,3099.864013671875,3212.597972332203
1834,3099.864013671875,3212.597972332203
1835,3099.864013671875,3212.597972332203
1836,3099.864013671875,3212.597972332203
1837,3099.864013671875,3212.597972332203
1838,3099.864013671875,3212.597972332203
1839,3099.864013671875,3212.597972332203
1840,3099.864013671875,3212.597972332203
1841,3099.864013671875,3212.597972332203
1842,3099.864013671875,3212.597972332203
1843,3099.864013671875,3212.597972332203
1844,3099.864013671875,3212.597972332203
1845,3099.864013671875,3212.597972332203
1846,3099.864013671875,3212.597972332203
1847,3099.864013671875,3212.597972332203
1848,3099.864013671875,3212.597972332203
1849,3099.864013671875,3212.597972332203
1850,3099.864013671875,3212.597972332203
1851,3099.864013671875,3212.597972332203
1852,3099.864013671875,3212.597972332203
1853,3099.864013671875,3212.597972332203
1854,3099.864013671875,3212.597972332203
1855,3099.864013671875,3212.597972332203
1856,3099.864013671875,3212.597972332203
1857,3099.864013671875,3212.597972332203
1858,3099.864013671875,3212.597972332203
1859,3099.864013671875,3212.597972332203
1860,3099.864013671875,3212.597972332203
1861,3099.864013671875,3212.597972332203
1862,3099.864013671875,3212.597972332203
1863,3099.864013671875,3212.597972332203
1864,3099.864013671875,3212.597972332203
1865,3099.864013671875,3212.597972332203
1866,3099.864013671875,3212.597972332203
1867,3099.864013671875,3212.597972332203
1868,3099.864013671875,3212.597972332203
1869,3099.864013671875,3212.597972332203
1870,3099.864013671875,3212.597972332203
1871,3099.864013671875,3212.597972332203
1872,3099.864013671875,3212.597972332203
1873,3099.864013671875,3212.597972332203
1874,3099.864013671875,3212.597972332203
1875,3099.864013671875,3212.597972332203
1876,3099.864013671875,3212.597972332203
1877,3099.864013671875,3212.597972332203
1878,3099.864013671875,3212.597972332203
1879,3099.864013671875,3212.597972332203
1880,3099.864013671875,3212.597972332203
1881,3099.864013671875,3212.597972332203
1882,3099.864013671875,3212.597972332203
1883,3099.864013671875,3212.597972332203
1884,3099.864013671875,3212.597972332203
1885,3099.864013671875,3212.597972332203
1886,3099.864013671875,3212.597972332203
1887,3099.864013671875,3212.597972332203
1888,3099.864013671875,3212.597972332203
1889,3099.864013671875,3212.597972332203
1890,3099.864013671875,3212.597972332203
1891,3099.864013671875,3212.597972332203
1892,3099.864013671875,3212.597972332203
1893,3099.864013671875,3212.597972332203
1894,3099.864013671875,3212.597972332203
1895,3099.864013671875,3212.597972332203
1896,3099.864013671875,3212.597972332203
1897,3099.864013671875,3212.597972332203
1898,3099.864013671875,3212.597972332203
1899,3099.864013671875,3212.597972332203
1900,3099.864013671875,3212.597972332203
1901,3099.864013671875,3212.597972332203
1902,3099.864013671875,3212.597972332203
1903,3099.864013671875,3212.597972332203
1904,3099.864013671875,3212.597972332203
1905,3099.864013671875,3212.597972332203
1906,3099.864013671875,3212.597972332203
1907,3099.864013671875,3212.597972332203
1908,3099.864013671875,3212.597972332203
1909,3099.864013671875,3212.597972332203
1910,3099.864013671875,3212.597972332203
1911,3099.864013671875,3212.597972332203
1912,3099.864013671875,3212.597972332203
1913,3099.864013671875,3212.597972332203
1914,3099.864013671875,3212.597972332203
1915,3099.864013671875,3212.597972332203
1916,3099.864013671875,3212.597972332203
1917,3099.864013671875,3212.597972332203
1918,3099.864013671875,3212.597972332203
1919,3099.864013671875,3212.597972332203
1920,3099.864013671875,3212.597972332203
1921,3099.864013671875,3212.597972332203
1922,3099.864013671875,3212.597972332203
1923,3099.864013671875,3212.597972332203
1924,3099.864013671875,3212.597972332203
1925,3099.864013671875,3212.597972332203
1926,3099.864013671875,3212.597972332203
1927,3099.864013671875,3212.597972332203
1928,3099.864013671875,3212.597972332203
1929,3099.864013671875,3212.597972332203
1930,3099.864013671875,3212.597972332203
1931,3099.864013671875,3212.597972332203
1932,3099.864013671875,3212.597972332203
1933,3099.864013671875,3212.597972332203
1934,2899.873046875,3212.597972332203
1935,2899.873046875,3212.597972332203
1936,2899.873046875,3180.9530425575945
1937,2899.873046875,3086.4469397628272
1938,2549.887939453125,2954.628489999539
1939,2499.89013671875,2977.795312470544
1940,2749.879150390625,2901.272728369636
1941,2749.879150390625,2778.3911553611274
1942,2649.883544921875,2490.153269977458
1943,2649.883544921875,2546.668018725631
1944,2649.883544921875,2634.3553758156368
1945,2649.883544921875,2755.1224485840116
1946,2399.89501953125,2692.5882472680532
1947,2399.89501953125,2694.519759904787
1948,2399.89501953125,2641.0109827789383
1949,2399.89501953125,2527.7448894556837
1950,2399.89501953125,2383.9960025576993
1951,2399.89501953125,2417.765637299326
1952,2399.89501953125,2417.765637299326
1953,2399.89501953125,2417.765637299326
1954,2399.89501953125,2417.765637299326
1955,2399.89501953125,2417.765637299326
1956,2399.89501953125,2417.765637299326
1957,2399.89501953125,2417.765637299326
1958,2399.89501953125,2417.765637299326
1959,2499.89013671875,2417.765637299326
1960,2499.89013671875,2417.765637299326
1961,2499.89013671875,2395.4931413177464
1962,2499.89013671875,2409.964910705634
1963,2499.89013671875,2463.2207175082885
1964,2499.89013671875,2527.6244795450966
1965,2499.89013671875,2527.6244795450966
1966,2499.89013671875,2527.6244795450966
1967,2499.89013671875,2527.6244795450966
1968,2499.89013671875,2527.6244795450966
1969,2499.89013671875,2527.6244795450966
1970,2499.89013671875,2527.6244795450966
1971,2499.89013671875,2527.6244795450966
1972,2499.89013671875,2527.6244795450966
1973,2499.89013671875,2527.6244795450966
1974,2499.89013671875,2527.6244795450966
1975,2499.89013671875,2527.6244795450966
1976,2499.89013671875,2527.6244795450966
1977,2499.89013671875,2527.6244795450966
1978,2499.89013671875,2527.6244795450966
1979,2499.89013671875,2527.6244795450966
1980,2499.89013671875,2527.6244795450966
1981,2499.89013671875,2527.6244795450966
1982,2499.89013671875,2527.6244795450966
1983,2499.89013671875,2527.6244795450966
1984,2499.89013671875,2527.6244795450966
1985,2499.89013671875,2527.6244795450966
1986,2499.89013671875,2527.6244795450966
1987,2499.89013671875,2527.6244795450966
1988,2499.89013671875,2527.6244795450966
1989,2499.89013671875,2527.6244795450966
1990,2499.89013671875,2527.6244795450966
1991,2499.89013671875,2527.6244795450966
1992,2499.89013671875,2527.6244795450966
1993,2499.89013671875,2527.6244795450966
1994,2499.89013671875,2527.6244795450966
1995,2499.89013671875,2527.6244795450966
1996,2499.89013671875,2527.6244795450966
1997,2499.906005859375,2527.6244795450966
1998,2499.906005859375,2527.6244795450966
1999,2499.906005859375,2527.6208813277603
2000,2499.906005859375,2527.623123695086
2001,2499.906005859375,2527.6318324240024
2002,2499.906005859375,2527.6420012990843
2003,2499.906005859375,2527.6420012990843
2004,2499.906005859375,2527.6420012990843
2005,2499.906005859375,2527.6420012990843
2006,2499.906005859375,2527.6420012990843
2007,2499.906005859375,2527.6420012990843
2008,2499.906005859375,2527.6420012990843
2009,2499.906005859375,2527.6420012990843
2010,2499.906005859375,2527.6420012990843
2011,2499.906005859375,2527.6420012990843
2012,2499.906005859375,2527.6420012990843
2013,2499.906005859375,2527.6420012990843
2014,2499.906005859375,2527.6420012990843
2015,2499.906005859375,2527.6420012990843
2016,2499.906005859375,2527.6420012990843
2017,2499.906005859375,2527.6420012990843
2018,2499.906005859375,2527.6420012990843
2019,2499.906005859375,2527.6420012990843
2020,2499.906005859375,2527.6420012990843
2021,2499.906005859375,2527.6420012990843
2022,2499.906005859375,2527.6420012990843
2023,2499.906005859375,2527.6420012990843
2024,2499.906005859375,2527.6420012990843
2025,2499.906005859375,2527.6420012990843
2026,2499.906005859375,2527.6420012990843
2027,2499.906005859375,2527.6420012990843
2028,2499.906005859375,2527.6420012990843
2029,2499.906005859375,2527.6420012990843
2030,2499.906005859375,2527.6420012990843
2031,2499.906005859375,2527.6420012990843
2032,2499.906005859375,2527.6420012990843
2033,2499.906005859375,2527.6420012990843
2034,2499.906005859375,2527.6420012990843
2035,2499.906005859375,2527.6420012990843
2036,2499.906005859375,2527.6420012990843
2037,2499.906005859375,2527.6420012990843
2038,2499.906005859375,2527.6420012990843
2039,2499.906005859375,2527.6420012990843
2040,2499.906005859375,2527.6420012990843
2041,2499.906005859375,2527.6420012990843
2042,2499.906005859375,2527.6420012990843
2043,2499.906005859375,2527.6420012990843
2044,2499.906005859375,2527.6420012990843
2045,2499.906005859375,2527.6420012990843
2046,2499.906005859375,2527.6420012990843
2047,2499.906005859375,2527.6420012990843
2048,2499.906005859375,2527.6420012990843
2049,2499.906005859375,2527.6420012990843
2050,2499.906005859375,2527.6420012990843
2051,2499.906005859375,2527.6420012990843
2052,2499.906005859375,2527.6420012990843
2053,2499.906005859375,2527.6420012990843
2054,2499.906005859375,2527.6420012990843
2055,2499.906005859375,2527.6420012990843
2056,2499.906005859375,2527.6420012990843
2057,2499.906005859375,2527.6420012990843
2058,2499.906005859375,2527.6420012990843
2059,2499.906005859375,2527.6420012990843
2060,2499.906005859375,2527.6420012990843
2061,2499.906005859375,2527.6420012990843
2062,2499.906005859375,2527.6420012990843
2063,2499.906005859375,2527.6420012990843
2064,2499.906005859375,2527.6420012990843
2065,2499.906005859375,2527.6420012990843
2066,2499.906005859375,2527.6420012990843
2067,2499.906005859375,2527.6420012990843
2068,2499.906005859375,2527.6420012990843
2069,2499.906005859375,2527.6420012990843
2070,2499.906005859375,2527.6420012990843
2071,2499.906005859375,2527.6420012990843
2072,2499.906005859375,2527.6420012990843
2073,2499.906005859375,2527.6420012990843
2074,2499.906005859375,2527.6420012990843
2075,2499.906005859375,2527.6420012990843
2076,2499.906005859375,2527.6420012990843
2077,2499.906005859375,2527.6420012990843
2078,2499.906005859375,2527.6420012990843
2079,2499.906005859375,2527.6420012990843
2080,2499.906005859375,2527.6420012990843
2081,2499.906005859375,2527.6420012990843
2082,2499.906005859375,2527.6420012990843
2083,2499.906005859375,2527.6420012990843
2084,2499.906005859375,2527.6420012990843
2085,2499.906005859375,2527.6420012990843
2086,2499.906005859375,2527.6420012990843
2087,2499.906005859375,2527.6420012990843
2088,2499.906005859375,2527.6420012990843
2089,2499.906005859375,2527.6420012990843
2090,2499.906005859375,2527.6420012990843
2091,2499.906005859375,2527.6420012990843
2092,2499.906005859375,2527.6420012990843
2093,2499.906005859375,2527.6420012990843
2094,2499.906005859375,2527.6420012990843
2095,2499.906005859375,2527.6420012990843
2096,2499.906005859375,2527.6420012990843
2097,2499.906005859375,2527.6420012990843
2098,2499.906005859375,2527.6420012990843
2099,2499.906005859375,2527.6420012990843
2100,2499.906005859375,2527.6420012990843
2101,2499.906005859375,2527.6420012990843
2102,2499.906005859375,2527.6420012990843
2103,2499.906005859375,2527.6420012990843
2104,2499.906005859375,2527.6420012990843
2105,2499.906005859375,2527.6420012990843
2106,2499.906005859375,2527.6420012990843
2107,2499.906005859375,2527.6420012990843
2108,2499.906005859375,2527.6420012990843
2109,2499.906005859375,2527.6420012990843
2110,2499.906005859375,2527.6420012990843
2111,2499.906005859375,2527.6420012990843
2112,2499.906005859375,2527.6420012990843
2113,2499.906005859375,2527.6420012990843
2114,2499.906005859375,2527.6420012990843
2115,2499.906005859375,2527.6420012990843
2116,2499.906005859375,2527.6420012990843
2117,2499.906005859375,2527.6420012990843
2118,2499.906005859375,2527.6420012990843
2119,2499.906005859375,2527.6420012990843
2120,2499.906005859375,2527.6420012990843
2121,2499.906005859375,2527.6420012990843
2122,2499.906005859375,2527.6420012990843
2123,2499.906005859375,2527.6420012990843
2124,2499.906005859375,2527.6420012990843
2125,2499.906005859375,2527.6420012990843
2126,2499.906005859375,2527.6420012990843
2127,2499.906005859375,2527.6420012990843
2128,2499.906005859375,2527.6420012990843
2129,2499.906005859375,2527.6420012990843
2130,2499.906005859375,2527.6420012990843
2131,2499.906005859375,2527.6420012990843
2132,2499.906005859375,2527.6420012990843
2133,2499.906005859375,2527.6420012990843
2134,2499.906005859375,2527.6420012990843
2135,2499.906005859375,2527.6420012990843
2136,2499.906005859375,2527.6420012990843
2137,2499.906005859375,2527.6420012990843
2138,2499.906005859375,2527.6420012990843
2139,2499.906005859375,2527.6420012990843
2140,2499.906005859375,2527.6420012990843
2141,2499.906005859375,2527.6420012990843
2142,2499.906005859375,2527.6420012990843
2143,2499.906005859375,2527.6420012990843
2144,2499.906005859375,2527.6420012990843
2145,2499.906005859375,2527.6420012990843
2146,2499.906005859375,2527.6420012990843
2147,2499.906005859375,2527.6420012990843
2148,2499.906005859375,2527.6420012990843
2149,2499.906005859375,2527.6420012990843
2150,2499.906005859375,2527.6420012990843
2151,2499.906005859375,2527.6420012990843
2152,2499.906005859375,2527.6420012990843
2153,2499.906005859375,2527.6420012990843
2154,2499.906005859375,2527.6420012990843
2155,2499.906005859375,2527.6420012990843
2156,2499.906005859375,2527.6420012990843
2157,3099.8837890625,2527.6420012990843
2158,2499.906005859375,2527.6420012990843
2159,2499.906005859375,2452.5322389836106
2160,2499.906005859375,2384.2213343999015
2161,2499.906005859375,2658.1748445116177
2162,2499.906005859375,2420.0295417810494
2163,2499.906005859375,2527.6420012990843
2164,2499.906005859375,2527.6420012990843
2165,2499.906005859375,2527.6420012990843
2166,2499.906005859375,2527.6420012990843
2167,2499.906005859375,2527.6420012990843
2168,2499.906005859375,2527.6420012990843
2169,2499.906005859375,2527.6420012990843
2170,2499.906005859375,2527.6420012990843
2171,2499.906005859375,2527.6420012990843
2172,2499.906005859375,2527.6420012990843
2173,2499.906005859375,2527.6420012990843
2174,2499.906005859375,2527.6420012990843
2175,2499.906005859375,2527.6420012990843
2176,2499.906005859375,2527.6420012990843
2177,2499.906005859375,2527.6420012990843
2178,2499.906005859375,2527.6420012990843
2179,2499.906005859375,2527.6420012990843
2180,2499.906005859375,2527.6420012990843
2181,2499.906005859375,2527.6420012990843
2182,2499.906005859375,2527.6420012990843
2183,2499.906005859375,2527.6420012990843
2184,2499.906005859375,2527.6420012990843
2185,2499.906005859375,2527.6420012990843
2186,2699.898681640625,2527.6420012990843
2187,2699.898681640625,2527.6420012990843
2188,2699.898681640625,2483.324009916602
2189,2699.898681640625,2513.7066791828315
2190,2699.898681640625,2622.049994004839
2191,2699.898681640625,2750.703029399325
2192,2699.898681640625,2750.703029399325
2193,2699.898681640625,2750.703029399325
2194,2699.898681640625,2750.703029399325
2195,2699.898681640625,2750.703029399325
2196,2699.898681640625,2750.703029399325
2197,2699.898681640625,2750.703029399325
2198,2699.898681640625,2750.703029399325
2199,2699.898681640625,2750.703029399325
2200,2699.898681640625,2750.703029399325
2201,2699.898681640625,2750.703029399325
2202,2699.898681640625,2750.703029399325
2203,2699.898681640625,2750.703029399325
2204,2699.898681640625,2750.703029399325
2205,2699.898681640625,2750.703029399325
2206,2699.898681640625,2750.703029399325
2207,2699.898681640625,2750.703029399325
2208,2699.898681640625,2750.703029399325
2209,2699.898681640625,2750.703029399325
2210,2749.896728515625,2750.703029399325
2211,2749.896728515625,2750.703029399325
2212,2749.896728515625,2766.708239075543
2213,2749.896728515625,2759.596753620103
2214,2749.896728515625,2704.387427692075
2215,2749.896728515625,2739.265965224378
2216,2749.896728515625,2807.1205741313292
2217,2749.896728515625,2807.1205741313292
2218,2749.896728515625,2807.1205741313292
2219,2749.896728515625,2807.1205741313292
2220,2749.896728515625,2807.1205741313292
2221,2749.896728515625,2807.1205741313292
2222,2749.896728515625,2807.1205741313292
2223,2749.896728515625,2807.1205741313292
2224,2749.896728515625,2807.1205741313292
2225,2749.896728515625,2807.1205741313292
2226,2749.896728515625,2807.1205741313292
2227,2749.896728515625,2807.1205741313292
2228,2749.896728515625,2807.1205741313292
2229,2749.896728515625,2807.1205741313292
2230,2749.896728515625,2807.1205741313292
2231,2749.896728515625,2807.1205741313292
2232,2749.896728515625,2807.1205741313292
2233,2749.896728515625,2807.1205741313292
2234,3249.878173828125,2807.1205741313292
2235,3249.878173828125,2807.1205741313292
2236,3249.878173828125,2763.812430266608
2237,3249.878173828125,2943.837331910571
2238,3249.878173828125,3264.942729408879
2239,3249.899169921875,3525.187448652324
2240,3249.899169921875,3525.187448652324
2241,3249.899169921875,3525.19420182834
2242,3249.899169921875,3525.205804775549
2243,3249.899169921875,3525.206430552477
2244,3249.899169921875,3525.204370703422
2245,3249.899169921875,3525.204370703422
2246,3249.899169921875,3525.204370703422
2247,3249.899169921875,3525.204370703422
2248,3249.899169921875,3525.204370703422
2249,2999.906982421875,3525.204370703422
2250,2999.906982421875,3525.204370703422
2251,2999.906982421875,3433.482629757797
2252,2999.906982421875,3306.4374238839728
2253,2999.906982421875,3096.414027859571
2254,2999.906982421875,3092.7584802303245
2255,2999.906982421875,3092.7584802303245
2256,2999.906982421875,3092.7584802303245
2257,3499.891357421875,3092.7584802303245
2258,3499.891357421875,3092.7584802303245
2259,3499.891357421875,3116.362815292479
2260,3499.891357421875,3393.734791577563
2261,3499.891357421875,3685.4906123328783
2262,3499.891357421875,3702.9239753292704
2263,3499.891357421875,3702.9239753292704
2264,3499.891357421875,3702.9239753292704
2265,3499.891357421875,3702.9239753292704
2266,3199.900634765625,3702.9239753292704
2267,3599.88818359375,3702.9239753292704
2268,3599.88818359375,3695.6966168459726
2269,3599.88818359375,3667.0047968395356
2270,3599.88818359375,3750.667365320153
2271,3599.88818359375,3803.7970780717906
2272,3599.88818359375,3773.432191299935
2273,3599.88818359375,3773.895266226747
2274,3599.88818359375,3773.895266226747
2275,3599.88818359375,3773.895266226747
2276,3599.88818359375,3773.895266226747
2277,3599.88818359375,3773.895266226747
2278,3599.88818359375,3773.895266226747
2279,3599.88818359375,3773.895266226747
2280,3599.88818359375,3773.895266226747
2281,3599.88818359375,3773.895266226747
2282,3599.88818359375,3773.895266226747
2283,3599.88818359375,3773.895266226747
2284,3599.88818359375,3773.895266226747
2285,3599.88818359375,3773.895266226747
2286,3599.88818359375,3773.895266226747
2287,3599.88818359375,3773.895266226747
2288,3599.88818359375,3773.895266226747
2289,3599.88818359375,3773.895266226747
2290,3599.88818359375,3773.895266226747
2291,3599.88818359375,3773.895266226747
2292,3599.88818359375,3773.895266226747
2293,3599.88818359375,3773.895266226747
2294,3599.88818359375,3773.895266226747
2295,3599.88818359375,3773.895266226747
2296,3599.88818359375,3773.895266226747
2297,3599.88818359375,3773.895266226747
2298,3599.88818359375,3773.895266226747
2299,3599.88818359375,3773.895266226747
2300,3599.88818359375,3773.895266226747
2301,3599.88818359375,3773.895266226747
2302,3599.88818359375,3773.895266226747
2303,3599.88818359375,3773.895266226747
2304,3599.88818359375,3773.895266226747
2305,3599.88818359375,3773.895266226747
2306,3599.88818359375,3773.895266226747
2307,3599.88818359375,3773.895266226747
2308,3599.88818359375,3773.895266226747
2309,3599.88818359375,3773.895266226747
2310,3599.88818359375,3773.895266226747
2311,3599.88818359375,3773.895266226747
2312,3599.88818359375,3773.895266226747
2313,3599.88818359375,3773.895266226747
2314,3599.88818359375,3773.895266226747
2315,3599.88818359375,3773.895266226747
2316,3599.88818359375,3773.895266226747
2317,3599.88818359375,3773.895266226747
2318,3599.88818359375,3773.895266226747
2319,3599.88818359375,3773.895266226747
2320,3649.886474609375,3773.895266226747
2321,3649.886474609375,3773.895266226747
2322,3649.886474609375,3789.0963264762863
2323,3649.886474609375,3812.3750196102133
2324,3649.886474609375,3813.9454589594197
2325,3649.886474609375,3809.3978858746605
2326,3649.886474609375,3809.3978858746605
2327,3649.886474609375,3809.3978858746605
2328,3649.886474609375,3809.3978858746605
2329,3649.886474609375,3809.3978858746605
2330,3649.886474609375,3809.3978858746605
2331,3649.886474609375,3809.3978858746605
2332,3649.886474609375,3809.3978858746605
2333,3649.886474609375,3809.3978858746605
2334,3649.886474609375,3809.3978858746605
2335,3649.886474609375,3809.3978858746605
2336,3649.886474609375,3809.3978858746605
2337,3649.886474609375,3809.3978858746605
2338,3799.8818359375,3809.3978858746605
2339,3799.8818359375,3809.3978858746605
2340,3799.8818359375,3890.7543099309064
2341,3799.8818359375,3955.612333869456
2342,3799.8818359375,3945.9886147879815
2343,4249.86865234375,3895.302248052207
2344,4249.86865234375,3915.9563284534242
2345,4249.86865234375,4046.7462616872626
2346,4249.86865234375,4188.916209099434
2347,4249.86865234375,4265.741695307594
2348,4249.86865234375,4233.716309456959
2349,4249.86865234375,4235.347084131652
2350,4249.86865234375,4235.347084131652
2351,4249.86865234375,4235.347084131652
2352,4249.86865234375,4235.347084131652
2353,4249.86865234375,4235.347084131652
2354,4249.86865234375,4235.347084131652
2355,4249.86865234375,4235.347084131652
2356,4499.8603515625,4235.347084131652
2357,4499.8603515625,4235.347084131652
2358,4499.8603515625,4312.863219476151
2359,4499.8603515625,4426.943187842509
2360,4499.8603515625,4436.43799687679
2361,4499.8603515625,4412.255890450961
2362,4499.8603515625,4412.255890450961
2363,4499.8603515625,4412.255890450961
2364,4499.8603515625,4412.255890450961
2365,4499.8603515625,4412.255890450961
2366,4499.8603515625,4412.255890450961
2367,4499.8603515625,4412.255890450961
2368,4499.8603515625,4412.255890450961
2369,4499.8603515625,4412.255890450961
2370,4499.8603515625,4412.255890450961
2371,4499.8603515625,4412.255890450961
2372,4499.8603515625,4412.255890450961
2373,4499.8603515625,4412.255890450961
2374,4499.8603515625,4412.255890450961
2375,4499.8603515625,4412.255890450961
2376,4499.8603515625,4412.255890450961
2377,4499.8603515625,4412.255890450961
2378,4499.8603515625,4412.255890450961
2379,4499.8603515625,4412.255890450961
2380,4499.8603515625,4412.255890450961
2381,4499.8603515625,4412.255890450961
2382,4499.8603515625,4412.255890450961
2383,4499.8603515625,4412.255890450961
2384,4499.8603515625,4412.255890450961
2385,4499.8603515625,4412.255890450961
2386,4499.8603515625,4412.255890450961
2387,4499.8603515625,4412.255890450961
2388,4499.8603515625,4412.255890450961
2389,4499.8603515625,4412.255890450961
2390,4499.8603515625,4412.255890450961
2391,4499.8603515625,4489.120904901746
2392,4499.8603515625,4476.3478591333305
2393,4499.8603515625,4429.390079927632
2394,4499.8603515625,4374.167560536036
2395,4499.8603515625,4412.255890450961
2396,4499.8603515625,4412.255890450961
2397,4499.8603515625,4412.255890450961
2398,4499.8603515625,4412.255890450961
2399,4499.8603515625,4412.255890450961
2400,4499.8603515625,4412.255890450961
2401,4499.8603515625,4412.255890450961
2402,4499.8603515625,4412.255890450961
2403,4499.8603515625,4412.255890450961
2404,4499.8603515625,4412.255890450961
2405,4499.8603515625,4412.255890450961
2406,4499.8603515625,4412.255890450961
2407,4499.8603515625,4412.255890450961
2408,4499.8603515625,4412.255890450961
2409,4499.8603515625,4412.255890450961
2410,4499.8603515625,4412.255890450961
2411,4499.8603515625,4412.255890450961
2412,4499.8603515625,4412.255890450961
2413,4499.8603515625,4412.255890450961
2414,4499.8603515625,4412.255890450961
2415,4499.8603515625,4412.255890450961
2416,4499.8603515625,4412.255890450961
2417,4499.8603515625,4412.255890450961
2418,4499.8603515625,4412.255890450961
2419,4499.8603515625,4412.255890450961
2420,4499.8603515625,4412.255890450961
2421,4499.8603515625,4412.255890450961
2422,4499.8603515625,4412.255890450961
2423,4499.8603515625,4412.255890450961
2424,4499.8603515625,4412.255890450961
2425,4499.8603515625,4412.255890450961
2426,4499.8603515625,4412.255890450961
2427,4499.8603515625,4412.255890450961
2428,4499.8603515625,4412.255890450961
2429,4499.8603515625,4412.255890450961
2430,4499.8603515625,4412.255890450961
2431,4499.8603515625,4412.255890450961
2432,4499.8603515625,4412.255890450961
2433,4499.8603515625,4412.255890450961
2434,4499.8603515625,4412.255890450961
2435,4499.8603515625,4412.255890450961
2436,4499.8603515625,4412.255890450961
2437,4499.8603515625,4412.255890450961
2438,4499.8603515625,4412.255890450961
2439,4499.8603515625,4412.255890450961
2440,4499.8603515625,4412.255890450961
2441,4499.8603515625,4412.255890450961
2442,4499.8603515625,4412.255890450961
2443,4499.8603515625,4412.255890450961
2444,4499.8603515625,4412.255890450961
2445,4499.8603515625,4412.255890450961
2446,4499.8603515625,4412.255890450961
2447,4499.8603515625,4412.255890450961
2448,4499.8603515625,4412.255890450961
2449,4499.8603515625,4412.255890450961
2450,4499.8603515625,4412.255890450961
2451,4499.8603515625,4412.255890450961
2452,4499.8603515625,4412.255890450961
2453,4499.8603515625,4412.255890450961
2454,4499.8603515625,4412.255890450961
2455,4499.8603515625,4412.255890450961
2456,4499.8603515625,4412.255890450961
2457,4499.8603515625,4412.255890450961
2458,4499.8603515625,4412.255890450961
2459,4499.8603515625,4412.255890450961
2460,4499.8603515625,4412.255890450961
2461,4499.9052734375,4412.255890450961
2462,4949.8955078125,4412.255890450961
2463,4949.8955078125,4412.269761839534
2464,4949.8955078125,4543.929159966923
2465,4949.8955078125,4748.591277344714
2466,4949.8955078125,4772.1176738460235
2467,4949.8955078125,4729.523019975519
2468,4949.8955078125,4729.523019975519
2469,4949.8955078125,4729.523019975519
2470,4949.8955078125,4729.523019975519
2471,4949.8955078125,4729.523019975519
2472,4949.8955078125,4729.523019975519
2473,4949.8955078125,4729.523019975519
2474,4949.8955078125,4729.523019975519
2475,4949.8955078125,4729.523019975519
2476,4949.8955078125,4729.523019975519
2477,4949.8955078125,4729.523019975519
2478,4949.8955078125,4729.523019975519
2479,4949.8955078125,4729.523019975519
2480,4949.8955078125,4729.523019975519
2481,4999.89453125,4729.523019975519
2482,4999.89453125,4729.523019975519
2483,4999.89453125,4744.682987540112
2484,4949.8955078125,4767.366149630774
2485,4949.8955078125,4769.3317149620125
2486,4949.8955078125,4767.47399185472
2487,4949.8955078125,4759.412942058928
2488,4949.8955078125,4738.588337444797
2489,4949.8955078125,4729.523019975519
2490,4949.8955078125,4729.523019975519
2491,4949.8955078125,4729.523019975519
2492,4949.8955078125,4729.523019975519
2493,4949.8955078125,4729.523019975519
2494,4949.8955078125,4729.523019975519
2495,4949.8955078125,4729.523019975519
2496,4949.8955078125,4729.523019975519
2497,4949.8955078125,4729.523019975519
2498,4949.8955078125,4729.523019975519
2499,4949.8955078125,4729.523019975519
2500,4949.8955078125,4729.523019975519
2501,4949.8955078125,4729.523019975519
2502,4949.8955078125,4729.523019975519
2503,4949.8955078125,4729.523019975519
2504,4949.8955078125,4729.523019975519
2505,4949.8955078125,4729.523019975519
2506,4949.8955078125,4729.523019975519
2507,4949.8955078125,4729.523019975519
2508,4949.8955078125,4729.523019975519
2509,4949.8955078125,4729.523019975519
2510,4949.8955078125,4729.523019975519
2511,4949.8955078125,4729.523019975519
2512,4949.8955078125,4729.523019975519
2513,4949.8955078125,4729.523019975519
2514,4949.8955078125,4729.523019975519
2515,4949.8955078125,4729.523019975519
2516,4949.8955078125,4729.523019975519
2517,4949.8955078125,4729.523019975519
2518,4499.9052734375,4729.523019975519
2519,4499.9052734375,4729.523019975519
2520,4499.9052734375,4773.345865363623
2521,4499.9052734375,4649.017443949213
2522,4499.9052734375,4463.134579295978
2523,4499.9052734375,4374.198849382442
2524,4499.9052734375,4412.287805074295
2525,4499.9052734375,4412.287805074295
2526,4499.9052734375,4412.287805074295
2527,4499.9052734375,4412.287805074295
2528,4499.9052734375,4412.287805074295
2529,4499.9052734375,4412.287805074295
2530,4499.9052734375,4412.287805074295
2531,4499.9052734375,4412.287805074295
2532,4499.9052734375,4412.287805074295
2533,4499.9052734375,4412.287805074295
2534,4499.9052734375,4412.287805074295
2535,4499.9052734375,4412.287805074295
2536,4499.9052734375,4412.287805074295
2537,4499.9052734375,4412.287805074295
2538,4499.9052734375,4412.287805074295
2539,4499.9052734375,4412.287805074295
2540,4499.9052734375,4412.287805074295
2541,4499.9052734375,4412.287805074295
2542,4499.9052734375,4412.287805074295
2543,4499.9052734375,4412.287805074295
2544,4499.9052734375,4412.287805074295
2545,4499.9052734375,4412.287805074295
2546,4499.9052734375,4412.287805074295
2547,4499.9052734375,4412.287805074295
2548,4499.9052734375,4412.287805074295
2549,4499.9052734375,4412.287805074295
2550,4499.9052734375,4412.287805074295
2551,4499.9052734375,4412.287805074295
2552,4499.9052734375,4412.287805074295
2553,4499.9052734375,4412.287805074295
2554,4499.9052734375,4412.287805074295
2555,4499.9052734375,4412.287805074295
2556,4499.9052734375,4412.287805074295
2557,4499.9052734375,4412.287805074295
2558,4499.9052734375,4412.287805074295
2559,4499.9052734375,4412.287805074295
2560,4499.9052734375,4412.287805074295
2561,4499.9052734375,4412.287805074295
2562,4499.9052734375,4412.287805074295
2563,4499.9052734375,4412.287805074295
2564,4499.9052734375,4412.287805074295
2565,4499.9052734375,4412.287805074295
2566,4499.9052734375,4412.287805074295
2567,4499.9052734375,4412.287805074295
2568,4499.9052734375,4412.287805074295
2569,4499.9052734375,4412.287805074295
2570,4399.9072265625,4412.287805074295
2571,4399.9072265625,4412.287805074295
2572,4399.9072265625,4418.041406743781
2573,4399.9072265625,4400.808970289395
2574,4399.9072265625,4358.463688524748
2575,4399.9072265625,4341.566042726909
2576,4399.9072265625,4341.566042726909
2577,4399.9072265625,4341.566042726909
2578,4399.9072265625,4341.566042726909
2579,4399.9072265625,4341.566042726909
2580,4399.9072265625,4341.566042726909
2581,4399.9072265625,4341.566042726909
2582,4399.9072265625,4341.566042726909
2583,4399.9072265625,4341.566042726909
2584,4399.9072265625,4341.566042726909
2585,4399.9072265625,4341.566042726909
2586,4399.9072265625,4341.566042726909
2587,4399.9072265625,4341.566042726909
2588,4399.9072265625,4341.566042726909
2589,4399.9072265625,4341.566042726909
2590,4399.9072265625,4341.566042726909
2591,4399.9072265625,4341.566042726909
2592,4399.9072265625,4341.566042726909
2593,4399.9072265625,4341.566042726909
2594,4399.9072265625,4341.566042726909
2595,4399.9072265625,4341.566042726909
2596,4399.9072265625,4341.566042726909
2597,4399.9072265625,4341.566042726909
2598,4399.9072265625,4341.566042726909
2599,4399.9072265625,4341.566042726909
2600,4399.9072265625,4341.566042726909
2601,4399.9072265625,4341.566042726909
2602,4399.9072265625,4341.566042726909
2603,4399.9072265625,4341.566042726909
2604,4299.9091796875,4341.566042726909
2605,4299.9091796875,4341.566042726909
2606,4299.9091796875,4347.3371661503825
2607,4299.9091796875,4329.906671298245
2608,4299.9091796875,4287.39545435149
2609,4299.9091796875,4270.785457348278
2610,4299.9091796875,4270.785457348278
2611,4299.9091796875,4270.785457348278
2612,4299.9091796875,4270.785457348278
2613,4299.9091796875,4270.785457348278
2614,4299.9091796875,4270.785457348278
2615,4299.9091796875,4270.785457348278
2616,4299.9091796875,4270.785457348278
2617,4299.9091796875,4270.785457348278
2618,4299.9091796875,4270.785457348278
2619,4299.9091796875,4270.785457348278
2620,4299.9091796875,4270.785457348278
2621,4299.9091796875,4270.785457348278
2622,4299.9091796875,4270.785457348278
2623,4499.9052734375,4270.785457348278
2624,4499.9052734375,4270.785457348278
2625,4499.9052734375,4332.73612167876
2626,4499.9052734375,4424.003496426489
2627,4499.9052734375,4431.615759868661
2628,4499.9052734375,4412.287805074295
2629,4499.9052734375,4412.287805074295
2630,4499.9052734375,4412.287805074295
2631,4499.9052734375,4412.287805074295
2632,4499.9052734375,4412.287805074295
2633,4499.9052734375,4412.287805074295
2634,4499.9052734375,4412.287805074295
2635,4499.9052734375,4412.287805074295
2636,4499.9052734375,4412.287805074295
2637,4499.9052734375,4412.287805074295
2638,4499.9052734375,4412.287805074295
2639,4499.9052734375,4412.287805074295
2640,4499.9052734375,4412.287805074295
2641,4499.9052734375,4412.287805074295
2642,4499.9052734375,4412.287805074295
2643,4499.9052734375,4412.287805074295
2644,4499.9052734375,4412.287805074295
2645,4499.9052734375,4412.287805074295
2646,4499.9052734375,4412.287805074295
2647,4499.9052734375,4412.287805074295
2648,4499.9052734375,4412.287805074295
2649,4499.9052734375,4412.287805074295
2650,4499.9052734375,4412.287805074295
2651,4499.9052734375,4412.287805074295
2652,4499.9052734375,4412.287805074295
2653,4499.9052734375,4412.287805074295
2654,4499.9052734375,4412.287805074295
2655,4499.9052734375,4412.287805074295
2656,4499.9052734375,4412.287805074295
2657,4499.9052734375,4412.287805074295
2658,4499.9052734375,4412.287805074295
2659,4499.9052734375,4412.287805074295
2660,4499.9052734375,4412.287805074295
2661,4499.9052734375,4412.287805074295
2662,4499.9052734375,4412.287805074295
2663,4499.9052734375,4412.287805074295
2664,4499.9052734375,4412.287805074295
2665,4499.9052734375,4412.287805074295
2666,4499.9052734375,4412.287805074295
2667,4499.9052734375,4412.287805074295
2668,4499.9052734375,4412.287805074295
2669,4499.9052734375,4412.287805074295
2670,4499.9052734375,4412.287805074295
2671,4499.9052734375,4412.287805074295
2672,4499.9052734375,4412.287805074295
2673,4499.9052734375,4412.287805074295
2674,4499.9052734375,4412.287805074295
2675,4499.9052734375,4412.287805074295
2676,4499.9052734375,4412.287805074295
2677,4499.9052734375,4412.287805074295
2678,4499.9052734375,4412.287805074295
2679,4499.9052734375,4412.287805074295
2680,4499.9052734375,4412.287805074295
2681,4499.9052734375,4412.287805074295
2682,4499.9052734375,4412.287805074295
2683,4499.9052734375,4412.287805074295
2684,4499.9052734375,4412.287805074295
2685,4499.9052734375,4412.287805074295
2686,4499.9052734375,4412.287805074295
2687,4499.9052734375,4412.287805074295
2688,4499.9052734375,4412.287805074295
2689,4499.9052734375,4412.287805074295
2690,4499.9052734375,4412.287805074295
2691,4499.9052734375,4412.287805074295
2692,4499.9052734375,4412.287805074295
2693,4499.9052734375,4412.287805074295
2694,4499.9052734375,4412.287805074295
2695,4499.9052734375,4412.287805074295
2696,4499.9052734375,4412.287805074295
2697,4499.9052734375,4412.287805074295
2698,4499.9052734375,4412.287805074295
2699,4499.9052734375,4412.287805074295
2700,4499.9052734375,4412.287805074295
2701,4499.9052734375,4412.287805074295
2702,4499.9052734375,4412.287805074295
2703,4499.9052734375,4412.287805074295
2704,4499.9052734375,4412.287805074295
2705,4499.9052734375,4412.287805074295
2706,4499.9052734375,4412.287805074295
2707,4499.9052734375,4412.287805074295
2708,4499.9052734375,4412.287805074295
2709,4499.9052734375,4412.287805074295
2710,4499.9052734375,4412.287805074295
2711,4499.9052734375,4412.287805074295
2712,4499.9052734375,4412.287805074295
2713,4499.9052734375,4412.287805074295
2714,4499.9052734375,4412.287805074295
2715,4524.90478515625,4412.287805074295
2716,4524.90478515625,4412.287805074295
2717,4524.90478515625,4419.980376555576
2718,4524.90478515625,4431.390793063
2719,4524.90478515625,4432.362311743914
2720,4524.90478515625,4429.95765960144
2721,4524.90478515625,4429.95765960144
2722,4524.90478515625,4429.95765960144
2723,4524.90478515625,4429.95765960144
2724,4524.90478515625,4429.95765960144
2725,4499.9423828125,4429.95765960144
2726,4499.9423828125,4429.95765960144
2727,4499.9423828125,4431.392461801475
2728,4499.9423828125,4427.327519172532
2729,4499.9423828125,4416.900615403811
2730,4499.9423828125,4412.3141920014305
2731,4499.9423828125,4412.3141920014305
2732,4499.9423828125,4412.3141920014305
2733,4499.9423828125,4412.3141920014305
2734,4499.9423828125,4412.3141920014305
2735,4499.9423828125,4412.3141920014305
2736,4499.9423828125,4412.3141920014305
2737,4499.9423828125,4412.3141920014305
2738,4499.9423828125,4412.3141920014305
2739,4499.9423828125,4412.3141920014305
2740,4499.9423828125,4412.3141920014305
2741,4499.9423828125,4412.3141920014305
2742,4499.9423828125,4412.3141920014305
2743,4499.9423828125,4412.3141920014305
2744,4499.9423828125,4412.3141920014305
2745,4799.93896484375,4412.3141920014305
2746,4799.93896484375,4412.3141920014305
2747,4799.93896484375,4504.602417511241
2748,4799.93896484375,4641.1200348201255
2749,4799.93896484375,4652.5776974856235
2750,4799.93896484375,4624.020993147584
2751,4799.93896484375,4624.020993147584
2752,4799.93896484375,4624.020993147584
2753,4799.93896484375,4624.020993147584
2754,4799.93896484375,4624.020993147584
2755,4799.93896484375,4624.020993147584
2756,4799.93896484375,4624.020993147584
2757,4799.93896484375,4624.020993147584
2758,4799.93896484375,4624.020993147584
2759,4799.93896484375,4624.020993147584
2760,4799.93896484375,4624.020993147584
2761,4799.93896484375,4624.020993147584
2762,4799.93896484375,4624.020993147584
2763,4799.93896484375,4624.020993147584
2764,4799.93896484375,4624.020993147584
2765,4799.93896484375,4624.020993147584
2766,4799.93896484375,4624.020993147584
2767,4799.93896484375,4624.020993147584
2768,4799.93896484375,4624.020993147584
2769,4799.93896484375,4624.020993147584
2770,4799.93896484375,4624.020993147584
2771,4799.93896484375,4624.020993147584
2772,4799.93896484375,4624.020993147584
2773,4799.93896484375,4624.020993147584
2774,4799.93896484375,4624.020993147584
2775,4799.93896484375,4624.020993147584
2776,4799.93896484375,4624.020993147584
2777,4799.93896484375,4624.020993147584
2778,4799.93896484375,4624.020993147584
2779,4799.93896484375,4624.020993147584
2780,4799.93896484375,4624.020993147584
2781,4799.93896484375,4624.020993147584
2782,4799.93896484375,4624.020993147584
2783,4799.93896484375,4624.020993147584
2784,4799.93896484375,4624.020993147584
2785,4799.93896484375,4624.020993147584
2786,4799.93896484375,4624.020993147584
2787,4799.93896484375,4624.020993147584
2788,4399.94384765625,4640.387562925756
2789,4399.94384765625,4678.506243021695
2790,4399.94384765625,4687.7902695273515
2791,4399.94384765625,4496.912244841516
2792,4399.94384765625,4371.828302082551
2793,4399.94384765625,4340.437975517809
2794,4399.94384765625,4341.59211676558
2795,4399.94384765625,4341.59211676558
2796,4399.94384765625,4341.59211676558
2797,4399.94384765625,4341.59211676558
2798,4399.94384765625,4341.59211676558
2799,4399.94384765625,4341.59211676558
2800,4399.94384765625,4341.59211676558
2801,4399.94384765625,4341.59211676558
2802,4399.94384765625,4341.59211676558
2803,4399.94384765625,4341.59211676558
2804,4399.94384765625,4341.59211676558
2805,4399.94384765625,4341.59211676558
2806,4499.9423828125,4341.59211676558
2807,4499.9423828125,4341.59211676558
2808,4499.9423828125,4372.466803141548
2809,4499.9423828125,4418.112536721279
2810,4499.9423828125,4421.959917571544
2811,4499.9423828125,4412.3141920014305
2812,4499.9423828125,4412.3141920014305
2813,4499.9423828125,4412.3141920014305
2814,4499.9423828125,4412.3141920014305
2815,4499.9423828125,4412.3141920014305
2816,4499.9423828125,4412.3141920014305
2817,4499.9423828125,4412.3141920014305
2818,4499.9423828125,4412.3141920014305
2819,4499.9423828125,4412.3141920014305
2820,4499.9423828125,4412.3141920014305
2821,4499.9423828125,4412.3141920014305
2822,4499.9423828125,4412.3141920014305
2823,4499.9423828125,4412.3141920014305
2824,4499.9423828125,4412.3141920014305
2825,4499.9423828125,4412.3141920014305
2826,4499.9423828125,4412.3141920014305
2827,4499.9423828125,4412.3141920014305
2828,4499.9423828125,4412.3141920014305
2829,4499.9423828125,4412.3141920014305
2830,4499.9423828125,4412.3141920014305
2831,4499.9423828125,4412.3141920014305
2832,4499.9423828125,4412.3141920014305
2833,4499.9423828125,4412.3141920014305
2834,4499.9423828125,4412.3141920014305
2835,4499.9423828125,4412.3141920014305
2836,4499.9423828125,4412.3141920014305
2837,4499.9423828125,4412.3141920014305
2838,4499.9423828125,4412.3141920014305
2839,4499.9423828125,4412.3141920014305
2840,4499.9423828125,4412.3141920014305
2841,4499.9423828125,4412.3141920014305
2842,4499.9423828125,4412.3141920014305
2843,4499.9423828125,4412.3141920014305
2844,4499.9423828125,4412.3141920014305
2845,4499.9423828125,4412.3141920014305
2846,4499.9423828125,4412.3141920014305
2847,4499.9423828125,4412.3141920014305
2848,4499.9423828125,4412.3141920014305
2849,4499.9423828125,4412.3141920014305
2850,4499.9423828125,4412.3141920014305
2851,4499.9423828125,4412.3141920014305
2852,4499.9423828125,4412.3141920014305
2853,4499.9423828125,4412.3141920014305
2854,4499.9423828125,4412.3141920014305
2855,4499.9423828125,4412.3141920014305
2856,5624.92822265625,4412.3141920014305
2857,6749.9140625,4412.3141920014305
2858,8099.896484375,4688.552465825807
2859,8099.896484375,5313.79206016149
2860,6499.9169921875,6156.355846534792
2861,5699.927734375,6823.5418941395965
2862,5699.927734375,6953.830736498239
2863,5749.9267578125,6129.201925477299
2864,5749.9267578125,5454.720361852107
2865,5749.9267578125,5171.278248327315
2866,4599.94091796875,5270.1170024245785
2867,5749.9267578125,5291.7265398988875
2868,4649.9404296875,5308.467741464696
2869,4649.9404296875,5431.048263622699
2870,4649.9404296875,5227.852654475969
2871,4649.9404296875,4939.94124213051
2872,4649.9404296875,4867.412444607008
2873,4649.9404296875,4412.69309993141
2874,4649.9404296875,4518.263127852201
2875,4649.9404296875,4518.263127852201
2876,4649.9404296875,4518.263127852201
2877,4599.94091796875,4518.263127852201
2878,4599.94091796875,4518.263127852201
2879,4599.94091796875,4521.126265890681
2880,4599.94091796875,4513.006914544419
2881,4599.94091796875,4492.13099622218
2882,4599.94091796875,4482.96638881364
2883,4599.94091796875,4482.96638881364
2884,4599.94091796875,4482.96638881364
2885,4599.94091796875,4482.96638881364
2886,4599.94091796875,4482.96638881364
2887,4599.94091796875,4482.96638881364
2888,4599.94091796875,4482.96638881364
2889,4599.94091796875,4482.96638881364
2890,4599.94091796875,4482.96638881364
2891,4599.94091796875,4482.96638881364
2892,4599.94091796875,4482.96638881364
2893,4599.94091796875,4482.96638881364
2894,4599.94091796875,4482.96638881364
2895,4599.94091796875,4482.96638881364
2896,4599.94091796875,4482.96638881364
2897,4599.94091796875,4482.96638881364
2898,4599.94091796875,4482.96638881364
2899,4599.94091796875,4482.96638881364
2900,4599.94091796875,4482.96638881364
2901,4599.94091796875,4482.96638881364
2902,4599.94091796875,4482.96638881364
2903,4599.94091796875,4482.96638881364
2904,4599.94091796875,4482.96638881364
2905,4599.94091796875,4482.96638881364
2906,4599.94091796875,4482.96638881364
2907,4599.94091796875,4482.96638881364
2908,4599.94091796875,4482.96638881364
2909,4599.94091796875,4482.96638881364
2910,4599.94091796875,4482.96638881364
2911,4599.94091796875,4482.96638881364
2912,4599.94091796875,4482.96638881364
2913,4599.94091796875,4482.96638881364
2914,4599.94091796875,4482.96638881364
2915,4599.94091796875,4482.96638881364
2916,4599.94091796875,4482.96638881364
2917,4599.94091796875,4482.96638881364
2918,4599.94091796875,4482.96638881364
2919,4599.94091796875,4482.96638881364
2920,4599.94091796875,4482.96638881364
2921,4599.94091796875,4482.96638881364
2922,4599.94091796875,4482.96638881364
2923,4599.94091796875,4482.96638881364
2924,4999.93603515625,4482.96638881364
2925,5199.93359375,4482.96638881364
2926,5199.93359375,4634.285820691922
2927,5199.93359375,4767.469924304687
2928,5199.93359375,4876.243304320548
2929,5199.93359375,4908.714139047853
2930,5199.93359375,4904.843604451247
2931,5199.93359375,4904.843604451247
2932,5199.93359375,4904.843604451247
2933,5199.93359375,4904.843604451247
2934,5499.9296875,4904.843604451247
2935,5499.9296875,4904.843604451247
2936,5499.9296875,4995.098054944652
2937,5499.9296875,5130.115684956823
2938,5499.9296875,5141.580544056995
2939,5499.9296875,5114.026751542429
2940,5499.9296875,5114.026751542429
2941,6599.91552734375,5114.026751542429
2942,6299.91943359375,5114.026751542429
2943,5999.923828125,5440.374634367159
2944,5499.9296875,5822.111701838676
2945,5499.9296875,5956.280569744
2946,5499.9296875,5529.86824441212
2947,5499.9296875,5146.449922927041
2948,5499.9296875,5120.527739456407
2949,5499.9296875,5114.026751542429
2950,5499.9296875,5114.026751542429
2951,5499.9296875,5114.026751542429
2952,5499.9296875,5126.867485515238
2953,5499.9296875,5124.826826952623
2954,5499.9296875,5118.371729346708
2955,5499.9296875,5109.3355105045885
2956,5499.9296875,5114.026751542429
2957,5499.9296875,5114.026751542429
2958,5499.96728515625,5114.026751542429
2959,5499.96728515625,5114.026751542429
2960,5499.96728515625,5114.037806934826
2961,5499.96728515625,5114.054911504195
2962,5499.96728515625,5114.056163058051
2963,5499.96728515625,5114.05303417341
2964,5499.96728515625,5114.05303417341
2965,5499.96728515625,5114.05303417341
2966,5499.96728515625,5114.05303417341
2967,5499.96728515625,5114.05303417341
2968,5499.96728515625,5114.05303417341
2969,5499.96728515625,5114.05303417341
2970,5549.966796875,5114.05303417341
2971,5549.966796875,5114.05303417341
2972,5549.966796875,5140.032371936814
2973,5549.966796875,5163.368010771201
2974,5549.966796875,5157.790043826207
2975,5549.966796875,5144.095332938818
2976,5549.966796875,5148.776978730428
2977,5549.966796875,5148.776978730428
2978,5549.966796875,5148.776978730428
2979,5549.966796875,5148.776978730428
2980,5549.966796875,5148.776978730428
2981,5549.966796875,5148.776978730428
2982,5549.966796875,5148.776978730428
2983,5549.966796875,5148.776978730428
2984,5549.966796875,5148.776978730428
2985,5549.966796875,5148.776978730428
2986,5549.966796875,5148.776978730428
2987,5549.966796875,5148.776978730428
2988,5549.966796875,5148.776978730428
2989,5549.966796875,5148.776978730428
2990,5549.966796875,5148.776978730428
2991,5549.966796875,5148.776978730428
2992,5549.966796875,5148.776978730428
2993,5549.966796875,5148.776978730428
2994,5549.966796875,5148.776978730428
2995,5549.966796875,5148.776978730428
2996,5549.966796875,5148.776978730428
2997,5549.966796875,5148.776978730428
2998,5549.966796875,5148.776978730428
2999,5549.966796875,5148.776978730428
3000,5549.966796875,5148.776978730428
3001,5549.966796875,5148.776978730428
3002,5549.966796875,5148.776978730428
3003,5549.966796875,5148.776978730428
3004,5549.966796875,5148.776978730428
3005,5549.966796875,5148.776978730428
3006,5549.966796875,5148.776978730428
3007,5549.966796875,5148.776978730428
3008,5549.966796875,5148.776978730428
3009,5549.966796875,5148.776978730428
3010,5549.966796875,5148.776978730428
3011,5549.966796875,5148.776978730428
3012,5549.966796875,5148.776978730428
3013,5549.966796875,5148.776978730428
3014,5549.966796875,5148.776978730428
3015,5549.966796875,5148.776978730428
3016,5549.966796875,5148.776978730428
3017,5549.966796875,5148.776978730428
3018,5549.966796875,5148.776978730428
3019,5549.966796875,5148.776978730428
3020,5549.966796875,5148.776978730428
3021,5549.966796875,5148.776978730428
3022,5549.966796875,5148.776978730428
3023,5549.966796875,5148.776978730428
3024,5549.966796875,5148.776978730428
3025,5699.96630859375,5148.776978730428
3026,5699.96630859375,5148.776978730428
3027,5699.96630859375,5193.363376266998
3028,5699.96630859375,5260.5071547316775
3029,5699.96630859375,5266.304769378443
3030,5699.96630859375,5252.686403276286
3031,5699.96630859375,5252.686403276286
3032,5699.96630859375,5252.686403276286
3033,5699.96630859375,5252.686403276286
3034,5699.96630859375,5252.686403276286
3035,5699.96630859375,5252.686403276286
3036,5699.96630859375,5252.686403276286
3037,5699.96630859375,5252.686403276286
3038,5699.96630859375,5252.686403276286
3039,5699.96630859375,5252.686403276286
3040,5699.96630859375,5252.686403276286
3041,5699.96630859375,5252.686403276286
3042,5499.96728515625,5252.686403276286
3043,5499.96728515625,5252.686403276286
3044,5499.96728515625,5263.723856734548
3045,5499.96728515625,5214.666283046527
3046,5499.96728515625,5132.049127072419
3047,5499.96728515625,5114.05303417341
3048,5499.96728515625,5114.05303417341
3049,5499.96728515625,5114.05303417341
3050,5499.96728515625,5114.05303417341
3051,5499.96728515625,5114.05303417341
3052,5499.96728515625,5114.05303417341
3053,5399.9677734375,5114.05303417341
3054,5399.9677734375,5114.05303417341
3055,5399.9677734375,5124.045022977086
3056,5399.9677734375,5089.9791871561465
3057,5399.9677734375,5071.310384059405
3058,5399.9677734375,5048.2183810423685
3059,5399.9677734375,5044.48040685837
3060,5399.9677734375,5044.48040685837
3061,5399.9677734375,5044.48040685837
3062,5399.9677734375,5044.48040685837
3063,5399.9677734375,5044.48040685837
3064,5299.96826171875,5044.48040685837
3065,5199.96875,5044.48040685837
3066,5199.96875,5050.061085503386
3067,5199.96875,5017.763695281326
3068,5199.96875,4965.894297262932
3069,5199.96875,4933.155525714235
3070,5199.96875,4940.8421523147
3071,5199.96875,4933.590232086973
3072,5199.96875,4903.874380285737
3073,5199.96875,4904.868114047599
3074,5199.96875,4904.868114047599
3075,5199.96875,4904.868114047599
3076,5299.96826171875,4904.868114047599
3077,5299.96826171875,4904.868114047599
3078,5299.96826171875,5002.455940065542
3079,5299.96826171875,5235.170489873459
3080,5299.96826171875,5149.103842879218
3081,5299.96826171875,4934.89581135135
3082,5299.96826171875,4974.748832203586
3083,5299.96826171875,4974.748832203586
3084,5299.96826171875,4974.748832203586
3085,5299.96826171875,4974.748832203586
3086,5299.96826171875,4974.748832203586
3087,5249.96875,4974.748832203586
3088,5199.96875,4974.748832203586
3089,5199.96875,4977.549183956944
3090,5199.96875,4985.139232318167
3091,5199.96875,5009.531182607228
3092,5199.96875,4987.701997431147
3093,5199.96875,4901.908814954498
3094,5199.96875,4904.868114047599
3095,5199.96875,4904.868114047599
3096,5199.96875,4904.868114047599
3097,5199.96875,4904.868114047599
3098,5199.96875,4904.868114047599
3099,5199.96875,4904.868114047599
3100,5249.96875,4904.868114047599
3101,5249.96875,4904.868114047599
3102,5299.96826171875,4946.627042830593
3103,5299.96826171875,5038.425806486455
3104,5299.96826171875,5030.117991988673
3105,5299.96826171875,5176.559805600687
3106,5349.96826171875,5145.164368524364
3107,5349.96826171875,4934.89581135135
3108,5349.96826171875,5058.629640387887
3109,5349.96826171875,5249.737950983272
3110,5349.96826171875,5171.804526723867
3111,5349.96826171875,4976.550652571967
3112,5349.96826171875,5009.634227208059
3113,5349.96826171875,5009.634227208059
3114,5349.96826171875,5009.634227208059
3115,5349.96826171875,5009.634227208059
3116,5549.966796875,5009.634227208059
3117,5549.966796875,5009.634227208059
3118,5549.966796875,5178.213316837101
3119,5549.966796875,5240.892176919611
3120,5549.966796875,5182.4412743558205
3121,5549.966796875,5084.8674240226055
3122,5549.966796875,5148.776978730428
3123,5549.966796875,5148.776978730428
3124,5699.96630859375,5148.776978730428
3125,5699.96630859375,5148.776978730428
3126,5699.96630859375,5193.363376266998
3127,5699.96630859375,5260.5071547316775
3128,5699.96630859375,5266.304769378443
3129,5699.96630859375,5252.686403276286
3130,5699.96630859375,5252.686403276286
3131,5699.96630859375,5252.686403276286
3132,5699.96630859375,5252.686403276286
3133,5699.96630859375,5252.686403276286
3134,5699.96630859375,5252.686403276286
3135,5699.96630859375,5252.686403276286
3136,5699.96630859375,5252.686403276286
3137,5699.96630859375,5252.686403276286
3138,5699.96630859375,5252.686403276286
3139,5699.96630859375,5252.686403276286
3140,5699.96630859375,5252.686403276286
3141,5699.96630859375,5252.686403276286
3142,5699.96630859375,5252.686403276286
3143,5699.96630859375,5252.686403276286
3144,5699.96630859375,5284.497982009811
3145,5699.96630859375,5358.911202456204
3146,5799.9658203125,5337.768703162586
3147,5799.9658203125,5249.909831046196
3148,5799.9658203125,5303.286934276753
3149,6149.962890625,5409.671097981034
3150,6149.962890625,5385.784566857588
3151,6149.962890625,5430.818603490077
3152,6149.962890625,5580.128352763687
3153,6149.962890625,5593.0717141527075
3154,6149.962890625,5561.7966348388945
3155,6149.962890625,5561.7966348388945
3156,5949.96435546875,5561.7966348388945
3157,5874.96484375,5561.7966348388945
3158,5874.96484375,5586.5454865692955
3159,5874.96484375,5684.450998674416
3160,5874.96484375,5676.595203711049
3161,5874.96484375,5534.7659918362415
3162,5874.96484375,5387.289560369728
3163,5874.96484375,5346.3113926007245
3164,5874.96484375,5373.38437984218
3165,6199.962890625,5373.38437984218
3166,5899.96484375,5373.38437984218
3167,5899.96484375,5469.002051498077
3168,5899.96484375,5584.225522904428
3169,5899.96484375,5631.688616979587
3170,5899.96484375,5553.106262045718
3171,5899.96484375,5365.477271170706
3172,5924.96435546875,5390.577600942404
3173,5924.96435546875,5390.577600942404
3174,5924.96435546875,5458.392629458653
3175,5924.96435546875,5613.768868865811
3176,5924.96435546875,5553.252068069971
3177,5699.96630859375,5384.627088132867
3178,5699.96630859375,5407.758306504066
3179,5699.96630859375,5420.064418387947
3180,5699.96630859375,5362.831486318595
3181,5699.96630859375,5270.351668772625
3182,5699.96630859375,5252.686403276286
3183,5699.96630859375,5252.686403276286
3184,5699.96630859375,5252.686403276286
3185,5699.96630859375,5252.686403276286
3186,5699.96630859375,5252.686403276286
3187,5699.96630859375,5252.686403276286
3188,5699.96630859375,5252.686403276286
3189,5699.96630859375,5252.686403276286
3190,5699.96630859375,5252.686403276286
3191,5699.96630859375,5252.686403276286
3192,5699.96630859375,5252.686403276286
3193,5699.96630859375,5252.686403276286
3194,5699.96630859375,5252.686403276286
3195,5699.9912109375,5252.686403276286
3196,5699.9912109375,5252.686403276286
3197,5699.9912109375,5252.693495414804
3198,5699.9912109375,5252.704550807201
3199,5699.9912109375,5252.705802361057
3200,5699.9912109375,5252.703507845654
3201,5699.9912109375,5252.703507845654
3202,5699.9912109375,5252.703507845654
3203,5699.9912109375,5252.703507845654
3204,5699.9912109375,5252.703507845654
3205,5699.9912109375,5252.703507845654
3206,5699.9912109375,5252.703507845654
3207,5699.9912109375,5252.703507845654
3208,5699.9912109375,5252.703507845654
3209,5699.9912109375,5252.703507845654
3210,5699.9912109375,5252.703507845654
3211,5699.9912109375,5252.703507845654
3212,5699.9912109375,5252.703507845654
3213,5699.9912109375,5252.703507845654
3214,5699.9912109375,5252.703507845654
3215,5699.9912109375,5252.703507845654
3216,5699.9912109375,5252.703507845654
3217,5699.9912109375,5252.703507845654
3218,5699.9912109375,5252.703507845654
3219,5699.9912109375,5252.703507845654
3220,5699.9912109375,5252.703507845654
3221,5699.9912109375,5252.703507845654
3222,5699.9912109375,5252.703507845654
3223,5699.9912109375,5252.703507845654
3224,5699.9912109375,5252.703507845654
3225,5699.9912109375,5252.703507845654
3226,5399.99169921875,5252.703507845654
3227,5399.99169921875,5252.703507845654
3228,5249.99169921875,5251.771725999677
3229,5249.99169921875,5236.329428744345
3230,5249.99169921875,5216.044035249948
3231,5249.99169921875,4939.058896661854
3232,5249.99169921875,4958.964652153189
3233,5249.99169921875,4939.842577968176
3234,5249.99169921875,4939.842577968176
3235,5249.99169921875,4939.842577968176
3236,5249.99169921875,4939.842577968176
3237,5249.99169921875,4939.842577968176
3238,5249.99169921875,4939.842577968176
3239,5249.99169921875,4939.842577968176
3240,5249.99169921875,4939.842577968176
3241,5249.99169921875,4939.842577968176
3242,5249.99169921875,4939.842577968176
3243,5249.99169921875,4939.842577968176
3244,5249.99169921875,4939.842577968176
3245,5099.9921875,4939.842577968176
3246,5099.9921875,4939.842577968176
3247,5099.9921875,4939.399945087682
3248,5099.9921875,4931.536849393487
3249,5099.9921875,4927.582773576976
3250,5099.9921875,4831.812099462153
3251,5099.9921875,4834.863909244462
3252,5099.9921875,4834.863909244462
3253,5099.9921875,4834.863909244462
3254,5099.9921875,4834.863909244462
3255,5099.9921875,4834.863909244462
3256,5099.9921875,4834.863909244462
3257,5099.9921875,4834.863909244462
3258,5099.9921875,4834.863909244462
3259,5099.9921875,4834.863909244462
3260,5099.9921875,4834.863909244462
3261,5099.9921875,4834.863909244462
3262,5224.99169921875,4834.863909244462
3263,5199.99169921875,4834.863909244462
3264,5199.99169921875,4938.151520116073
3265,5199.99169921875,5203.373721193899
3266,5199.99169921875,5101.346007870912
3267,5199.99169921875,4853.616566449573
3268,5199.99169921875,4904.884279951575
3269,5199.99169921875,4904.884279951575
3270,5199.99169921875,4904.884279951575
3271,5199.99169921875,4904.884279951575
3272,5199.99169921875,4904.884279951575
3273,5199.99169921875,4904.884279951575
3274,5199.99169921875,4904.884279951575
3275,5199.99169921875,4904.884279951575
3276,5199.99169921875,4904.884279951575
3277,5199.99169921875,4904.884279951575
3278,5199.99169921875,4904.884279951575
3279,5199.99169921875,4904.884279951575
3280,5199.99169921875,4904.884279951575
3281,5199.99169921875,4904.884279951575
3282,5199.99169921875,4904.884279951575
3283,5199.99169921875,4904.884279951575
3284,5224.99169921875,4904.884279951575
3285,5224.99169921875,4904.884279951575
3286,5224.99169921875,4912.401425300673
3287,5224.99169921875,4923.697950407179
3288,5224.99169921875,4953.580467463605
3289,5224.99169921875,5021.117025246837
3290,5224.99169921875,5001.259663171277
3291,5224.99169921875,4919.66314936694
3292,5224.99169921875,4922.367757250295
3293,5224.99169921875,4922.367757250295
3294,5224.99169921875,4922.367757250295
3295,5224.99169921875,4922.367757250295
3296,5224.99169921875,4922.367757250295
3297,5224.99169921875,4922.367757250295
3298,5224.99169921875,4922.367757250295
3299,5224.99169921875,4922.367757250295
3300,5224.99169921875,4922.367757250295
3301,5224.99169921875,4922.367757250295
3302,5224.99169921875,4922.367757250295
3303,5224.99169921875,4922.367757250295
3304,5224.99169921875,4922.367757250295
3305,5224.99169921875,4922.367757250295
3306,5224.99169921875,4922.367757250295
3307,5224.99169921875,4922.367757250295
3308,5224.99169921875,4922.367757250295
3309,5224.99169921875,4922.367757250295
3310,5224.99169921875,4922.367757250295
3311,5224.99169921875,4922.367757250295
3312,5224.99169921875,4922.367757250295
3313,5224.99169921875,4922.367757250295
3314,5224.99169921875,4922.367757250295
3315,5224.99169921875,4922.367757250295
3316,5224.99169921875,4922.367757250295
3317,5224.99169921875,4922.367757250295
3318,5224.99169921875,4922.367757250295
3319,5224.99169921875,4922.367757250295
3320,5224.99169921875,4922.367757250295
3321,5224.99169921875,4922.367757250295
3322,5224.99169921875,4922.367757250295
3323,5224.99169921875,4922.367757250295
3324,5224.99169921875,4922.367757250295
3325,5224.99169921875,4922.367757250295
3326,5224.99169921875,4922.367757250295
3327,5224.99169921875,4922.367757250295
3328,5224.99169921875,4922.367757250295
3329,5224.99169921875,4922.367757250295
3330,5224.99169921875,4922.367757250295
3331,5224.99169921875,4922.367757250295
3332,5224.99169921875,4922.367757250295
3333,5224.99169921875,4922.367757250295
3334,5224.99169921875,4922.367757250295
3335,5224.99169921875,4922.367757250295
3336,5224.99169921875,4922.367757250295
3337,5224.99169921875,4922.367757250295
3338,5224.99169921875,4922.367757250295
3339,5224.99169921875,4922.367757250295
3340,5299.99169921875,4922.367757250295
3341,5299.99169921875,4922.367757250295
3342,5299.99169921875,4944.902401616682
3343,5299.99169921875,4978.751301435871
3344,5299.99169921875,4981.693913144223
3345,5299.99169921875,4974.765102403717
3346,5299.99169921875,4974.765102403717
3347,5299.99169921875,4974.765102403717
3348,5299.99169921875,4974.765102403717
3349,5299.99169921875,4974.765102403717
3350,5299.99169921875,4974.765102403717
3351,5549.9912109375,4974.765102403717
3352,5549.9912109375,4974.765102403717
3353,5549.9912109375,5049.71231916211
3354,5549.9912109375,5162.070566606889
3355,5549.9912109375,5171.68333459212
3356,5549.9912109375,5148.793874707487
3357,5549.9912109375,5148.793874707487
3358,5549.9912109375,5148.793874707487
3359,5549.9912109375,5148.793874707487
3360,5549.9912109375,5148.793874707487
3361,5549.9912109375,5148.793874707487
3362,5549.9912109375,5148.793874707487
3363,5549.9912109375,5148.793874707487
3364,5549.9912109375,5148.793874707487
3365,5549.9912109375,5148.793874707487
3366,5549.9912109375,5148.793874707487
3367,5549.9912109375,5148.793874707487
3368,5549.9912109375,5148.793874707487
3369,5549.9912109375,5148.793874707487
3370,5549.9912109375,5148.793874707487
3371,5549.9912109375,5148.793874707487
3372,5549.9912109375,5148.793874707487
3373,5549.9912109375,5148.793874707487
3374,5549.9912109375,5148.793874707487
3375,5549.9912109375,5148.793874707487
3376,5549.9912109375,5148.793874707487
3377,5549.9912109375,5148.793874707487
3378,5549.9912109375,5148.793874707487
3379,5549.9912109375,5148.793874707487
3380,5549.9912109375,5148.793874707487
3381,5549.9912109375,5148.793874707487
3382,5549.9912109375,5148.793874707487
3383,5549.9912109375,5148.793874707487
3384,5549.9912109375,5148.793874707487
3385,5549.9912109375,5148.793874707487
3386,5549.9912109375,5148.793874707487
3387,5549.9912109375,5148.793874707487
3388,5549.9912109375,5148.793874707487
3389,5549.9912109375,5148.793874707487
3390,5549.9912109375,5148.793874707487
3391,5549.9912109375,5148.793874707487
3392,5549.9912109375,5148.793874707487
3393,5549.9912109375,5148.793874707487
3394,5549.9912109375,5148.793874707487
3395,5549.9912109375,5148.793874707487
3396,5549.9912109375,5148.793874707487
3397,5549.9912109375,5148.793874707487
3398,5549.9912109375,5148.793874707487
3399,5549.9912109375,5148.793874707487
3400,5549.9912109375,5148.793874707487
3401,5549.9912109375,5148.793874707487
3402,5549.9912109375,5148.793874707487
3403,5549.9912109375,5148.793874707487
3404,5549.9912109375,5148.793874707487
3405,5549.9912109375,5148.793874707487
3406,5549.9912109375,5148.793874707487
3407,5549.9912109375,5148.793874707487
3408,5549.9912109375,5148.793874707487
3409,5549.9912109375,5148.793874707487
3410,5549.9912109375,5148.793874707487
3411,5549.9912109375,5148.793874707487
3412,5549.9912109375,5148.793874707487
3413,5549.9912109375,5148.793874707487
3414,5549.9912109375,5148.793874707487
3415,5549.9912109375,5148.793874707487
3416,5549.9912109375,5148.793874707487
3417,5549.9912109375,5148.793874707487
3418,5549.9912109375,5148.793874707487
3419,5549.9912109375,5148.793874707487
3420,5549.9912109375,5148.793874707487
3421,5549.9912109375,5148.793874707487
3422,5549.9912109375,5148.793874707487
3423,5549.9912109375,5148.793874707487
3424,5549.9912109375,5148.793874707487
3425,5549.9912109375,5148.793874707487
3426,5549.9912109375,5148.793874707487
3427,5549.9912109375,5148.793874707487
3428,5549.9912109375,5148.793874707487
3429,5549.9912109375,5148.793874707487
3430,5549.9912109375,5148.793874707487
3431,5549.9912109375,5148.793874707487
3432,5549.9912109375,5148.793874707487
3433,5549.9912109375,5148.793874707487
3434,5549.9912109375,5148.793874707487
3435,5549.9912109375,5148.793874707487
3436,5549.9912109375,5148.793874707487
3437,5549.9912109375,5148.793874707487
3438,5549.9912109375,5148.793874707487
3439,5549.9912109375,5148.793874707487
3440,5549.9912109375,5148.793874707487
3441,5549.9912109375,5148.793874707487
3442,5549.9912109375,5148.793874707487
3443,5549.9912109375,5148.793874707487
3444,5549.9912109375,5148.793874707487
3445,5549.9912109375,5148.793874707487
3446,5549.9912109375,5148.793874707487
3447,5549.9912109375,5148.793874707487
3448,5549.9912109375,5148.793874707487
3449,5549.9912109375,5148.793874707487
3450,5549.9912109375,5148.793874707487
3451,5549.9912109375,5148.793874707487
3452,5549.9912109375,5148.793874707487
3453,5549.9912109375,5148.793874707487
3454,5549.9912109375,5148.793874707487
3455,5549.9912109375,5148.793874707487
3456,5549.9912109375,5148.793874707487
3457,5549.9912109375,5148.793874707487
3458,5549.9912109375,5148.793874707487
3459,5550.0,5148.793874707487
3460,5550.0,5148.793874707487
3461,5550.0,5148.7963778152
3462,5550.0,5148.800341069078
3463,5550.0,5148.800549661387
3464,5550.0,5148.79971529215
3465,5550.0,5148.79971529215
3466,5550.0,5148.79971529215
3467,5550.0,5148.79971529215
3468,5550.0,5148.79971529215
3469,5550.0,5148.79971529215
3470,5550.0,5148.79971529215
3471,5550.0,5148.79971529215
3472,5550.0,5148.79971529215
3473,5550.0,5148.79971529215
3474,5550.0,5148.79971529215
3475,5550.0,5148.79971529215
3476,5550.0,5148.79971529215
3477,5550.0,5148.79971529215
3478,5550.0,5148.79971529215
3479,5550.0,5148.79971529215
3480,5550.0,5148.79971529215
3481,5550.0,5148.79971529215
3482,5550.0,5148.79971529215
3483,5550.0,5148.79971529215
3484,5550.0,5148.79971529215
3485,5550.0,5148.79971529215
3486,5550.0,5148.79971529215
3487,5550.0,5148.79971529215
3488,5550.0,5148.79971529215
3489,5550.0,5148.79971529215
3490,5550.0,5148.79971529215
3491,5550.0,5148.79971529215
3492,5550.0,5148.79971529215
3493,5550.0,5148.79971529215
3494,5550.0,5148.79971529215
3495,5550.0,5148.79971529215
3496,5550.0,5148.79971529215
3497,5550.0,5148.79971529215
3498,5550.0,5148.79971529215
3499,5550.0,5148.79971529215
3500,5550.0,5148.79971529215
3501,5550.0,5148.79971529215
3502,5550.0,5148.79971529215
3503,5550.0,5148.79971529215
3504,5550.0,5148.79971529215
3505,5550.0,5148.79971529215
3506,5300.0,5148.79971529215
3507,5300.0,5148.79971529215
3508,5300.0,5162.680281927192
3509,5300.0,5094.471848315463
3510,5300.0,4990.108735496715
3511,5300.0,4974.77073439607
3512,5300.0,4974.77073439607
3513,5300.0,4974.77073439607
3514,5300.0,4974.77073439607
3515,5300.0,4974.77073439607
3516,5300.0,4974.77073439607
3517,5300.0,4974.77073439607
3518,5300.0,4974.77073439607
3519,5300.0,4974.77073439607
3520,5300.0,4974.77073439607
3521,5300.0,4974.77073439607
3522,5300.0,4974.77073439607
3523,5300.0,4974.77073439607
3524,5300.0,4974.77073439607
3525,5300.0,4974.77073439607
3526,5300.0,4974.77073439607
3527,5300.0,4974.77073439607
3528,5300.0,4974.77073439607
3529,5300.0,4974.77073439607
3530,5300.0,4974.77073439607
3531,5300.0,4974.77073439607
3532,5300.0,4974.77073439607
3533,5300.0,4974.77073439607
3534,5300.0,4974.77073439607
3535,5300.0,4974.77073439607
3536,5300.0,4974.77073439607
3537,5300.0,4974.77073439607
3538,5300.0,4974.77073439607
3539,5300.0,4974.77073439607
3540,5300.0,4974.77073439607
3541,5300.0,4974.77073439607
3542,5300.0,4974.77073439607
3543,5300.0,4974.77073439607
3544,5300.0,4974.77073439607
3545,5300.0,4974.77073439607
3546,5300.0,4974.77073439607
3547,5300.0,4974.77073439607
3548,5300.0,4974.77073439607
3549,5300.0,4974.77073439607
3550,5200.0,4974.77073439607
3551,5200.0,4974.77073439607
3552,5200.0,4980.372480864333
3553,5200.0,4964.3646898582865
3554,5200.0,4922.87672248517
3555,5200.0,4904.890120536238
3556,5200.0,4904.890120536238
3557,5200.0,4904.890120536238
3558,5200.0,4904.890120536238
3559,5200.0,4904.890120536238
3560,5200.0,4904.890120536238
3561,5200.0,4904.890120536238
3562,5200.0,4904.890120536238
3563,5200.0,4904.890120536238
3564,5200.0,4904.890120536238
3565,5200.0,4904.890120536238
3566,5200.0,4904.890120536238
3567,5200.0,4904.890120536238
3568,5200.0,4904.890120536238
3569,5200.0,4904.890120536238
3570,5200.0,4904.890120536238
3571,5200.0,4904.890120536238
3572,5200.0,4904.890120536238
3573,5200.0,4904.890120536238
3574,5200.0,4904.890120536238
3575,5200.0,4904.890120536238
3576,5200.0,4904.890120536238
3577,5200.0,4904.890120536238
3578,5200.0,4904.890120536238
3579,5200.0,4904.890120536238
3580,5200.0,4904.890120536238
3581,5200.0,4904.890120536238
3582,5200.0,4904.890120536238
3583,5200.0,4904.890120536238
3584,5200.0,4904.890120536238
3585,5200.0,4904.890120536238
3586,5200.0,4904.890120536238
3587,5200.0,4904.890120536238
3588,5200.0,4904.890120536238
3589,5200.0,4904.890120536238
3590,5200.0,4904.890120536238
3591,5200.0,4904.890120536238
3592,5200.0,4904.890120536238
3593,5200.0,4904.890120536238
3594,5200.0,4904.890120536238
3595,5200.0,4904.890120536238
3596,5200.0,4904.890120536238
3597,5200.0,4904.890120536238
3598,5200.0,4904.890120536238
3599,5200.0,4904.890120536238
3600,5200.0,4904.890120536238
3601,5200.0,4904.890120536238
3602,5200.0,4904.890120536238
3603,5200.0,4904.890120536238
3604,5200.0,4904.890120536238
3605,5200.0,4904.890120536238
3606,4850.0,4904.890120536238
3607,4850.0,4904.890120536238
3608,4850.0,4924.5840505374035
3609,4850.0,4817.640546555533
3610,4850.0,4669.3281814092
3611,4850.0,4659.268191512669
3612,4850.0,4659.268191512669
3613,4850.0,4659.268191512669
3614,4850.0,4659.268191512669
3615,4850.0,4659.268191512669
3616,4850.0,4659.268191512669
3617,4850.0,4659.268191512669
3618,4850.0,4659.268191512669
3619,4850.0,4659.268191512669
3620,4850.0,4659.268191512669
3621,4850.0,4659.268191512669
3622,4850.0,4659.268191512669
3623,4850.0,4659.268191512669
3624,4850.0,4659.268191512669
3625,4850.0,4659.268191512669
3626,4850.0,4659.268191512669
3627,4850.0,4659.268191512669
3628,4850.0,4659.268191512669
3629,4850.0,4659.268191512669
3630,4850.0,4659.268191512669
3631,4850.0,4659.268191512669
3632,4850.0,4659.268191512669
3633,4850.0,4659.268191512669
3634,4850.0,4659.268191512669
3635,4850.0,4659.268191512669
3636,4850.0,4659.268191512669
3637,4850.0,4659.268191512669
3638,4850.0,4659.268191512669
3639,4850.0,4659.268191512669
3640,4850.0,4659.268191512669
3641,4850.0,4659.268191512669
3642,4850.0,4659.268191512669
3643,4850.0,4659.268191512669
3644,4850.0,4659.268191512669
3645,4850.0,4659.268191512669
3646,4850.0,4659.268191512669
3647,4850.0,4659.268191512669
3648,4850.0,4659.268191512669
3649,4850.0,4659.268191512669
3650,4850.0,4659.268191512669
3651,4850.0,4659.268191512669
3652,4850.0,4659.268191512669
3653,4850.0,4659.268191512669
3654,4850.0,4659.268191512669
3655,4850.0,4659.268191512669
3656,4850.0,4659.268191512669
3657,4850.0,4659.268191512669
3658,4850.0,4659.268191512669
3659,4850.0,4659.268191512669
3660,4850.0,4659.268191512669
3661,4850.0,4659.268191512669
3662,4850.0,4659.268191512669
3663,4850.0,4659.268191512669
3664,4850.0,4659.268191512669
3665,4850.0,4659.268191512669
3666,4850.0,4659.268191512669
3667,4850.0,4659.268191512669
3668,4850.0,4659.268191512669
3669,4850.0,4659.268191512669
3670,4850.0,4659.268191512669
3671,4850.0,4659.268191512669
3672,4850.0,4659.268191512669
3673,4850.0,4659.268191512669
3674,4850.0,4659.268191512669
3675,4850.0,4659.268191512669
3676,4850.0,4659.268191512669
3677,4850.0,4659.268191512669
3678,4850.0,4659.268191512669
3679,4850.0,4659.268191512669
3680,4850.0,4659.268191512669
3681,4850.0,4659.268191512669
3682,4850.0,4659.268191512669
3683,4850.0,4659.268191512669
3684,4850.0,4659.268191512669
3685,4850.0,4659.268191512669
3686,4850.0,4659.268191512669
3687,4850.0,4659.268191512669
3688,4850.0,4659.268191512669
3689,4850.0,4659.268191512669
3690,4850.0,4659.268191512669
3691,4850.0,4659.268191512669
3692,4850.0,4659.268191512669
3693,4850.0,4659.268191512669
3694,4850.0,4659.268191512669
3695,4850.0,4659.268191512669
3696,4850.0,4659.268191512669
3697,4850.0,4659.268191512669
3698,4850.0,4659.268191512669
3699,4850.0,4659.268191512669
3700,4850.0,4659.268191512669
3701,4850.0,4659.268191512669
3702,4850.0,4659.268191512669
3703,4850.0,4659.268191512669
3704,4850.0,4659.268191512669
3705,4850.0,4659.268191512669
3706,4850.0,4659.268191512669
3707,4850.0,4659.268191512669
3708,4850.0,4659.268191512669
3709,4850.0,4659.268191512669
3710,4850.0,4659.268191512669
3711,4850.0,4659.268191512669
3712,4850.0,4659.268191512669
3713,4850.0,4659.268191512669
3714,4850.0,4659.268191512669
3715,4850.0,4659.268191512669
3716,4850.0,4659.268191512669
3717,4850.0,4659.268191512669
3718,4850.0,4659.268191512669
3719,4850.0,4659.268191512669
3720,4850.0,4659.268191512669
3721,4850.0,4659.268191512669
3722,4850.0,4659.268191512669
3723,4850.0,4659.268191512669
3724,4850.0,4659.268191512669
3725,4850.0,4659.268191512669
3726,4850.0,4659.268191512669
3727,4850.0,4659.268191512669
3728,4850.0,4659.268191512669
3729,4850.0,4659.268191512669
3730,4850.0,4659.268191512669
3731,4850.0,4659.268191512669
3732,4850.0,4659.268191512669
3733,4850.0,4659.268191512669
3734,4850.0,4659.268191512669
3735,4850.0,4659.268191512669
3736,4850.0,4659.268191512669
3737,4850.0,4659.268191512669
3738,4850.0,4659.268191512669
3739,4850.0,4659.268191512669
3740,4850.0,4659.268191512669
3741,4850.0,4659.268191512669
3742,4850.0,4659.268191512669
3743,4850.0,4659.268191512669
3744,4850.0,4659.268191512669
3745,4850.0,4659.268191512669
3746,4850.0,4659.268191512669
3747,4850.0,4659.268191512669
3748,4850.0,4659.268191512669
3749,4850.0,4659.268191512669
3750,4850.0,4659.268191512669
3751,4850.0,4659.268191512669
3752,4850.0,4659.268191512669
3753,4850.0,4659.268191512669
3754,4850.0,4659.268191512669
3755,4850.0,4659.268191512669
3756,4850.0,4659.268191512669
3757,4850.0,4659.268191512669
3758,4850.0,4659.268191512669
3759,4850.0,4659.268191512669
3760,4850.0,4659.268191512669
3761,4850.0,4659.268191512669
3762,4850.0,4659.268191512669
3763,4850.0,4659.268191512669
3764,4850.0,4659.268191512669
3765,4850.0,4659.268191512669
3766,4850.0,4659.268191512669
3767,4850.0,4659.268191512669
3768,4850.0,4659.268191512669
3769,4850.0,4659.268191512669
3770,4850.0,4659.268191512669
3771,4850.0,4659.268191512669
3772,4850.0,4659.268191512669
3773,4850.0,4659.268191512669
3774,4850.0,4659.268191512669
3775,4850.0,4659.268191512669
3776,4850.0,4659.268191512669
3777,4850.0,4659.268191512669
3778,4850.0,4659.268191512669
3779,4850.0,4659.268191512669
3780,4850.0,4659.268191512669
3781,4850.0,4659.268191512669
3782,4850.0,4659.268191512669
3783,4850.0,4659.268191512669
3784,4850.0,4659.268191512669
3785,4850.0,4659.268191512669
3786,4850.0,4659.268191512669
3787,4850.0,4659.268191512669
3788,4850.0,4659.268191512669
3789,4850.0,4659.268191512669
3790,4850.0,4659.268191512669
3791,4850.0,4659.268191512669
3792,4850.0,4659.268191512669
3793,4850.0,4659.268191512669
3794,4850.0,4659.268191512669
3795,4850.0,4659.268191512669
3796,4850.0,4659.268191512669
3797,4850.0,4659.268191512669
3798,4850.0,4659.268191512669
3799,4850.0,4659.268191512669
3800,4850.0,4659.268191512669
3801,4850.0,4659.268191512669
3802,4850.0,4659.268191512669
3803,4850.0,4659.268191512669
3804,4850.0,4659.268191512669
3805,4850.0,4659.268191512669
3806,4850.0,4659.268191512669
3807,4850.0,4659.268191512669
3808,4850.0,4659.268191512669
3809,4850.0,4659.268191512669
3810,4850.0,4659.268191512669
3811,4850.0,4659.268191512669
3812,4850.0,4659.268191512669
3813,4850.0,4659.268191512669
3814,4850.0,4659.268191512669
3815,4850.0,4659.268191512669
3816,4850.0,4659.268191512669
3817,4850.0,4659.268191512669
3818,4850.0,4659.268191512669
3819,4850.0,4659.268191512669
3820,4850.0,4659.268191512669
3821,4850.0,4659.268191512669
3822,4850.0,4659.268191512669
3823,4850.0,4659.268191512669
3824,4850.0,4659.268191512669
3825,4850.0,4659.268191512669
3826,4850.0,4659.268191512669
3827,4850.0,4659.268191512669
3828,4850.0,4659.268191512669
3829,4850.0,4659.268191512669
3830,4850.0,4659.268191512669
3831,4850.0,4659.268191512669
3832,4850.0,4659.268191512669
3833,4850.0,4659.268191512669
3834,4850.0,4659.268191512669
3835,4850.0,4659.268191512669
3836,4850.0,4659.268191512669
3837,4850.0,4659.268191512669
3838,4850.0,4659.268191512669
3839,4850.0,4659.268191512669
3840,4850.0,4659.268191512669
3841,4850.0,4659.268191512669
3842,4850.0,4659.268191512669
3843,4850.0,4659.268191512669
3844,4850.0,4659.268191512669
3845,4850.0,4659.268191512669
3846,4850.0,4659.268191512669
3847,4850.0,4659.268191512669
3848,4850.0,4659.268191512669
3849,4850.0,4659.268191512669
3850,4850.0,4659.268191512669
3851,4850.0,4659.268191512669
3852,4850.0,4659.268191512669
3853,4850.0,4659.268191512669
3854,4850.0,4659.268191512669
3855,4850.0,4659.268191512669
3856,4850.0,4659.268191512669
3857,4850.0,4659.268191512669
3858,4850.0,4659.268191512669
3859,4850.0,4659.268191512669
3860,4850.0,4659.268191512669
3861,4500.0,4659.268191512669
3862,4500.0,4659.268191512669
3863,4500.0,4677.196387614975
3864,4500.0,4589.430443372412
3865,4500.0,4444.857512556243
3866,4500.0,4411.225131554184
3867,4500.0,4412.35445031714
3868,4500.0,4412.35445031714
3869,4400.0,4412.35445031714
3870,4400.0,4412.35445031714
3871,4400.0,4418.108260578936
3872,4400.0,4400.876032716859
3873,4400.0,4358.529916582975
3874,4400.0,4341.631853600516
3875,4400.0,4341.631853600516
3876,4400.0,4341.631853600516
3877,4400.0,4341.631853600516
3878,4400.0,4341.631853600516
3879,4400.0,4341.631853600516
3880,4400.0,4341.631853600516
3881,4400.0,4341.631853600516
3882,4400.0,4341.631853600516
3883,4400.0,4341.631853600516
3884,4400.0,4341.631853600516
3885,4400.0,4341.631853600516
3886,4400.0,4341.631853600516
3887,4400.0,4341.631853600516
3888,4400.0,4341.631853600516
3889,4400.0,4341.631853600516
3890,4400.0,4341.631853600516
3891,4400.0,4341.631853600516
3892,4400.0,4341.631853600516
3893,4400.0,4341.631853600516
3894,4400.0,4341.631853600516
3895,4400.0,4341.631853600516
3896,4400.0,4341.631853600516
3897,4400.0,4341.631853600516
3898,4400.0,4341.631853600516
3899,4400.0,4341.631853600516
3900,4400.0,4341.631853600516
3901,4400.0,4341.631853600516
3902,4400.0,4341.631853600516
3903,4400.0,4341.631853600516
3904,4400.0,4341.631853600516
3905,4400.0,4341.631853600516
3906,4400.0,4341.631853600516
3907,4400.0,4341.631853600516
3908,4400.0,4341.631853600516
3909,4400.0,4341.631853600516
3910,4400.0,4341.631853600516
3911,4400.0,4341.631853600516
3912,4400.0,4341.631853600516
3913,4400.0,4341.631853600516
3914,4400.0,4341.631853600516
3915,4400.0,4341.631853600516
3916,4400.0,4341.631853600516
3917,4400.0,4341.631853600516
3918,4400.0,4341.631853600516
3919,4400.0,4341.631853600516
3920,4400.0,4341.631853600516
3921,4400.0,4341.631853600516
3922,4400.0,4341.631853600516
3923,4400.0,4341.631853600516
3924,4400.0,4341.631853600516
3925,4400.0,4341.631853600516
3926,4400.0,4341.631853600516
3927,4400.0,4341.631853600516
3928,4400.0,4341.631853600516
3929,4400.0,4341.631853600516
3930,4400.0,4341.631853600516
3931,4400.0,4341.631853600516
3932,4400.0,4341.631853600516
3933,4400.0,4341.631853600516
3934,4400.0,4341.631853600516
3935,4400.0,4341.631853600516
3936,4400.0,4341.631853600516
3937,4400.0,4341.631853600516
3938,4400.0,4341.631853600516
3939,4400.0,4341.631853600516
3940,4400.0,4341.631853600516
3941,4400.0,4341.631853600516
3942,4400.0,4341.631853600516
3943,4400.0,4341.631853600516
3944,4400.0,4341.631853600516
3945,4400.0,4341.631853600516
3946,4400.0,4341.631853600516
3947,4400.0,4341.631853600516
3948,4400.0,4341.631853600516
3949,4400.0,4341.631853600516
3950,4400.0,4341.631853600516
3951,4400.0,4341.631853600516
3952,4400.0,4341.631853600516
3953,4400.0,4341.631853600516
3954,4400.0,4341.631853600516
3955,4400.0,4341.631853600516
3956,4400.0,4341.631853600516
3957,4400.0,4341.631853600516
3958,4400.0,4341.631853600516
3959,4400.0,4341.631853600516
3960,4400.0,4341.631853600516
3961,4400.0,4341.631853600516
3962,4400.0,4341.631853600516
3963,4400.0,4341.631853600516
3964,4400.0,4341.631853600516
3965,4400.0,4341.631853600516
3966,4400.0,4341.631853600516
3967,4400.0,4341.631853600516
3968,4400.0,4341.631853600516
3969,4400.0,4341.631853600516
3970,4400.0,4341.631853600516
3971,4400.0,4341.631853600516
3972,4400.0,4341.631853600516
3973,4400.0,4341.631853600516
3974,4400.0,4341.631853600516
3975,4400.0,4341.631853600516
3976,4400.0,4341.631853600516
3977,4400.0,4341.631853600516
3978,4400.0,4341.631853600516
3979,4400.0,4341.631853600516
3980,4400.0,4341.631853600516
3981,4400.0,4341.631853600516
3982,4400.0,4341.631853600516
3983,4400.0,4341.631853600516
3984,4400.0,4341.631853600516
3985,4400.0,4341.631853600516
3986,4400.0,4341.631853600516
3987,4400.0,4341.631853600516
3988,4400.0,4341.631853600516
3989,4400.0,4341.631853600516
3990,4400.0,4341.631853600516
3991,4400.0,4341.631853600516
3992,4400.0,4341.631853600516
3993,4400.0,4341.631853600516
3994,4400.0,4341.631853600516
3995,4400.0,4341.631853600516
3996,4400.0,4341.631853600516
3997,4400.0,4341.631853600516
3998,4400.0,4341.631853600516
3999,4400.0,4341.631853600516
4000,4400.0,4341.631853600516
4001,4400.0,4341.631853600516
4002,4400.0,4341.631853600516
4003,4400.0,4341.631853600516
4004,4400.0,4341.631853600516
4005,4400.0,4341.631853600516
4006,4400.0,4341.631853600516
4007,4400.0,4341.631853600516
4008,4400.0,4341.631853600516
4009,4400.0,4341.631853600516
4010,4400.0,4341.631853600516
4011,4400.0,4341.631853600516
4012,4400.0,4341.631853600516
4013,4400.0,4341.631853600516
4014,4700.0,4341.631853600516
4015,4700.0,4341.631853600516
4016,4300.0,4473.435701902148
4017,4300.0,4454.640491865925
4018,4300.0,4427.813643549531
4019,4300.0,4336.276976130399
4020,4300.0,4261.024275934926
4021,4300.0,4272.551086950982
4022,4300.0,4270.849703779565
4023,4300.0,4270.849703779565
4024,4300.0,4270.849703779565
4025,4300.0,4270.849703779565
4026,4300.0,4270.849703779565
4027,4300.0,4270.849703779565
4028,4300.0,4270.849703779565
4029,4300.0,4270.849703779565
4030,4300.0,4270.849703779565
4031,4300.0,4270.849703779565
4032,4300.0,4270.849703779565
4033,4300.0,4270.849703779565
4034,4300.0,4270.849703779565
4035,4300.0,4270.849703779565
4036,4300.0,4270.849703779565
4037,4300.0,4270.849703779565
4038,4300.0,4270.849703779565
4039,4300.0,4270.849703779565
4040,4300.0,4270.849703779565
4041,4300.0,4270.849703779565
4042,4300.0,4270.849703779565
4043,4300.0,4270.849703779565
4044,4300.0,4270.849703779565
4045,4300.0,4270.849703779565
4046,4300.0,4270.849703779565
4047,4300.0,4270.849703779565
4048,4300.0,4270.849703779565
4049,4300.0,4270.849703779565
4050,4300.0,4270.849703779565
4051,4300.0,4270.849703779565
4052,4300.0,4270.849703779565
4053,4300.0,4270.849703779565
4054,4300.0,4270.849703779565
4055,4300.0,4270.849703779565
4056,4300.0,4270.849703779565
4057,4300.0,4270.849703779565
4058,4300.0,4270.849703779565
4059,4300.0,4270.849703779565
4060,4300.0,4270.849703779565
4061,4300.0,4270.849703779565
4062,4300.0,4270.849703779565
4063,4300.0,4270.849703779565
4064,4300.0,4270.849703779565
4065,4300.0,4270.849703779565
4066,4300.0,4270.849703779565
4067,4300.0,4270.849703779565
4068,4300.0,4270.849703779565
4069,4300.0,4270.849703779565
4070,4300.0,4270.849703779565
4071,4300.0,4270.849703779565
4072,4300.0,4270.849703779565
4073,4300.0,4270.849703779565
4074,4300.0,4270.849703779565
4075,4300.0,4270.849703779565
4076,4300.0,4270.849703779565
4077,4300.0,4270.849703779565
4078,4300.0,4270.849703779565
4079,4300.0,4270.849703779565
4080,4300.0,4270.849703779565
4081,4300.0,4270.849703779565
4082,4300.0,4270.849703779565
4083,4300.0,4270.849703779565
4084,4300.0,4270.849703779565
4085,4300.0,4270.849703779565
4086,4300.0,4270.849703779565
4087,4300.0,4270.849703779565
4088,4300.0,4270.849703779565
4089,4300.0,4270.849703779565
4090,4300.0,4270.849703779565
4091,4300.0,4270.849703779565
4092,4300.0,4270.849703779565
4093,4300.0,4270.849703779565
4094,4300.0,4270.849703779565
4095,4300.0,4270.849703779565
4096,4300.0,4270.849912371875
4097,4300.0,4270.849912371875
4098,4300.0,4270.849912371875
4099,4300.0,4270.849912371875
4100,4300.0,4270.849912371875
4101,4300.0,4270.849912371875
4102,4300.0,4270.849912371875
4103,4300.0,4270.849912371875
4104,4300.0,4270.849912371875
