,y_actual,y_predict
0,1711.9927978515625,1671.728131451826
1,1729.329345703125,1693.1271003484803
2,1729.329345703125,1735.87943021088
3,1777.0052490234375,1773.1361178512307
4,1777.0052490234375,1744.116086390086
5,1777.0052490234375,1729.580543832512
6,1777.0052490234375,1785.9145070905738
7,1777.0052490234375,1787.9203484300829
8,1777.0052490234375,1772.381204487368
9,1820.3468017578125,1827.6909179935583
10,1820.3468017578125,1824.0506790105555
11,1759.66845703125,1773.9100912459212
12,1685.98779296875,1799.2839841907116
13,1694.6561279296875,1885.8149358135424
14,1724.995361328125,1842.08623318147
15,1711.9927978515625,1737.64497901888
16,1907.0299072265625,1709.9189875078732
17,2054.391357421875,1685.0721951775263
18,2054.391357421875,1687.022671665583
19,2037.0545654296875,1828.3802557751678
20,2349.114013671875,2050.4543475794253
21,2236.426025390625,2108.491006924781
22,2279.767578125,2141.869885912167
23,2435.79736328125,2085.7281112982864
24,2366.45068359375,2266.1331183255306
25,2236.426025390625,2423.2325861105064
26,2305.7724609375,2420.7769053529455
27,2349.114013671875,2580.215878469484
28,2279.767578125,2543.4034710715264
29,2279.767578125,2447.2882737089303
30,2453.1337890625,2458.692525487633
31,2401.1240234375,2448.2326528554277
32,2340.44580078125,2375.740548463001
33,2392.455810546875,2427.4902339492564
34,2505.143798828125,2467.413283759355
35,2444.4658203125,2394.8759117937116
36,2392.455810546875,2327.815916187241
37,2392.455810546875,2341.711132471048
38,2418.460693359375,2424.9292692118843
39,2375.119140625,2546.158326241547
40,2366.45068359375,2396.1789144964414
41,2635.168701171875,2425.7204873963715
42,2721.851806640625,2407.8818868773456
43,2912.554931640625,2378.7932166147075
44,2921.22314453125,2562.655577091058
45,2955.896484375,2680.1014449065087
46,2929.891357421875,2967.4601131361296
47,2825.87158203125,2937.0452958476135
48,2765.193603515625,3025.91813530586
49,2704.51513671875,2872.756946390702
50,2912.554931640625,2808.634010772761
51,2886.5498046875,2932.4669176091584
52,2903.886474609375,2960.6452444946344
53,3120.594482421875,3106.7824716920127
54,3189.94091796875,3072.2816602947623
55,3241.95068359375,2888.877080915975
56,3146.599365234375,3027.409128907886
57,3163.93603515625,3167.5128352751494
58,3319.9658203125,3224.212229243311
59,3120.594482421875,3153.709118484572
60,3172.6044921875,3207.274839170009
61,3059.916259765625,3199.7491902122224
62,2834.539794921875,3167.4415870646735
63,2955.896484375,3240.9874956020117
64,3025.242919921875,3111.620202492805
65,3155.267578125,3002.162075930153
66,3198.609130859375,2895.257993498442
67,3163.93603515625,2924.1039887257175
68,3224.6142578125,3172.7943357817953
69,3025.242919921875,3150.8570911930988
70,2947.22802734375,3203.441333743462
71,2981.9013671875,3214.960286064825
72,3068.58447265625,3086.877105806367
73,3016.57470703125,2966.7384413736513
74,3033.9111328125,2926.2762649772776
75,3007.90625,3061.651268458186
76,2921.22314453125,3134.3397025133972
77,2886.5498046875,3060.6984938219193
78,2747.856689453125,2963.8189665326113
79,2843.208251953125,2899.3096114801474
80,2825.87158203125,2739.110392729217
81,2782.530029296875,2756.0467050031575
82,2782.530029296875,2795.4733998437787
83,2678.51025390625,2840.9512006620057
84,2609.16357421875,2856.007263585285
85,2505.143798828125,2775.6573211263567
86,2635.168701171875,2633.1653248248176
87,2583.15869140625,2557.839742635205
88,2470.470458984375,2551.3116820766445
89,2453.1337890625,2595.1536103680396
90,2314.44091796875,2542.0529317442915
91,2340.44580078125,2577.111022138129
92,2435.79736328125,2421.449679060145
93,2366.45068359375,2337.588039373738
94,2357.782470703125,2358.6045596756258
95,2349.114013671875,2384.690027104658
96,2314.44091796875,2447.9418739327375
97,2323.109130859375,2386.584004215618
98,2635.168701171875,2380.984325991966
99,2825.87158203125,2385.131584485505
100,2869.21337890625,2354.905779169366
101,2756.525146484375,2536.2598168982495
102,2687.178466796875,2875.011929561747
103,2678.51025390625,2900.1979450598055
104,2938.559814453125,2754.1799565076662
105,2860.544921875,2771.4999653545824
106,2877.88134765625,2727.1848264168584
107,2730.52001953125,2814.6639011208135
108,2730.52001953125,2934.659161512062
109,2721.851806640625,3070.9550594586267
110,2799.86669921875,2974.7498942124203
111,2877.88134765625,2899.1294488077974
112,2773.861572265625,2706.7576921872987
113,2765.193603515625,2821.0982498611365
114,2817.203369140625,2757.9726757372923
115,2947.22802734375,2878.8937090544678
116,2895.21826171875,2897.524321925933
117,3033.9111328125,2914.7380257199575
118,2955.896484375,2759.372340024935
119,2973.233154296875,2823.882716150479
120,2869.21337890625,2921.2761835567544
121,2869.21337890625,2940.1243984468374
122,2704.51513671875,3099.9826922415896
123,2721.851806640625,2983.137328849783
124,2756.525146484375,2861.675694062994
125,2730.52001953125,2790.968765772217
126,2643.8369140625,2839.940905575562
127,2643.8369140625,2921.1202997331975
128,2704.51513671875,2841.6838773232357
129,2687.178466796875,2640.3839711431965
130,2626.500244140625,2603.974320349044
131,2487.807373046875,2579.670058181906
132,2479.138916015625,2678.729463044592
133,2609.16357421875,2577.4108772659756
134,2600.495361328125,2489.5297266736034
135,2574.490478515625,2418.33256985183
136,2713.183349609375,2513.9323522141212
137,2678.51025390625,2568.039241631993
138,2669.841796875,2573.407816981856
139,2635.168701171875,2733.5482673044
140,2617.83203125,2704.1752849152454
141,2626.500244140625,2733.935027096616
142,2704.51513671875,2588.835550506279
143,2695.846923828125,2628.5828622940417
144,2678.51025390625,2613.462017956461
145,2600.495361328125,2753.6727100920016
146,2565.822021484375,2758.6031316379513
147,2522.48046875,2711.4424889312095
148,2522.48046875,2640.0708420653095
149,2548.485595703125,2518.328071823809
150,2548.485595703125,2485.5818043358067
151,2522.48046875,2519.4779135645285
152,2487.807373046875,2600.436529031741
153,2505.143798828125,2616.9538609851606
154,2470.470458984375,2602.1868751961047
155,2513.81201171875,2540.395389777649
156,2470.470458984375,2447.6732182601154
157,2487.807373046875,2473.0623138485425
158,2505.143798828125,2491.97689848883
159,2539.817138671875,2446.7269104200223
160,2496.4755859375,2488.3198685262882
161,2418.460693359375,2540.2999761709452
162,2366.45068359375,2531.1861047633975
163,2349.114013671875,2476.1428913311042
164,2297.104248046875,2393.842132026426
165,2210.421142578125,2384.960611470876
166,2054.391357421875,2361.2279233234462
167,2071.72802734375,2322.501571163186
168,2028.3862304687498,2208.7650349424894
169,1933.0347900390625,2152.9662274309467
170,1967.708251953125,2084.5295984074164
171,2019.7181396484375,2038.9498037337476
172,1985.044677734375,1992.0768767304558
173,1985.044677734375,1981.5285110979785
174,1881.02490234375,2043.3102395958908
175,1898.361572265625,2026.7007841601364
176,2080.396484375,1954.4476108684453
177,2054.391357421875,1949.9038356621477
178,2054.391357421875,1915.1580801782457
179,1959.0399169921875,2026.6937501011405
180,1898.361572265625,2106.168632930451
181,1881.02490234375,2138.727703687108
182,1716.326904296875,2008.0850335746154
183,1820.3468017578125,1961.3228362742288
184,1777.0052490234375,1814.3997231628923
185,1881.02490234375,1849.3176996396323
186,1993.7130126953125,1866.8561046731184
187,1993.7130126953125,1914.399082522063
188,1907.0299072265625,2007.7986793019386
189,1881.02490234375,2083.1116682568972
190,1933.0347900390625,1969.7904818746588
191,1863.6884765625,1963.8260536562948
192,1777.0052490234375,1978.1072355643678
193,1768.3369140625,1974.021581813327
194,1811.6783447265625,1876.5944189954093
195,1872.3565673828125,1782.9617906481494
196,1959.0399169921875,1737.4920449619985
197,1941.703125,1819.2332562188003
198,1872.3565673828125,1916.650435211046
199,1733.66357421875,1939.759588064248
200,1785.6734619140625,1908.8008791817497
201,1642.646240234375,1770.4965304866932
202,1486.6165771484375,1717.255511040718
203,1486.6165771484375,1686.0265581496956
204,1369.59423828125,1626.1658084730825
205,1274.2427978515625,1532.2781387609343
206,1187.5595703125,1366.3383337013038
207,1105.2105712890625,1356.6678640125551
208,1191.8936767578125,1305.1088922871436
209,1109.544677734375,1176.130798200289
210,1040.1982421875,1113.7110124798996
211,1161.5545654296875,1089.452358243671
212,1213.564453125,1091.6717173094785
213,1235.2352294921875,1087.1948791162076
214,1347.9234619140625,1192.1192142982336
215,1343.5892333984375,1288.695482882762
216,1503.953125,1259.504364954424
217,1685.98779296875,1261.8909531002337
218,1889.6932373046875,1415.637784153092
219,1785.6734619140625,1499.0889524613121
220,1664.3170166015625,1692.9716703351814
221,1694.6561279296875,1853.8324309894301
222,1724.995361328125,1843.9545700128633
223,1794.341796875,1852.8653613300426
224,1720.6611328125,1816.6701358827036
225,1629.643798828125,1845.1803115192015
226,1768.3369140625,1815.39787882494
227,1703.324462890625,1882.9786217022452
228,1651.314453125,1846.8305925217182
229,1829.01513671875,1882.269996984679
230,1759.66845703125,1855.9739615960239
231,1733.66357421875,1755.3678579221646
232,1794.341796875,1811.847494272983
233,1768.3369140625,1857.977760789373
234,1950.3714599609375,1870.1303456831997
235,1863.6884765625,1842.9875003534758
236,1863.6884765625,1820.869696008454
237,1863.6884765625,1832.1348549431382
238,1820.3468017578125,1910.9893791500263
239,1777.0052490234375,1936.8819772194906
240,1829.01513671875,1839.7314117537067
241,1733.66357421875,1957.5859357063132
242,1729.329345703125,1875.096618239516
243,1690.322021484375,1810.4654151328305
244,1751.000244140625,1829.5243114351006
245,1759.66845703125,1823.5966418476191
246,1733.66357421875,1846.2336051275724
247,1711.9927978515625,1824.5004049760428
248,1829.01513671875,1780.0106625416274
249,1829.01513671875,1724.3819204241981
250,1777.0052490234375,1748.5307525780372
251,1751.000244140625,1833.9573569384934
252,1794.341796875,1925.8355548290697
253,1785.6734619140625,1815.9901012113787
254,1811.6783447265625,1721.357728866169
255,1941.703125,1757.9951924097413
256,1915.6983642578125,1842.3380978745531
257,1855.02001953125,1952.1703909947673
258,1933.0347900390625,1935.5557167410484
259,1933.0347900390625,1971.7044266369621
260,1959.0399169921875,2046.456733018399
261,1950.3714599609375,1896.5135126413538
262,2063.0595703125,1975.9670663885477
263,2037.0545654296875,1984.7898185157119
264,2167.07958984375,2043.2948100471253
265,2193.084228515625,2145.218551804528
266,2167.07958984375,2271.6607541707544
267,2080.396484375,2235.5121577274053
268,2063.0595703125,2349.307802734181
269,2011.0498046875,2207.1727282004076
270,2115.069580078125,2239.1603383899196
271,2063.0595703125,2272.0734946002303
272,2037.0545654296875,2106.157741484264
273,2011.0498046875,2079.5796630203813
274,2011.0498046875,2083.4327390142957
275,2080.396484375,2002.281707997773
276,2167.07958984375,1955.1544203449803
277,2219.08935546875,2009.0627677750617
278,2227.7578125,2017.4945623651247
279,2227.7578125,2095.965163093908
280,2219.08935546875,2139.0725994830414
281,2227.7578125,2195.5626734697894
282,2210.421142578125,2219.3906617713583
283,2210.421142578125,2242.6614845289046
284,2184.416259765625,2223.5675313842185
285,2219.08935546875,2215.655576444474
286,2227.7578125,2232.3647566843815
287,2219.08935546875,2326.991456401369
288,2210.421142578125,2315.5966211855157
289,2201.752685546875,2291.0710130651323
290,2175.747802734375,2252.870626993671
291,2219.08935546875,2210.32239829472
292,2175.747802734375,2172.236372408226
293,2028.3862304687498,2231.855127764864
294,1993.7130126953125,2211.0773116585833
295,1881.02490234375,2070.9504609681717
296,2011.0498046875,2010.2079579606389
297,2045.7230224609375,1988.967595749088
298,2080.396484375,1991.5736011545473
299,2071.72802734375,1966.8218820732113
300,2071.72802734375,2042.793349712248
301,2089.064453125,2056.3960852848986
302,2071.72802734375,2102.0782141717036
303,2175.747802734375,2129.37989309166
304,2201.752685546875,2111.4766246108966
305,2158.4111328125,2125.261791907186
306,2158.4111328125,2168.1590006943907
307,2132.40625,2225.7132597356967
308,2141.074462890625,2252.871534614186
309,2167.07958984375,2218.608746697156
310,2106.401123046875,2217.9498142028197
311,2063.0595703125,2150.115164486271
312,1993.7130126953125,2171.487358577715
313,1993.7130126953125,2131.055814373743
314,2019.7181396484375,2098.4416056707632
315,2045.7230224609375,2090.268256022521
316,2002.3814697265625,2123.099612933862
317,1985.044677734375,2020.393502291999
318,1959.0399169921875,2037.880399861224
319,1924.366455078125,1994.3461549246222
320,1803.0101318359375,2031.928224519821
321,1950.3714599609375,2007.9400411972456
322,1959.0399169921875,1932.7504886324114
323,1881.02490234375,1805.0407942161287
324,1881.02490234375,1853.7393998865796
325,1846.3516845703125,1895.9963958525823
326,1863.6884765625,1900.7255525491942
327,1759.66845703125,1914.572891850803
328,1733.66357421875,1805.0033548698593
329,1694.6561279296875,1797.2114327433046
330,1672.9852294921875,1763.5997490936638
331,1685.98779296875,1747.2675717254301
332,1768.3369140625,1708.0438435226129
333,1751.000244140625,1705.346395350205
334,1724.995361328125,1723.3769576082832
335,1794.341796875,1728.518854734371
336,1733.66357421875,1769.1071903824154
337,1751.000244140625,1767.3164551051073
338,1768.3369140625,1800.0786059521324
339,1803.0101318359375,1805.509353307315
340,1794.341796875,1788.0281283663126
341,1794.341796875,1817.9042728788108
342,1785.6734619140625,1862.2456193589232
343,1785.6734619140625,1828.4140646393748
344,1811.6783447265625,1830.3064534144319
345,1768.3369140625,1827.983852514973
346,1777.0052490234375,1827.3982103772728
347,1794.341796875,1842.0826026994073
348,1768.3369140625,1798.557433967962
349,1777.0052490234375,1811.5075903898855
350,1768.3369140625,1828.486674280624
351,1777.0052490234375,1860.5615294921995
352,1751.000244140625,1798.8728320971381
353,1742.3319091796875,1777.7581753269997
354,1742.3319091796875,1775.9649440932735
355,1742.3319091796875,1769.3665429447524
356,1729.329345703125,1762.4073626412746
357,1837.683349609375,1759.8648906719081
358,1855.02001953125,1726.973403901408
359,1829.01513671875,1709.3868949805938
360,1811.6783447265625,1825.6362920513352
361,1889.6932373046875,1872.8790744147395
362,1863.6884765625,1871.197707409563
363,1907.0299072265625,1854.2181697085666
364,1924.366455078125,1909.7926815001879
365,1933.0347900390625,1913.3446543880473
366,1907.0299072265625,1962.5379132395083
367,1898.361572265625,1985.6107612720857
368,1907.0299072265625,2041.367477882217
369,1976.3763427734375,2049.84896469551
370,2011.0498046875,1998.5559257811738
371,1993.7130126953125,2010.6256903029507
372,2019.7181396484375,2041.878922042766
373,2037.0545654296875,2115.4912570565907
374,1907.0299072265625,2107.277291390275
375,1933.0347900390625,2060.776034988128
376,2175.747802734375,2014.3090412604452
377,2149.74267578125,1994.971959270139
378,2236.426025390625,2066.393298359269
379,2305.7724609375,2242.976655752952
380,2288.43603515625,2094.2533908014575
381,2219.08935546875,2269.8615099511126
382,2314.44091796875,2398.760300695415
383,2886.5498046875,2540.548210381966
384,2938.559814453125,2322.784862216622
385,3666.6982421875,2664.837536885154
386,3415.317138671875,3154.677946658709
387,3952.752685546875,3340.0692506198952
388,4767.57470703125,3860.5488868544526
389,4550.86669921875,3754.158744539708
390,4897.599609375,3957.7483858294413
391,4897.599609375,4110.199627595579
392,4572.53759765625,4396.788303906443
393,4377.50048828125,4713.236408203512
394,5027.6240234375,5022.756673468033
395,4832.58740234375,4570.182594802807
396,4724.2333984375,4772.122940709177
397,5114.30712890625,4672.931477061468
398,5114.30712890625,4892.243339279016
399,5114.30712890625,5291.580596243151
400,5114.30712890625,5243.580631464595
401,5526.05224609375,5232.2345808514565
402,5374.35693359375,5181.203957718697
403,5331.015625,5649.05294930403
404,4962.61181640625,5296.354112892464
405,4919.2705078125,5352.763522105887
406,5049.294921875,4907.808577311555
407,4875.9287109375,4541.057619719544
408,4745.904296875,4692.35279758088
409,4659.22119140625,4658.413803282796
410,4702.5625,4902.539159503023
411,4767.57470703125,4705.794770869703
412,4485.8544921875,4948.425446279559
413,4355.82958984375,4994.7014993412695
414,4420.84228515625,4891.502494033145
415,4659.22119140625,4676.046147039648
416,4485.8544921875,4337.425384082645
417,4832.58740234375,4877.722829186232
418,4724.2333984375,4768.075747377485
419,4767.57470703125,5017.47982451653
420,4767.57470703125,5029.688625156043
421,5027.6240234375,4720.781571002384
422,5157.6494140625,4770.299644545871
423,5244.33251953125,4699.536727414537
424,5266.00341796875,4949.98740446065
425,5005.95361328125,5002.765821075073
426,4832.58740234375,5087.471037304462
427,4940.94091796875,5002.556047283401
428,5200.99072265625,4844.984673556588
429,5027.6240234375,4759.379948669943
430,4919.2705078125,5160.168490838547
431,4940.94091796875,5173.483283802619
432,4810.91650390625,5148.692196681417
433,5005.95361328125,4965.467723248697
434,4832.58740234375,4939.647564641636
435,4897.599609375,4898.369494128006
436,4984.28271484375,4962.927917414596
437,4875.9287109375,4893.208763876219
438,4919.2705078125,4953.041887853388
439,4854.2578125,4898.56429218117
440,4724.2333984375,4825.842843429704
441,4897.599609375,4908.837138260876
442,4875.9287109375,4776.353700290152
443,5352.6865234375,4707.815985031695
444,5244.33251953125,4937.149792982663
445,5721.08984375,5435.927768878608
446,5764.431640625,5463.649335739601
447,5374.35693359375,5377.683945150563
448,5331.015625,5673.862188835544
449,5331.015625,5454.620667207957
450,5786.10205078125,5286.962849964832
451,5612.7353515625,5452.453042511539
452,5547.72314453125,5407.269310740372
453,5417.69873046875,5687.7520728488225
454,5439.36962890625,5614.129527104197
455,5547.72314453125,5459.260196378651
456,5526.05224609375,5401.187799475493
457,5981.13916015625,5351.082949268661
458,5937.7978515625,5448.45508759282
459,5807.77294921875,5856.352453997413
460,5742.7607421875,6072.066848848757
461,5504.3818359375,6109.084151578114
462,5656.07763671875,5880.857527203631
463,5807.77294921875,5540.639493954852
464,5612.7353515625,5419.8282827200655
465,5656.07763671875,5649.278946812418
466,5547.72314453125,5566.575884714194
467,5569.39404296875,5558.549342684353
468,5634.40673828125,5549.371937840712
469,5612.7353515625,5543.021770903212
470,5612.7353515625,5424.645365154127
471,5677.74853515625,5657.172408984157
472,5591.06494140625,5567.866407634834
473,5656.07763671875,5577.5124850222255
474,5677.74853515625,5612.592585213568
475,5699.4189453125,5558.05434914565
476,5439.36962890625,5558.7343838169745
477,5374.35693359375,5592.225694295732
478,5461.0400390625,5458.259204402493
479,5439.36962890625,5482.6567245776105
480,5374.35693359375,5337.114782985911
481,5309.3447265625,5401.886780725081
482,5266.00341796875,5441.577139325489
483,5179.3203125,5402.369521386824
484,5287.673828125,5286.75001295392
485,5157.6494140625,5177.4217895775655
486,5526.05224609375,5168.02689616787
487,5721.08984375,5222.657596075816
488,5461.0400390625,5320.4462187640775
489,5547.72314453125,5609.727794508593
490,5374.35693359375,5575.301181088495
491,5417.69873046875,5523.070229823834
492,5504.3818359375,5483.613470053633
493,5742.7607421875,5416.261560998827
494,6002.81005859375,5467.085133201462
495,5764.431640625,5662.912201124907
496,5807.77294921875,5756.554699845275
497,5526.05224609375,5807.61198433068
498,5894.4560546875,5737.748348951474
499,5981.13916015625,5624.61764942495
500,5872.78515625,5607.5856966391775
501,5981.13916015625,5974.713884007991
502,5851.11474609375,5973.863897395117
503,5656.07763671875,5906.269767115207
504,5677.74853515625,5905.500558728223
505,5916.126953125,5792.197070946039
506,6154.505859375,5660.354186154211
507,6241.18896484375,5706.397434553665
508,6046.1513671875,5886.472634976048
509,5959.46826171875,6035.3647173434465
510,6024.48095703125,6086.814547701855
511,5981.13916015625,6036.70731499117
512,6111.1640625,5926.049087201746
513,5937.7978515625,6040.392481189696
514,5569.39404296875,6044.4454606021745
515,5547.72314453125,6081.092000350904
516,5439.36962890625,5940.000575957522
517,5504.3818359375,5675.399471083867
518,5331.015625,5510.300576431953
519,5266.00341796875,5450.083358797833
520,5266.00341796875,5500.105955895438
521,5591.06494140625,5533.9721136471435
522,5266.00341796875,5360.75852432281
523,5287.673828125,5319.765049567108
524,5309.3447265625,5409.767422757037
525,5266.00341796875,5356.334101214316
526,5331.015625,5309.880721794368
527,5244.33251953125,5349.55667191909
528,5287.673828125,5291.918457980089
529,5157.6494140625,5341.862092092835
530,5244.33251953125,5272.275961686279
531,5135.978515625,5225.436956999758
532,4940.94091796875,5185.320357114704
533,5200.99072265625,5137.190829507545
534,5114.30712890625,5099.4875925735105
535,5157.6494140625,5096.229915637839
536,5157.6494140625,5172.934173390671
537,5179.3203125,5207.262196532261
538,5287.673828125,5170.013564023987
539,5331.015625,5189.000871758088
540,5200.99072265625,5138.19454434525
541,5352.6865234375,5291.881926254336
542,5482.7109375,5156.445885293751
543,5634.40673828125,5183.72441989056
544,5439.36962890625,5358.537123110843
545,5179.3203125,5499.480832265308
546,5287.673828125,5478.40009781194
547,5656.07763671875,5415.726745610001
548,5634.40673828125,5181.364493097397
549,5504.3818359375,5343.549358631363
550,5569.39404296875,5629.787342429328
551,5547.72314453125,5626.372760597021
552,5504.3818359375,5616.275482360805
553,5569.39404296875,5576.093647251191
554,5482.7109375,5495.7077403293315
555,5417.69873046875,5511.667566381035
556,5461.0400390625,5554.212164597922
557,5461.0400390625,5470.090491633791
558,5721.08984375,5403.1938677201315
559,5807.77294921875,5426.671627955237
560,5612.7353515625,5558.775680550434
561,5786.10205078125,5719.558953103163
562,5786.10205078125,5698.947912266627
563,5829.44384765625,5633.468197430406
564,6046.1513671875,5741.640679532689
565,6067.822265625,5696.192036023526
566,6176.1767578125,5837.73511507599
567,5981.13916015625,6011.367004005458
568,5894.4560546875,6016.300148412954
569,5937.7978515625,6247.838226238658
570,5829.44384765625,6113.901801274998
571,5807.77294921875,5848.270433663555
572,5721.08984375,5954.937400235563
573,5547.72314453125,5933.4552706091645
574,5439.36962890625,5777.02403842881
575,5591.06494140625,5764.4338669938925
576,5764.431640625,5697.674407230654
577,5439.36962890625,5484.5173466346205
578,5526.05224609375,5653.671716655431
579,5547.72314453125,5598.77587810436
580,5526.05224609375,5617.83704345792
581,5547.72314453125,5646.372972826548
582,5504.3818359375,5546.691280647843
583,5461.0400390625,5535.067498156926
584,5331.015625,5607.552001227536
585,5287.673828125,5513.3954489376365
586,5439.36962890625,5410.930878805491
587,5634.40673828125,5256.862182827283
588,5894.4560546875,5267.077451730529
589,5981.13916015625,5330.892136730855
590,5981.13916015625,5552.771430481948
591,6219.51806640625,5781.6041184557325
592,6046.1513671875,5879.788123331108
593,6002.81005859375,5926.086072737758
594,6024.48095703125,5991.149757020134
595,6154.505859375,6030.204213996789
596,6002.81005859375,6038.80618743353
597,6349.54296875,6083.001407010628
598,6111.1640625,6084.494442758814
599,6067.822265625,6080.856926637359
600,6219.51806640625,6148.103211354661
601,6067.822265625,6155.093931471056
602,6262.85986328125,6142.530194483656
603,6132.8349609375,6137.531701399034
604,6067.822265625,6076.077623907259
605,6111.1640625,6229.186397737641
606,6067.822265625,6137.1423321978355
607,6002.81005859375,6075.502419405489
608,6067.822265625,6058.166640652113
609,6067.822265625,6055.440602433464
610,5894.4560546875,5996.746145119416
611,5981.13916015625,6039.745120856934
612,5916.126953125,5983.82525945912
613,6024.48095703125,5867.607629106426
614,5981.13916015625,5836.607283132774
615,6176.1767578125,5868.867066024406
616,6414.55517578125,5968.296212794641
617,6804.62939453125,6064.920698719062
618,7064.6787109375,6456.612273912222
619,6804.62939453125,6479.556012926452
620,6739.6171875,6565.592311368273
621,6761.2880859375,6629.896544184208
622,7021.33740234375,6508.738735365021
623,7289.88525390625,6516.093184403049
624,6782.97265625,6966.827289377996
625,6324.337890625,7113.37623593177
626,6034.67333984375,7217.2595303823855
627,6131.22802734375,6639.584939378141
628,6058.81201171875,6371.100580128426
629,5986.39599609375,6099.113259498697
630,5889.84130859375,6292.713253581951
631,5841.56396484375,6217.792583594868
632,5720.87060546875,6186.797796796874
633,5624.3154296875,5990.997730583768
634,5455.3447265625,5867.220075146259
635,5407.0673828125,5667.539023608383
636,5334.6513671875,5548.009826351903
637,5696.7314453125,5383.69534273061
638,5648.4541015625,5239.573940698413
639,5938.11865234375,5264.620636447324
640,5986.39599609375,5479.626520033666
641,6203.64404296875,5681.680318504487
642,6034.67333984375,5948.095189526034
643,5938.11865234375,5996.749321791221
644,6082.95068359375,5890.5367327398435
645,6082.95068359375,5995.860534401305
646,5986.39599609375,5827.489213980341
647,5745.00927734375,6040.0176339167465
648,5745.00927734375,5972.455610712576
649,5648.4541015625,5874.714865006514
650,5841.56396484375,5752.189158617731
651,5745.00927734375,5745.3112103504
652,5696.7314453125,5727.837246373523
653,5600.1767578125,5874.075105995569
654,5769.14794921875,5787.567525601016
655,5793.28662109375,5695.190363331981
656,5769.14794921875,5637.7097350050035
657,5696.7314453125,5683.873016217649
658,5745.00927734375,5741.647827044249
659,5672.5927734375,5728.465433222893
660,5648.4541015625,5589.207856081312
661,5527.7607421875,5667.126736989165
662,5503.6220703125,5652.274207966512
663,5503.6220703125,5594.650062145503
664,5431.2060546875,5505.162990503315
665,5479.4833984375,5492.897179950165
666,5382.9287109375,5421.44055711349
667,5334.6513671875,5417.902198533366
668,5455.3447265625,5410.661428964918
669,5407.0673828125,5379.089849329251
670,5262.2353515625,5348.067493558095
671,5310.5126953125,5409.196189095022
672,5382.9287109375,5373.435033159276
673,5286.3740234375,5304.601093255035
674,5358.7900390625,5345.676026952014
675,5310.5126953125,5344.625796562883
676,5624.3154296875,5288.568203751825
677,5382.9287109375,5364.998246656377
678,5310.5126953125,5483.260972935881
679,5286.3740234375,5482.829966643529
680,5334.6513671875,5476.02621635335
681,5213.9580078125,5253.483225100213
682,5213.9580078125,5272.648993718196
683,5044.98681640625,5331.133677240573
684,4900.15478515625,5317.419644702195
685,5093.26416015625,5180.225202445171
686,5165.68017578125,5144.695943551164
687,5117.40283203125,4990.284620828312
688,5141.54150390625,5099.828404077124
689,5044.98681640625,5148.69378501732
690,5020.84814453125,5110.720190622198
691,5020.84814453125,5146.42518753854
692,5117.40283203125,5096.724115008592
693,5189.8193359375,5023.094989015229
694,5069.12548828125,5059.981480937773
695,5117.40283203125,5090.026102508483
696,5141.54150390625,5101.021584697464
697,5069.12548828125,5055.514626570173
698,5044.98681640625,5092.914491346863
699,5093.26416015625,5053.940812596097
700,5044.98681640625,4988.659696473949
701,4996.70947265625,5082.132526884179
702,5020.84814453125,5058.334830417319
703,4996.70947265625,5045.1476715882545
704,5093.26416015625,4970.384870844606
705,4972.57080078125,4951.89312391203
706,4972.57080078125,4955.549926969444
707,5141.54150390625,4995.753261340021
708,5044.98681640625,4998.775297299325
709,5020.84814453125,5007.209814750935
710,5117.40283203125,5079.5686123801315
711,5044.98681640625,5070.562520908812
712,5334.6513671875,5074.687996509976
713,5938.11865234375,5106.834326837156
714,6879.52783203125,5143.103636809083
715,6782.97265625,5699.369955806387
716,6782.97265625,6259.049835562921
717,6927.80517578125,6538.107066199033
718,6855.38916015625,6527.186576155154
719,6879.52783203125,6560.186069767013
720,6758.833984375,6577.171507001361
721,6300.19921875,6839.55688329127
722,5865.70263671875,6823.946718043208
723,5793.28662109375,6720.622290925083
724,5551.8994140625,6319.670717421361
725,5696.7314453125,5882.302685969619
726,5793.28662109375,5615.571055388123
727,5455.3447265625,5686.268907473743
728,5358.7900390625,5990.758118767646
729,5455.3447265625,6039.179673275706
730,5093.26416015625,5743.467492725493
731,5093.26416015625,5579.251939740402
732,5069.12548828125,5596.22591826574
733,5238.0966796875,5309.681385638626
734,5189.8193359375,5102.002382117151
735,5141.54150390625,4932.919373759381
736,5600.1767578125,5139.534872941685
737,5624.3154296875,5368.296085799864
738,5310.5126953125,5325.073041247553
739,5286.3740234375,5476.371452506976
740,5986.39599609375,5393.581826102075
741,6203.64404296875,5298.7193719561565
742,6396.75390625,5447.043964596167
743,6276.060546875,5959.915471858581
744,6517.447265625,6118.463728891608
745,6469.169921875,6142.007178161532
746,6638.140625,6278.382833260906
747,6179.50537109375,6113.310713414204
748,6034.67333984375,6452.777577233748
749,6420.892578125,6407.251332170501
750,6372.615234375,6211.00925476629
751,6396.75390625,6027.691693504437
752,6396.75390625,6404.717028785775
753,6396.75390625,6315.4221457877675
754,6565.724609375,6359.46965012595
755,6517.447265625,6453.041240993534
756,6324.337890625,6318.329935014669
757,6107.08935546875,6364.388045700067
758,6034.67333984375,6316.966235189957
759,6058.81201171875,6107.184274933803
760,6179.50537109375,6109.939583914082
761,6227.78271484375,5977.111136694859
762,6107.08935546875,6043.607499961133
763,6179.50537109375,6054.156546308997
764,6276.060546875,6075.459080525868
765,6131.22802734375,6091.955991017686
766,6010.53466796875,6093.307437965436
767,5889.84130859375,6058.4852154530945
768,5865.70263671875,6008.2860861652025
769,6010.53466796875,5921.9434657993625
770,6179.50537109375,5807.529504316323
771,6276.060546875,5779.416526107972
772,6227.78271484375,6143.149418580433
773,6324.337890625,6095.972892514668
774,6107.08935546875,6175.518342839068
775,6276.060546875,6185.022491068331
776,6300.19921875,6187.572904717209
777,6445.03125,6122.127566008017
778,6541.5859375,6140.697027947242
779,6565.724609375,6268.795637754465
780,6951.94384765625,6400.463238334216
781,6903.66650390625,6462.881208813575
782,6951.94384765625,6431.794752343503
783,6951.94384765625,6657.955178614187
784,6855.38916015625,6723.004567873443
785,6879.52783203125,6832.978222888964
786,6927.80517578125,6873.592425721704
787,7096.77587890625,6865.193759280461
788,7072.63720703125,6981.251648422407
789,7072.63720703125,6821.561718233301
790,7072.63720703125,6920.420198604344
791,7265.74658203125,6931.472747433245
792,6951.94384765625,6899.267194867421
793,7000.22119140625,6965.046537926359
794,6976.08251953125,6998.757379117331
795,6976.08251953125,6978.304831513334
796,6951.94384765625,6906.857625239509
797,7000.0,6833.348758964465
798,7225.0,6828.4805094238345
799,7175.0,6814.267172149303
800,7125.0,6916.042291047274
801,7075.0,6947.354971930863
802,7100.0,7013.06420130497
803,7200.0,7037.705190683401
804,6950.0,6942.48740310562
805,7200.0,6990.387529627458
806,7175.0,6939.037764430896
807,7200.0,6916.850300211301
808,7300.0,6993.4035526008465
809,7125.0,6885.044327577476
810,7175.0,6877.330687720393
811,7050.0,7005.690465330985
812,7175.0,7021.96863927854
813,7025.0,7031.780017052338
814,6925.0,7000.559913461342
815,7200.0,7064.290757016537
816,7350.0,6989.007265728336
817,7475.0,6932.105358932629
818,7450.0,7068.717449176321
819,7300.0,7151.416653887354
820,7350.0,7193.495529327167
821,7250.0,7130.4465356843275
822,7400.0,7027.412320226069
823,7275.0,7104.312964367968
824,7100.0,7203.28716635475
825,7075.0,7146.985650530121
826,6825.0,7058.031579035727
827,6850.0,7029.351451457681
828,6850.0,6950.8073334671335
829,6875.0,6722.236494012104
830,6600.0,6695.714688020189
831,6275.0,6757.311715743173
832,6300.0,6749.107506997401
833,6325.0,6557.875494839385
834,6325.0,6389.849750929743
835,6425.0,6279.925334327194
836,6500.0,6354.027330609193
837,6550.0,6304.438122307794
838,6650.0,6409.380836805262
839,6425.0,6464.037744255596
840,6375.0,6444.79596241943
841,6350.0,6469.637535931812
842,6775.0,6324.678059806009
843,6925.0,6292.384694955299
844,6925.0,6376.353887672806
845,6825.0,6573.536033026065
846,6700.0,6690.620440971172
847,6800.0,6655.229140395539
848,6675.0,6610.529056906629
849,6550.0,6675.5596130401855
850,6625.0,6701.327640193882
851,6750.0,6627.5664554154955
852,6575.0,6585.05759475641
853,6550.0,6495.571430734737
854,6400.0,6486.123554977443
855,6300.0,6478.701488211002
856,6300.0,6432.282825275775
857,6300.0,6385.039362196983
858,6275.0,6294.311119499692
859,6225.0,6324.994592460829
860,6250.0,6265.142011368857
861,6050.0,6235.615300754871
862,5925.0,6181.163742446193
863,5925.0,6098.987100247026
864,5950.0,6055.897135552817
865,5850.0,5943.36138127428
866,5875.0,5931.110206101945
867,6000.0,5940.273089017335
868,5825.0,5834.895851198017
869,5775.0,5893.17654700951
870,5800.0,5935.562651993858
871,5750.0,5837.7301231631545
872,5625.0,5729.833557697618
873,5500.0,5720.012196098148
874,5400.0,5673.981314028219
875,5375.0,5666.051773940983
876,5600.0,5534.064123676914
877,5700.0,5394.690030751641
878,5725.0,5359.228049228354
879,5700.0,5583.544871326696
880,6000.0,5749.406621021984
881,5975.0,5741.320402943241
882,6125.0,5835.097229499919
883,6100.0,5953.52525616583
884,6000.0,6016.286080294962
885,6025.0,6037.23918061332
886,6175.0,5951.138327662327
887,6025.0,5917.276254202941
888,6300.0,5952.551833162833
889,6250.0,6088.7330305667365
890,6100.0,6132.6003722325695
891,6125.0,6237.595728719943
892,5925.0,6251.953604561584
893,6100.0,6021.466097482706
894,6025.0,5996.4498070210675
895,6000.0,5912.358766249339
896,6075.0,6077.425894183205
897,6050.0,6078.4546820376545
898,6050.0,6045.235317355889
899,6050.0,5992.569275506556
900,6200.0,6043.328406652581
901,6125.0,6003.968762277551
902,6050.0,6093.153823193168
903,5825.0,6059.849142182935
904,5975.0,6115.2546096535225
905,6000.0,6045.0034203141495
906,5975.0,5924.46608356995
907,6100.0,5913.26298318802
908,6000.0,6015.724717006054
909,5925.0,5955.496154115488
910,6050.0,6002.2946562365
911,6000.0,5941.919399180097
912,5900.0,5889.681073498747
913,5900.0,5941.3471444450015
914,5875.0,5932.857262141939
915,5925.0,5870.930541266657
916,6175.0,5837.801144468502
917,6300.0,5871.877983632395
918,6200.0,6319.66686003417
919,6400.0,6285.13167250989
920,6500.0,6198.634529751267
921,6825.0,6202.714057063828
922,6800.0,6112.315280613703
923,6600.0,6306.290348875036
924,6750.0,6626.734848118063
925,6600.0,6587.0593518035985
926,6700.0,6588.106745878618
927,6825.0,6632.332143837861
928,6825.0,6595.7523141970305
929,6775.0,6713.432801915767
930,6900.0,6760.281450070266
931,7125.0,6650.890033615512
932,6950.0,6826.78008238783
933,7000.0,6910.174524413824
934,7000.0,6843.959296602261
935,7000.0,6791.483855061208
936,7075.0,6800.050431297839
937,6900.0,6799.732083401987
938,7000.0,6758.9148004788785
939,6950.0,6709.973406320501
940,7000.0,6711.048482821247
941,6825.0,6823.839618822366
942,6875.0,6768.549419157262
943,7050.0,6721.602747987075
