,y_actual,y_predict
0,195.06448364257807,289.3108934296747
1,191.00064086914065,252.35025788545616
2,186.9368133544922,253.48070904243605
3,195.06448364257807,248.88674553042694
4,195.06448364257807,245.07944678447564
5,186.9368133544922,242.59229650936226
6,186.9368133544922,243.4501777490081
7,182.87294006347656,243.6718227788698
8,186.9368133544922,242.64826577304575
9,182.87294006347656,240.52832822990163
10,178.80909729003906,239.47404864172597
11,191.00064086914065,239.3072023025037
12,191.00064086914065,238.34186642545635
13,191.00064086914065,238.19828274545733
14,186.9368133544922,239.64509118770792
15,195.06448364257807,241.38832245309314
16,195.06448364257807,242.71611932915965
17,195.06448364257807,242.93426255999967
18,191.00064086914065,243.4944214420298
19,191.00064086914065,243.72775236211106
20,195.06448364257807,244.16539787893547
21,195.06448364257807,243.81157729619923
22,199.1283416748047,244.32490333635593
23,199.1283416748047,246.72016362750975
24,199.1283416748047,250.33431782118933
25,199.1283416748047,257.1161567533961
26,203.1921539306641,258.03517067426304
27,207.2559967041016,255.89337912759277
28,195.06448364257807,252.01626760369533
29,195.06448364257807,252.35006940335586
30,191.00064086914065,253.73428194808028
31,199.1283416748047,250.49901149642378
32,199.1283416748047,247.57391810116974
33,199.1283416748047,247.33940668793383
34,215.3837127685547,246.09724020607425
35,215.3837127685547,247.36972254575315
36,211.31985473632807,248.12913676814946
37,203.1921539306641,254.10707474222997
38,207.2559967041016,256.7713932315856
39,203.1921539306641,260.603943618924
40,207.2559967041016,255.24183618724078
41,207.2559967041016,252.94877783495596
42,203.1921539306641,250.66751449410674
43,207.2559967041016,251.77017942145574
44,203.1921539306641,254.6168543428676
45,207.2559967041016,254.81186387592138
46,207.2559967041016,254.70241033624546
47,207.2559967041016,254.40388940973102
48,203.1921539306641,254.29548740177268
49,199.1283416748047,253.86476612210728
50,203.1921539306641,253.05864801927467
51,203.1921539306641,252.48881206940987
52,207.2559967041016,252.14862171855967
53,195.06448364257807,250.3042598862441
54,203.1921539306641,249.809196769597
55,203.1921539306641,249.27425480856712
56,186.9368133544922,249.4053490693925
57,182.87294006347656,249.14301174608357
58,178.80909729003906,248.3234221331336
59,199.1283416748047,249.67974924712172
60,191.00064086914065,244.16929648237885
61,191.00064086914065,243.13047242642915
62,186.9368133544922,242.53741845783856
63,182.87294006347656,244.86911068063296
64,178.80909729003906,243.78263041363482
65,182.87294006347656,241.56301559975492
66,186.9368133544922,239.39396358931253
67,182.87294006347656,237.94230421300642
68,174.74526977539062,237.80410715303225
69,174.74526977539062,239.2541793116515
70,175.82473754882812,238.9011622578692
71,175.82473754882812,236.72844972663648
72,179.91368103027344,234.6030164422516
73,179.91368103027344,233.69110036047815
74,184.00262451171875,234.3716001035051
75,179.91368103027344,235.92165705628696
76,179.91368103027344,237.38975405576278
77,184.00262451171875,238.12357439295818
78,184.00262451171875,237.59533842665536
79,179.91368103027344,237.7186156403729
80,184.00262451171875,237.9604877756317
81,188.09161376953125,238.1425317242058
82,188.09161376953125,237.9304992814603
83,184.00262451171875,238.41317218003923
84,175.82473754882812,240.63052520871534
85,175.82473754882812,241.48909093598866
86,179.91368103027344,240.15373493568836
87,184.00262451171875,237.41576458560644
88,184.00262451171875,235.8623149550189
89,184.00262451171875,236.13828251021388
90,184.00262451171875,237.18404072343313
91,179.91368103027344,238.1971220925238
92,179.91368103027344,238.80215955465036
93,179.91368103027344,238.721052730851
94,179.91368103027344,238.3636212278771
95,175.82473754882812,237.68129618451024
96,175.82473754882812,236.79064881974094
97,167.64686584472656,236.28452477983842
98,167.64686584472656,235.70008146719908
99,171.73577880859375,235.27955806117188
100,167.64686584472656,234.48057251781967
101,163.5579376220703,232.26241596018957
102,163.5579376220703,231.9161644217976
103,167.64686584472656,231.34583742646095
104,163.5579376220703,229.63453899691356
105,163.5579376220703,228.68322023606345
106,163.5579376220703,229.08077858618367
107,167.64686584472656,229.31983341004826
108,163.5579376220703,228.6899063905694
109,167.64686584472656,228.61516827773863
110,163.5579376220703,229.08553031913374
111,167.64686584472656,229.89517006120911
112,167.64686584472656,229.62378559708498
113,171.73577880859375,230.04868377186165
114,163.5579376220703,229.70990207670854
115,171.73577880859375,230.45821569540726
116,167.64686584472656,230.48499999387326
117,171.73577880859375,230.5860660800851
118,171.73577880859375,230.6690577248876
119,171.73577880859375,231.55398118587362
120,175.82473754882812,231.67972850711635
121,171.73577880859375,232.1726290396651
122,179.91368103027344,232.58067294662925
123,184.00262451171875,233.08863220698225
124,188.09161376953125,233.45665838801602
125,196.26950073242188,234.9696637279199
126,200.3584442138672,237.32878505636566
127,192.1805419921875,240.17626350673146
128,188.09161376953125,243.71740568681474
129,188.09161376953125,245.41314938303074
130,184.00262451171875,244.91140011187767
131,179.91368103027344,242.74852833030357
132,179.91368103027344,241.05446113276935
133,184.00262451171875,239.27621187716744
134,184.00262451171875,238.13737326672347
135,179.91368103027344,237.86186203661345
136,184.00262451171875,238.21872809328642
137,184.00262451171875,238.6487152847716
138,188.09161376953125,239.36898475096535
139,188.09161376953125,239.41443869747326
140,184.00262451171875,239.7552143348455
141,184.00262451171875,239.7062585893159
142,184.00262451171875,240.1476935883677
143,179.91368103027344,239.68914639862928
144,179.91368103027344,238.91498097185558
145,179.91368103027344,238.52501150630073
146,179.91368103027344,238.00133879084768
147,179.91368103027344,237.19647062194346
148,179.91368103027344,236.53616822398203
149,188.09161376953125,235.98049323191734
150,192.1805419921875,236.32256840377073
151,188.09161376953125,237.33238605649274
152,192.1805419921875,240.1194411135413
153,192.1805419921875,242.27663859188482
154,192.1805419921875,243.49242749981065
155,192.1805419921875,243.00533023192952
156,192.1805419921875,243.74798938761876
157,196.26950073242188,244.0441443677687
158,196.26950073242188,244.33473416590402
159,200.3584442138672,245.31369035472687
160,212.6252899169922,246.8509404447978
161,208.53631591796875,248.49549637061205
162,224.89215087890625,251.10018011543855
163,220.8031768798828,260.9499620347182
164,224.89215087890625,268.48736122637536
165,220.8031768798828,272.7886517170351
166,220.8031768798828,276.0854764546107
167,220.8031768798828,277.76863649060294
168,220.8031768798828,271.9531502467742
169,224.89215087890625,271.0260762360911
170,249.4258270263672,270.77958628937455
171,249.4258270263672,272.58496704731147
172,249.4258270263672,269.75580608106327
173,249.4258270263672,281.1596923582263
174,257.6036682128906,299.0641030728185
175,249.4258270263672,301.0913595031873
176,253.5147399902344,282.37675104030166
177,249.4258270263672,283.25530083026376
178,265.7816467285156,294.9116018401652
179,265.7816467285156,297.37051948067324
180,282.1374206542969,290.2602529686926
181,278.04840087890625,294.6354408428146
182,273.9595642089844,309.4061853579591
183,273.9595642089844,320.34295098984694
184,294.4042358398437,314.01230844546626
185,314.8489990234375,312.5385396227875
186,339.3826904296875,305.70051070443765
187,335.2937316894531,313.5340351159131
188,335.2937316894531,340.27050314895325
189,331.204833984375,352.93086876746867
190,347.560546875,355.9095654800417
191,347.560546875,355.0635276123703
192,368.0052490234375,351.89816913976546
193,433.4284973144531,351.19192422985185
194,425.2505798339844,358.47794162028094
195,425.2505798339844,384.95622947633655
196,425.2505798339844,402.558989469538
197,425.2505798339844,428.8206072311692
198,408.8947143554688,429.74582618118075
199,404.8058471679688,424.4014063065957
200,396.6279602050781,423.707008488698
201,404.8058471679688,416.90712487541356
202,457.9621276855469,414.795564865623
203,433.4284973144531,412.84813308476595
204,433.4284973144531,425.51134763502796
205,449.7843017578125,431.43916921064533
206,449.7843017578125,446.05561880643205
207,441.6063537597656,441.68536370727753
208,449.7843017578125,440.7627140658966
209,449.7843017578125,441.2550888325866
210,449.7843017578125,441.69256570753174
211,433.4284973144531,442.14843446742356
212,425.2505798339844,439.6192824442712
213,449.7843017578125,438.10567197762424
214,433.4284973144531,433.8513829707171
215,433.4284973144531,431.3131441263074
216,417.0726318359375,431.5941114172161
217,417.0726318359375,433.54874023827205
218,408.8947143554688,431.7123095343356
219,392.53900146484375,426.4442844310419
220,380.2721252441406,419.8832324391349
221,347.560546875,414.5120977068575
222,343.4715576171875,404.79473438316074
223,374.60052490234375,391.4220781673627
224,358.1345520019531,376.22682236175274
225,358.1345520019531,366.87410990147754
226,329.31915283203125,363.8806347042231
227,321.0861511230469,368.28144374385
228,321.0861511230469,366.3119645173112
229,329.31915283203125,357.48045218493615
230,321.0861511230469,347.17339037003995
231,308.7366943359375,340.1332850798883
232,275.8048095703125,336.8364231418981
233,275.8048095703125,334.25693709785764
234,300.5036926269531,326.39363065451147
235,292.2707214355469,316.9318701390788
236,288.1542053222656,310.010900416493
237,308.7366943359375,309.80396691056654
238,304.6202392578125,316.30705321654335
239,296.38720703125,319.1199315613491
240,284.03778076171875,316.5113306128719
241,292.2707214355469,320.02764399627995
242,292.2707214355469,321.30751929834105
243,288.1542053222656,313.0832280924258
244,300.5036926269531,310.73656146276676
245,292.2707214355469,309.57057398979435
246,284.03778076171875,308.21783547579514
247,275.8048095703125,311.19887333445627
248,279.9212341308594,313.46566819407855
249,279.9212341308594,310.62824377574805
250,275.8048095703125,303.638040361669
251,284.03778076171875,302.43370918142034
252,300.5036926269531,301.7843213850838
253,300.5036926269531,302.2010478688007
254,312.8531494140625,303.22096419405545
255,345.7850952148437,308.9749184722138
256,341.6686096191406,314.492415755456
257,329.31915283203125,332.3980622988194
258,337.5520935058594,344.1130747079608
259,333.4356689453125,361.74673212546213
260,341.6686096191406,355.92188625733604
261,354.0180358886719,347.30498311642015
262,382.8335266113281,345.090176456119
263,386.9499816894531,351.1196487844634
264,386.9499816894531,363.2262372520624
265,407.5324096679688,376.2408617981987
266,399.2994689941406,390.8955782204049
267,391.06646728515625,403.8255247029464
268,386.9499816894531,405.3801151462464
269,403.41595458984375,411.4731264026254
270,399.2994689941406,401.5461114627134
271,403.41595458984375,399.40590713373
272,395.1829833984375,399.8274275108668
273,386.9499816894531,405.4002579307039
274,378.7170104980469,401.95440337244116
275,374.60052490234375,396.3256880098602
276,366.3675231933594,391.275449013427
277,358.1345520019531,384.01768781786575
278,354.0180358886719,376.94249137668214
279,354.0180358886719,370.43111681834665
280,358.1345520019531,364.57704630456095
281,349.90155029296875,360.1610768559968
282,341.6686096191406,357.91834570452414
283,354.0180358886719,356.9526923839394
284,349.90155029296875,355.67983184004606
285,358.1345520019531,352.953688741759
286,341.6686096191406,350.49504514430464
287,341.6686096191406,352.59765845439927
288,345.7850952148437,353.0678543339428
289,345.7850952148437,351.9679546374076
290,337.5520935058594,348.7888220913138
291,325.2026672363281,345.7245371450037
292,316.9696960449219,346.2720528461468
293,329.31915283203125,344.2288231777831
294,312.8531494140625,339.77166605025144
295,300.5036926269531,333.6014950890571
296,312.8531494140625,331.12426042943656
297,321.0861511230469,329.4396446172222
298,325.2026672363281,327.86804552438934
299,325.2026672363281,323.9299588010257
300,329.31915283203125,325.70713730469583
301,325.2026672363281,328.1516373045435
302,329.31915283203125,332.6313867088282
303,333.4356689453125,336.6328861888205
304,325.2026672363281,336.0581290891178
305,321.0861511230469,335.0683983427306
306,329.31915283203125,334.6966399526076
307,329.31915283203125,332.8116937080469
308,321.0861511230469,330.5521062737393
309,333.4356689453125,330.6971128695943
310,333.4356689453125,333.4206939443319
311,337.5520935058594,335.5381225132677
312,341.6686096191406,337.1873503073921
313,329.31915283203125,338.9933850176162
314,329.31915283203125,342.54288365081817
315,325.2026672363281,343.0434108883537
316,329.31915283203125,341.1249458302822
317,325.2026672363281,338.3887555200358
318,321.0861511230469,333.1899424079935
319,345.7850952148437,332.06754638077456
320,349.90155029296875,331.46309482517694
321,345.7850952148437,333.8941616003339
322,362.25103759765625,345.07066545870174
323,378.7170104980469,354.83614503857336
324,399.2994689941406,363.01110477477215
325,399.2994689941406,368.57817409041144
326,395.1829833984375,378.2947909257898
327,399.2994689941406,393.06029514254
328,399.2994689941406,400.73266735824484
329,395.1829833984375,402.79422009078826
330,395.1829833984375,399.16916369562193
331,391.06646728515625,396.540959368698
332,382.8335266113281,395.3057716846054
333,378.7170104980469,391.4574235212273
334,391.06646728515625,388.6178613190748
335,399.2994689941406,384.3120869384496
336,395.1829833984375,382.1040538536286
337,395.1829833984375,383.91546603877566
338,391.06646728515625,388.16434362538166
339,411.6488952636719,392.7928936027988
340,407.5324096679688,393.5987438626468
341,395.1829833984375,399.0368988617525
342,395.1829833984375,401.4304677740587
343,407.5324096679688,405.7391636272388
344,419.8818359375,401.9415221089011
345,436.347900390625,397.7651158898668
346,436.347900390625,400.81358569994387
347,444.5807800292969,411.55521035731323
348,452.8138427734375,421.6442306225025
349,452.8138427734375,428.90607890360747
350,436.347900390625,434.07668852136914
351,428.1148681640625,433.73200436044294
352,444.5807800292969,433.000822772652
353,436.347900390625,430.18088254915347
354,461.0467529296875,426.31222791949386
355,461.0467529296875,424.15276865594655
356,485.7456665039063,431.16125731378395
357,485.7456665039063,435.64790506993916
358,502.21173095703125,447.90155297626865
359,493.9787292480469,454.2739244656484
360,469.27978515625,466.67163221728293
361,444.5807800292969,469.9117387228291
362,444.5807800292969,470.0373174021926
363,436.347900390625,463.64399463934615
364,419.8818359375,446.66177724104995
365,428.1148681640625,435.36176940143764
366,436.347900390625,425.94853682676734
367,452.8138427734375,419.1154456434403
368,436.347900390625,418.2069519998042
369,428.1148681640625,421.4928894160589
370,436.347900390625,426.22125058570424
371,436.347900390625,426.79133949838786
372,444.5807800292969,423.133130093787
373,428.1148681640625,420.7015026773826
374,444.5807800292969,422.1476960727796
375,461.0467529296875,423.39269970625446
376,469.27978515625,425.73399459605446
377,461.0467529296875,427.6337850460289
378,452.8138427734375,434.57341821658747
379,452.8138427734375,441.2968921784147
380,452.8138427734375,442.23456086715765
381,452.8138427734375,438.9888494991547
382,444.5807800292969,434.6978064826858
383,444.5807800292969,433.70864250011425
384,436.347900390625,433.3072549873244
385,444.5807800292969,432.9671142370269
386,444.5807800292969,430.24204003065086
387,444.5807800292969,427.6843875299086
388,436.347900390625,426.0244256724211
389,436.347900390625,426.64885695065914
390,452.8138427734375,428.1355442372925
391,469.27978515625,426.9520651294051
392,493.9787292480469,428.887964781756
393,469.27978515625,433.37660648013036
394,461.0467529296875,446.0164542100084
395,461.0467529296875,453.746025783104
396,461.0467529296875,458.30960399651997
397,469.27978515625,452.55377729749665
398,461.0467529296875,443.64413913454047
399,452.8138427734375,442.56901739411404
400,444.5807800292969,442.04781478618617
401,452.8138427734375,441.797312154755
402,461.0467529296875,439.1208663302606
403,477.5128479003906,435.21114244295313
404,469.27978515625,435.1497071983605
405,493.9787292480469,440.6574120924829
406,493.9787292480469,445.8161770982563
407,535.1436767578125,458.1137909345122
408,535.1436767578125,460.6807286587227
409,510.4446411132813,475.7185647101539
410,535.1436767578125,484.4792325730863
411,535.1436767578125,492.069406752832
412,518.6775512695312,495.49399755414584
413,518.6775512695312,489.6942743659699
414,526.91064453125,489.1732503200318
415,535.1436767578125,492.93758506722145
416,526.91064453125,490.8651549334677
417,535.1436767578125,493.1384276252745
418,559.8424682617188,494.0957182926715
419,551.609619140625,493.70482625683616
420,551.609619140625,500.6334183443604
421,526.91064453125,502.4599785383066
422,518.6775512695312,513.5923464298533
423,510.4446411132813,510.16742826489144
424,493.9787292480469,501.7750544259775
425,510.4446411132813,492.22016267275353
426,543.3765869140625,483.48925514145014
427,543.3765869140625,481.71461680608587
428,493.9787292480469,483.2786710348439
429,502.21173095703125,491.9277376541678
430,518.6775512695312,497.61732777509565
431,518.6775512695312,491.21196199805
432,493.9787292480469,481.34104528325855
433,493.9787292480469,482.1042787482139
434,502.21173095703125,481.52431932554
435,493.9787292480469,482.01562272029133
436,510.4446411132813,477.4115902960811
437,518.6775512695312,471.6777961625737
438,502.21173095703125,472.28196065497247
439,502.21173095703125,473.9480729809966
440,477.5128479003906,476.0234692278027
441,477.5128479003906,477.97270150872333
442,485.7456665039063,472.32064908609004
443,485.7456665039063,466.4235203324926
444,477.5128479003906,463.04835152190384
445,502.21173095703125,460.1552802434825
446,510.4446411132813,461.46393130620106
447,502.21173095703125,463.2140570484137
448,477.5128479003906,468.02580666728323
449,469.27978515625,474.63701473809556
450,469.27978515625,475.8829508619615
451,477.5128479003906,469.2420915807362
452,493.9787292480469,460.8230326444617
453,493.9787292480469,455.0194505332845
454,510.4446411132813,456.4176305936534
455,510.4446411132813,461.1190586631746
456,485.7456665039063,468.00327809624014
457,469.27978515625,475.090830035105
458,469.27978515625,474.86064379006586
459,493.9787292480469,473.9119736987307
460,518.6775512695312,466.8549856204487
461,518.6775512695312,462.96407026273073
462,543.3765869140625,469.3434552702643
463,526.91064453125,474.67322314157747
464,543.3765869140625,494.248537595586
465,543.3765869140625,499.9089427512965
466,535.1436767578125,505.0132959507416
467,518.6775512695312,502.9610631620533
468,510.4446411132813,497.22753687153056
469,526.91064453125,495.83117219139103
470,518.6775512695312,491.39250800993216
471,518.6775512695312,489.5786951580337
472,526.91064453125,488.11893105141394
473,502.21173095703125,486.3439355920701
474,502.21173095703125,487.6994690972149
475,510.4446411132813,484.450087288311
476,535.1436767578125,481.25366894959603
477,502.21173095703125,479.71678590361523
478,485.7456665039063,485.71802621736117
479,477.5128479003906,484.0278576232704
480,469.27978515625,486.6512606166915
481,452.8138427734375,479.67394094618015
482,436.347900390625,465.9597849249402
483,419.8818359375,454.49815864436175
484,411.6488952636719,445.41814258283
485,452.8138427734375,435.88538259622743
486,444.5807800292969,425.2450025870596
487,419.8818359375,419.57436979737935
488,432.6747741699219,419.4098447640241
489,432.6747741699219,421.9993209793883
490,432.6747741699219,427.1345455628432
491,424.3540649414063,425.8678962481635
492,440.9954833984375,422.8454369679302
493,432.6747741699219,419.14362867749287
494,432.6747741699219,417.78388904547796
495,424.3540649414063,418.5365675128156
496,440.9954833984375,421.63576876820935
497,440.9954833984375,424.22126701924583
498,432.6747741699219,423.21874064777285
499,432.6747741699219,423.4332729583752
500,424.3540649414063,422.42823679893485
501,424.3540649414063,420.96286782985834
502,411.8730773925781,418.2403530120024
503,416.0333557128906,416.31270193156803
504,416.0333557128906,414.46357348613657
505,424.3540649414063,412.3403424662922
506,416.0333557128906,411.94071577312377
507,416.0333557128906,410.5936937228249
508,407.7127380371094,410.6034650317098
509,411.8730773925781,409.36292544797925
510,411.8730773925781,406.54845616544515
511,411.8730773925781,404.84697368528003
512,416.0333557128906,404.2959809853917
513,416.0333557128906,403.0407050774495
514,407.7127380371094,404.24136581679727
515,407.7127380371094,405.1265323204916
516,411.8730773925781,404.3003656742516
517,407.7127380371094,404.0737357888421
518,399.3921203613281,402.1285608331336
519,403.5523986816406,400.64425437303055
520,399.3921203613281,399.0372212653451
521,395.2317199707031,398.0443124410436
522,407.7127380371094,396.24090082504944
523,399.3921203613281,394.259626587075
524,395.2317199707031,393.84685078738187
525,374.4300842285156,392.655470311447
526,370.2697448730469,391.8965868149648
527,341.1473693847656,389.3477830528268
528,357.78875732421875,385.10224358341856
529,324.506103515625,376.75498640725414
530,332.8267517089844,365.48316904177733
531,328.6663818359375,353.395789628231
532,316.1854248046875,345.0570916474444
533,328.6663818359375,342.2110509931004
534,320.34576416015625,337.34484353238963
535,328.6663818359375,330.7827513238911
536,316.1854248046875,326.3882564346248
537,328.6663818359375,325.93162258620737
538,324.506103515625,326.85252132807744
539,303.7043762207031,327.6242538477405
540,312.0251159667969,327.0625387483689
541,320.34576416015625,326.3832201185035
542,332.8267517089844,325.5422427472229
543,328.6663818359375,324.85947997897836
544,328.6663818359375,327.2662258981202
545,324.506103515625,331.995216994785
546,332.8267517089844,335.3560937936133
547,341.1473693847656,334.8630994075187
548,332.8267517089844,333.0208347485726
549,345.3077697753906,336.668183337148
550,341.1473693847656,341.01510292626745
551,341.1473693847656,343.55408081891255
552,336.98712158203125,344.8293885300755
553,332.8267517089844,345.11352467629575
554,324.506103515625,343.065189251037
555,332.8267517089844,339.9665354617438
556,332.8267517089844,336.5072059833257
557,332.8267517089844,335.30922851762847
558,341.1473693847656,333.37518853725055
559,341.1473693847656,332.48656146499405
560,332.8267517089844,332.51870510318093
561,332.8267517089844,334.4624152150662
562,341.1473693847656,337.1792751824084
563,382.750732421875,338.2625453636355
564,374.4300842285156,337.25878564341895
565,361.9490661621094,339.8766152397339
566,361.9490661621094,349.6925305216268
567,382.750732421875,360.4890753909897
568,382.750732421875,369.0406868443394
569,382.750732421875,371.3856496950127
570,366.109375,370.96833048469085
571,378.5904541015625,373.2541496363069
572,391.0713806152344,374.18557857551843
573,391.0713806152344,375.3594723765936
574,374.4300842285156,375.78230220832205
575,370.2697448730469,378.74353208625655
576,370.2697448730469,380.70546706872744
577,361.9490661621094,380.15319963463423
578,370.2697448730469,377.27423475340504
579,353.62841796875,370.3928251916508
580,349.4680480957031,365.1699589115764
581,345.3077697753906,362.7385869380185
582,332.8267517089844,361.39227417562347
583,328.6663818359375,359.5487679528423
584,324.506103515625,355.41092988358525
585,320.34576416015625,349.3422563784096
586,312.0251159667969,342.88058963398424
587,320.34576416015625,335.51769254936005
588,320.34576416015625,329.89081744478574
589,336.98712158203125,328.9897843442848
590,332.8267517089844,328.7346366210919
591,332.8267517089844,329.3950865806977
592,324.506103515625,333.8881613284709
593,328.6663818359375,335.59789656559917
594,341.1473693847656,335.21368684797704
595,341.1473693847656,334.1800846064657
596,345.3077697753906,333.61312300863074
597,328.6663818359375,332.7811837880651
598,336.98712158203125,336.3312486425766
599,324.506103515625,338.7987629888805
600,316.1854248046875,341.6960093938266
601,312.0251159667969,343.6334975038782
602,316.1854248046875,338.6253011759399
603,316.1854248046875,334.81872241301164
604,336.98712158203125,329.8366214008618
605,320.34576416015625,325.15366829721313
606,316.1854248046875,327.24509110260834
607,316.1854248046875,330.11079527606927
608,320.34576416015625,328.81296581393923
609,316.1854248046875,326.50645021169595
610,328.6663818359375,324.81757991207246
611,332.8267517089844,324.6950070262035
612,320.34576416015625,326.0476928396154
613,324.506103515625,327.52959801296015
614,316.1854248046875,329.05609036315406
615,316.1854248046875,328.6067099755643
616,316.1854248046875,327.24644085764913
617,316.1854248046875,326.1200036253977
618,312.0251159667969,325.5207415276279
619,312.0251159667969,324.90635002126623
620,316.1854248046875,324.7219698866593
621,316.1854248046875,323.5738702330165
622,324.506103515625,322.8605299640371
623,316.1854248046875,322.267874039882
624,328.6663818359375,323.5352413225622
625,328.6663818359375,325.16987031775744
626,327.0022888183594,326.58871148835976
627,328.6663818359375,329.4280083275553
628,336.155029296875,331.3991597127275
629,345.3077697753906,332.7682795842694
630,349.4680480957031,332.49579553789226
631,349.4680480957031,333.9589989778376
632,334.4908752441406,337.4559731057421
633,345.3077697753906,343.1708756287342
634,341.1473693847656,345.5657744558601
635,348.6360168457031,344.901234930683
636,332.8267517089844,342.9257738774868
637,341.9794921875,341.1702726753737
638,340.3153686523437,343.9342467352233
639,334.4908752441406,344.47552516686255
640,334.4908752441406,343.71534833596826
641,336.98712158203125,343.0303857832108
642,347.803955078125,344.1529498323021
643,336.98712158203125,344.72032683476607
644,336.98712158203125,346.0847921594409
645,335.32293701171875,346.13705006176747
646,334.4908752441406,346.2030535172651
647,341.1473693847656,343.19485935599255
648,344.4756774902344,340.1985618872887
649,348.6360168457031,337.7729100974727
650,348.6360168457031,339.5761834519261
651,339.4832763671875,343.1661524161019
652,344.4756774902344,345.8199847286067
653,349.4680480957031,346.4431970732618
654,352.7963256835937,345.9093773247371
655,349.4680480957031,346.22064931334074
656,345.3077697753906,347.2856661811653
657,334.4908752441406,348.37281233558366
658,337.8191833496094,349.3516693233011
659,341.1473693847656,347.5670501167168
660,347.803955078125,345.1739511696475
661,352.7963256835937,343.3126209882482
662,350.3002014160156,341.61974358397225
663,344.4756774902344,344.36369328068395
664,366.109375,348.2167689967427
665,377.75830078125,350.04597166013474
666,374.4300842285156,353.12024367773404
667,382.750732421875,356.399187416056
668,332.8267517089844,361.5290849001493
669,376.92626953125,368.95577069809156
670,359.4528503417969,370.25690231701856
671,366.109375,370.9406062557509
672,374.4300842285156,367.6734872891962
673,374.4300842285156,364.71861620211973
674,370.2697448730469,364.0151563632411
675,374.4300842285156,365.1008207011471
676,407.7127380371094,366.06984933934405
677,386.0790100097656,368.95209281710777
678,386.91107177734375,372.8317612494977
679,379.4224548339844,376.6921871474618
680,382.750732421875,382.3900804009142
681,381.918701171875,384.6977113955866
682,375.26214599609375,382.3779877861623
683,375.26214599609375,379.0352626971043
684,370.2697448730469,378.49064862829505
685,370.2697448730469,377.1886341195297
686,378.5904541015625,372.9106459685354
687,368.6056518554688,369.207748945966
688,367.7735900878906,366.3728045552712
689,361.9490661621094,367.0189261552115
690,369.4377136230469,368.00444449715854
691,366.109375,368.1930853192437
692,366.9414367675781,367.42923680743473
693,361.9490661621094,367.40166138015286
694,373.5980224609375,368.55745097948716
695,357.78875732421875,368.45989165235227
696,357.78875732421875,368.1989555446575
697,366.9414367675781,367.1395174989995
698,366.9414367675781,365.70907723914485
699,371.9338684082031,364.0039243180788
700,372.7659606933594,362.42607865563843
701,374.4300842285156,362.96068829296513
702,366.109375,365.3729417334791
703,377.75830078125,367.1999359322615
704,374.4300842285156,367.76761921813846
705,378.5904541015625,368.781464435741
706,386.91107177734375,369.6549673694644
707,366.9414367675781,371.95535172338515
708,373.5980224609375,374.57270096934747
709,366.9414367675781,374.708594083648
710,366.9414367675781,374.0174376618703
711,366.109375,371.83126602065835
712,366.9414367675781,369.8577517891562
713,363.6131896972656,368.7120509422441
714,366.109375,367.7419038115834
715,339.4832763671875,366.3451944076025
716,343.64361572265625,365.2832614541429
717,346.1398010253906,364.1130703343279
718,349.4680480957031,361.84003324514646
719,347.803955078125,355.90791874169156
720,346.1398010253906,349.92695885393687
721,349.4680480957031,348.7116833117317
722,349.4680480957031,349.41162647142284
723,349.4680480957031,349.26281365315384
724,345.3077697753906,349.24990138926836
725,348.6360168457031,349.8261730108479
726,351.9642639160156,349.96916396424194
727,351.9642639160156,349.9031617487581
728,353.62841796875,350.0967626261148
729,342.8115539550781,351.02619390306563
730,342.8115539550781,353.0097175261057
731,347.803955078125,352.9243834952012
732,347.38134765625,351.1427279216416
733,342.31011962890625,348.8553302324354
734,340.6196594238281,348.01570571623006
735,341.46490478515625,349.1663145378333
736,342.31011962890625,348.43465802475004
737,343.15533447265625,346.43243251330887
738,344.0005187988281,345.07256081982234
739,340.6196594238281,344.7875287636187
740,339.7744445800781,344.69966448451885
741,344.845703125,344.4283234208783
742,339.7744445800781,344.0240336557478
743,339.7744445800781,343.7234443861851
744,346.5361022949219,343.63682570096535
745,336.3936462402344,343.94643235101154
746,334.7032165527344,344.50058584612174
747,338.08404541015625,344.2283736727741
748,338.08404541015625,343.1371224526117
749,338.08404541015625,341.98609760637265
750,333.85797119140625,339.7706145185339
751,338.08404541015625,341.4994703037285
752,338.08404541015625,343.34023795599296
753,338.92926025390625,343.1673155490631
754,338.92926025390625,342.5412313324058
755,340.6196594238281,342.7610727621694
756,340.6196594238281,343.03898589904463
757,345.6909484863281,342.92099176419816
758,338.08404541015625,342.3266140808569
759,343.15533447265625,342.5653601412809
760,342.31011962890625,343.1024349260775
761,343.15533447265625,343.74248541836545
762,340.6196594238281,343.5859547540941
763,344.0005187988281,343.76725345436364
764,349.07177734375,344.12576066932456
765,349.07177734375,344.7589365250062
766,355.83349609375,346.0788264529631
767,346.5361022949219,348.27581845474975
768,342.31011962890625,351.28439702030585
769,349.9169616699219,352.3909022704488
770,344.0005187988281,351.9402638888407
771,355.83349609375,349.73729254042433
772,366.8211975097656,347.44146895732564
773,359.2142944335937,349.17061366573984
774,371.0472412109375,352.766421854984
775,372.7376098632813,356.9380453407227
776,370.2019958496094,362.0277341367577
777,380.3445434570313,364.3605770923751
778,380.3445434570313,366.0142669599718
779,365.1307373046875,369.1189317162471
780,409.9268798828125,371.2418080921396
781,409.0816345214844,372.28863767729746
782,406.5460205078125,377.1700239921511
783,406.5460205078125,381.4629815899547
784,403.1651916503906,390.4322247371084
785,393.0226745605469,396.51221584839976
786,392.1774597167969,396.01382453466545
787,388.796630859375,395.4161725948382
788,388.796630859375,394.5786226217501
789,380.3445434570313,391.2934540140625
790,380.3445434570313,388.44371873854817
791,380.3445434570313,384.35962410817154
792,380.3445434570313,381.0370170032947
793,380.3445434570313,378.37309035830555
794,380.3445434570313,377.2343410288564
795,376.1184692382813,376.7872416466846
796,376.1184692382813,376.90653097596385
797,371.8923950195313,376.7351511462235
798,371.8923950195313,376.41868225970916
799,371.8923950195313,374.42048679317605
800,363.4403381347656,372.752229243247
801,371.0472412109375,371.0375356558663
802,371.8923950195313,368.86985262067884
803,367.6663818359375,367.4733292187706
804,365.9759521484375,365.99621731883883
805,365.9759521484375,366.3335407577421
806,365.9759521484375,367.21125725841864
807,363.4403381347656,366.348738367094
808,363.4403381347656,365.5784442634597
809,363.4403381347656,364.7358201538289
810,371.8923950195313,363.4766307622776
811,376.1184692382813,362.7827140697413
812,364.2855529785156,363.8578482103059
813,363.4403381347656,365.74563036646805
814,364.2855529785156,367.90185567397833
815,364.2855529785156,368.2661419733374
816,364.2855529785156,365.6792449867145
817,364.2855529785156,364.04190594132024
818,368.5115966796875,364.0091199759757
819,367.6663818359375,363.82151580544223
820,371.8923950195313,364.7084530488685
821,371.8923950195313,365.2221312529495
822,367.6663818359375,366.40407026367507
823,371.8923950195313,367.15035025971247
824,376.1184692382813,367.3694011806671
825,372.7376098632813,367.955699553978
826,371.8923950195313,368.43849893396634
827,371.8923950195313,369.32227662218463
828,371.8923950195313,370.10818993986885
829,367.6663818359375,369.87140930134626
830,367.6663818359375,369.21193523261513
831,367.6663818359375,368.5050281553228
832,367.6663818359375,367.71577920046855
833,363.4403381347656,366.38530141452776
834,363.4403381347656,365.7011808311526
835,363.4403381347656,365.18134967850733
836,371.8923950195313,364.5710743980141
837,376.1184692382813,363.7153334222179
838,387.1062316894531,364.855471567143
839,391.3322448730469,367.14841335812895
840,397.2486877441406,371.4850293624322
841,397.2486877441406,376.36590479159287
842,401.4747619628906,381.7046305227263
843,401.4747619628906,386.4817837560773
844,401.4747619628906,390.6711853199228
845,400.6295776367188,392.9201388607336
846,399.7843933105469,393.7768743276117
847,399.7843933105469,393.8170805356424
848,399.7843933105469,393.0588616865665
849,397.2486877441406,392.40299853807306
850,397.2486877441406,391.81628848017465
851,397.2486877441406,389.2922105935651
852,380.3445434570313,387.42892119033354
853,380.3445434570313,385.1723440445705
854,380.3445434570313,382.79374457907363
855,380.3445434570313,379.49226234959804
856,380.3445434570313,372.56596676766446
857,393.0226745605469,373.1173835522786
858,380.3445434570313,376.1859961468131
859,380.3445434570313,377.2577376095721
860,376.1184692382813,377.46539032351285
861,376.1184692382813,377.3253332428119
862,384.5706176757813,376.0877399319126
863,363.4403381347656,374.39442170272434
864,380.3445434570313,375.38695604285294
865,380.3445434570313,374.7266486848362
866,380.3445434570313,376.17555523046667
867,380.3445434570313,375.4231644463348
868,364.2855529785156,375.7521078718569
869,365.1307373046875,375.6475251064576
870,369.3567810058594,373.22414130191447
871,369.3567810058594,369.2532648931648
872,365.1307373046875,366.01081724153045
873,364.2855529785156,365.9782792789495
874,364.2855529785156,366.3914047625393
875,365.9759521484375,365.6027088538478
876,386.2610168457031,365.0584345488246
877,376.1184692382813,364.5853395169749
878,372.7376098632813,368.2493497062158
879,367.6663818359375,370.93998624884193
880,376.1184692382813,374.98169968695134
881,376.1184692382813,374.86739769324754
882,384.5706176757813,372.7162415622247
883,376.9637451171875,369.5200935465221
884,376.1184692382813,371.1442983655574
885,376.1184692382813,374.38308301637375
886,380.3445434570313,376.37365487795455
887,380.3445434570313,376.68182063194445
888,376.1184692382813,375.0779991600473
889,376.1184692382813,374.04407315867815
890,374.4281005859375,374.3398635747657
891,364.2855529785156,374.0497598620469
892,364.2855529785156,372.7285871397955
893,360.0595092773437,370.6078535077803
894,373.5828857421875,368.9230343332997
895,372.7376098632813,366.95760251186243
896,365.9759521484375,366.7538360012269
897,365.9759521484375,367.28551176586046
898,365.9759521484375,368.9600561858461
899,368.5115966796875,369.32512865396575
900,368.5115966796875,367.3907492585556
901,368.5115966796875,365.84203152069705
902,371.0472412109375,366.20206705268845
903,366.8211975097656,367.6603605029202
904,369.3567810058594,367.59087508862194
905,368.5115966796875,367.57284032765483
906,366.8211975097656,367.84485471879844
907,366.8211975097656,368.3443149244437
908,366.8211975097656,367.932012810029
909,366.8211975097656,366.5832795406615
910,366.8211975097656,365.8202965584974
911,365.9759521484375,365.6691810345686
912,366.8211975097656,365.3258608888421
913,366.8211975097656,364.82544587255705
914,366.8211975097656,364.15455871664625
915,366.8211975097656,363.6251323370783
916,363.4403381347656,363.6199168389603
917,363.4403381347656,364.15645345775994
918,365.1307373046875,364.0485077748866
919,365.1307373046875,363.2052785385127
920,365.9759521484375,363.0630687938239
921,365.9759521484375,363.33981011764126
922,366.8211975097656,363.81304155101094
923,366.8211975097656,363.9536045573496
924,367.6663818359375,363.15217618677616
925,367.6663818359375,363.0514796246821
926,367.6663818359375,362.6133901829109
927,371.8923950195313,364.045536701779
928,371.8923950195313,365.001485674225
929,371.8923950195313,365.56387162107205
930,371.8923950195313,365.7563118454952
931,371.8923950195313,365.00862567378834
932,371.0472412109375,366.3097523326601
933,371.0472412109375,366.34686346620134
934,347.38134765625,366.7290927655051
935,347.38134765625,367.5817287467013
936,351.6073913574219,364.883542999952
937,359.2142944335937,362.03306619617456
938,359.2142944335937,358.47422901891025
939,354.9882202148437,354.678715364284
940,354.9882202148437,355.3618612967983
941,353.2978210449219,357.8825217053258
942,354.9882202148437,357.9984952376561
943,354.9882202148437,357.2359933808533
944,354.9882202148437,355.7064437765914
945,334.7032165527344,354.3697944418791
946,338.08404541015625,353.50352450875533
947,338.92926025390625,350.98051055400146
948,346.5361022949219,347.3617521890161
949,345.6909484863281,344.3107905711721
950,345.6909484863281,343.53716331039533
951,350.76220703125,345.3695968297899
952,350.76220703125,347.3148610664933
953,350.76220703125,347.32303895762215
954,350.76220703125,347.20097075737704
955,349.9169616699219,348.33382630114977
956,350.76220703125,350.3707374791045
957,350.76220703125,351.37958544102094
958,346.5361022949219,350.7992304539391
959,346.5361022949219,351.0405656632148
960,350.76220703125,351.52541602605794
961,348.2265625,352.0758159993414
962,350.76220703125,351.42757893582785
963,353.74560546875,349.6420346789354
964,349.48358154296875,348.84190956288455
965,353.74560546875,350.4034651637996
966,352.8931884765625,351.6570149725072
967,352.8931884765625,352.5513724586196
968,352.8931884765625,352.9587207178319
969,352.8931884765625,352.8378962514461
970,352.8931884765625,352.2323801439859
971,349.48358154296875,351.62528673894934
972,334.1404113769531,350.20432638473227
973,344.36920166015625,349.5104778929559
974,345.2216186523437,347.3505697444065
975,352.8931884765625,344.29775678593245
976,349.48358154296875,342.4894979559242
977,349.48358154296875,341.0643984355831
978,348.6311950683594,343.28122383837973
979,348.6311950683594,345.2244234520764
980,348.6311950683594,346.5669219319676
981,340.9596252441406,347.973588646906
982,334.9927978515625,348.2232865093694
983,334.9927978515625,348.3096522317704
984,334.9927978515625,347.2712249802424
985,334.9927978515625,343.9504413156847
986,334.9927978515625,340.4878595910258
987,332.43560791015625,337.4464169392547
988,332.43560791015625,336.83534820491974
989,325.6164245605469,336.44068606207287
990,311.1256103515625,335.7892588305103
991,307.716064453125,334.64362641686074
992,306.8636474609375,332.4076153652723
993,303.4540405273437,328.5390889220412
994,302.60162353515625,325.0122534013816
995,302.60162353515625,323.2819573401375
996,302.60162353515625,321.432951656074
997,302.60162353515625,318.3870263543513
998,290.6680603027344,316.011881567351
999,289.81561279296875,315.8572468842071
1000,292.37286376953125,314.5052275782223
1001,296.63482666015625,311.42891573789257
1002,297.4872436523437,308.38879866089275
1003,297.4872436523437,307.9314170841431
1004,297.4872436523437,309.7000066321038
1005,285.5537109375,311.1465125109828
1006,301.3707580566406,310.6572724992244
1007,300.5072021484375,309.15044986821647
1008,299.6436767578125,308.92085634978224
1009,302.2342834472656,309.4045286994984
1010,290.1448974609375,311.4451251985198
1011,300.5072021484375,312.9795455770583
1012,300.5072021484375,312.8781595672815
1013,300.5072021484375,311.7886090260703
1014,272.0108642578125,310.7576268175048
1015,272.0108642578125,311.81685158078614
1016,261.6485290527344,310.00894367468834
1017,276.3284606933594,305.7109491407565
1018,272.0108642578125,298.21086444490675
1019,263.3755798339844,293.3786421979041
1020,252.14974975585935,290.5716749989682
1021,251.2862243652344,289.17080162858684
1022,250.4226531982422,286.81388256468165
1023,250.4226531982422,283.73284007163676
1024,249.5591735839844,281.0503975403191
1025,240.92388916015625,279.84719725267234
1026,228.8345184326172,278.70764439426927
1027,220.1992645263672,277.34159061189376
1028,220.1992645263672,274.6707397297456
1029,220.1992645263672,270.64734625578143
1030,220.1992645263672,265.61147157941446
1031,224.51690673828125,261.75188889084643
1032,206.38282775878903,259.83803172412206
1033,203.792236328125,259.948655836842
1034,207.24636840820312,258.95938769310976
1035,207.24636840820312,257.37788398990665
1036,208.9734039306641,254.71919516328418
1037,208.10987854003903,253.00795625440009
1038,206.38282775878903,253.0975249324926
1039,205.5193023681641,253.24599426693402
1040,205.5193023681641,253.395058808008
1041,205.5193023681641,252.77824617466695
1042,189.11231994628903,252.05856695505054
1043,188.248779296875,251.3210315364568
1044,185.6581878662109,249.1981675607025
1045,183.0675811767578,248.36865783720955
1046,176.15939331054688,247.9496422879849
1047,174.4323272705078,249.91330832974552
1048,170.11471557617188,249.14085908209574
1049,168.38766479492188,243.20889090027137
1050,179.61351013183594,240.35578774722768
1051,183.0675811767578,237.54289080221469
1052,180.47705078125,243.72149277235846
1053,176.15939331054688,258.96519591783266
1054,173.5688018798828,272.81228638040375
1055,177.02293395996094,268.28910285711873
1056,184.79466247558597,254.931525209346
1057,181.34056091308597,246.11079107707593
1058,182.2040863037109,242.85394934504376
1059,184.79466247558597,242.8058764893525
1060,189.97581481933597,243.0604463661063
1061,208.9734039306641,242.60216701935252
1062,198.61106872558597,241.72332458612937
1063,194.29345703125,244.08256495590163
1064,195.15696716308597,248.3540554344903
1065,181.34056091308597,251.76189612915238
1066,182.2040863037109,250.20946330989545
1067,183.0675811767578,246.5722051787613
1068,181.34056091308597,243.93250344371808
1069,178.74996948242188,241.47558966553967
1070,178.74996948242188,240.43004969475237
1071,177.02293395996094,240.38803802660289
1072,177.88644409179688,238.97854904021494
1073,177.02293395996094,236.95729675675238
1074,177.02293395996094,235.4236972673613
1075,173.5688018798828,235.71703493611705
1076,174.4323272705078,237.32419204518425
1077,174.4323272705078,236.87501935990895
1078,179.61351013183594,235.92020872014768
1079,181.34056091308597,234.21029910607632
1080,181.34056091308597,234.8065076698196
1081,179.61351013183594,235.15109262964035
1082,177.88644409179688,236.07542868981358
1083,185.6581878662109,236.28553663111379
1084,186.52171325683597,236.20763400301982
1085,178.74996948242188,236.37261536146002
1086,185.6581878662109,238.96800396270777
1087,179.61351013183594,241.38755860458133
1088,176.15939331054688,240.983165298297
1089,172.7052764892578,238.56612044439083
1090,177.88644409179688,237.08423449126025
1091,183.9311370849609,235.6296387622334
1092,183.9311370849609,234.13255519975104
1093,183.0675811767578,234.0388200752305
1094,178.74996948242188,235.55954326113675
1095,177.02293395996094,237.089254067195
1096,175.29586791992188,237.54500378576031
1097,177.02293395996094,236.72484872650938
1098,191.702880859375,236.01853685584965
1099,192.56640625,235.78003755817548
1100,189.97581481933597,235.8993169673442
1101,194.29345703125,238.383332487526
1102,189.11231994628903,241.49685838254382
1103,189.97581481933597,243.34370520255038
1104,185.6581878662109,243.37312825042085
1105,185.6581878662109,243.033255343108
1106,178.74996948242188,242.24169004244192
1107,179.61351013183594,241.51838502242208
1108,179.61351013183594,240.55300946493253
1109,178.74996948242188,239.211016910679
1110,179.61351013183594,237.22686584064712
1111,179.61351013183594,236.01135469581652
1112,181.34056091308597,235.76675453015844
1113,179.61351013183594,235.9479354291153
1114,177.88644409179688,236.06490345252752
1115,176.15939331054688,236.09218375652068
1116,175.29586791992188,236.4873215996684
1117,177.88644409179688,236.01332879781458
1118,172.7052764892578,234.94984334705504
1119,175.29586791992188,234.38834525010162
1120,172.7052764892578,234.62872936877898
1121,172.7052764892578,234.17663025089348
1122,172.7052764892578,233.25604399250548
1123,170.9782257080078,232.84574822044806
1124,175.29586791992188,232.8088454092282
1125,177.02293395996094,232.83590747078944
1126,175.29586791992188,232.93484073323452
1127,170.9782257080078,232.3557046797357
1128,171.8417510986328,232.46212762564073
1129,167.52413940429688,232.38583205545473
1130,167.52413940429688,231.8526161936593
1131,168.38766479492188,231.59417747379376
1132,168.38766479492188,230.21385361240215
1133,170.11471557617188,229.9524785398159
1134,169.25119018554688,229.71496133308545
1135,168.38766479492188,229.92248012553392
1136,170.11471557617188,230.36265527054678
1137,170.11471557617188,230.45678719948904
1138,168.38766479492188,230.37880521051073
1139,168.38766479492188,230.18012523655605
1140,170.11471557617188,230.454922218707
1141,170.11471557617188,230.80126303809385
1142,172.7052764892578,230.54069149446153
1143,168.38766479492188,229.98807189644407
1144,166.66062927246094,230.44925783558693
1145,170.9782257080078,229.8168210281407
1146,171.8417510986328,230.32706191391858
1147,171.8417510986328,230.5182224440817
1148,171.8417510986328,230.48481151177296
1149,171.8417510986328,231.12391463350406
1150,170.11471557617188,232.01608969529698
1151,168.38766479492188,232.86674909446754
1152,172.7052764892578,232.83309015939523
1153,172.7052764892578,231.95539845899506
1154,172.7052764892578,231.20886054008355
1155,185.6581878662109,230.93718839275365
1156,203.792236328125,231.467041337075
1157,202.0652008056641,232.81636485301976
1158,234.87921142578125,236.44161965039694
1159,248.69561767578125,242.98390279315672
1160,246.10508728027344,251.06024175039255
1161,250.4226531982422,260.0469790124887
1162,252.14974975585935,271.1185316663516
1163,250.4226531982422,278.03481785674734
1164,250.4226531982422,279.94152758382546
1165,246.10508728027344,279.05027509231303
1166,241.78738403320312,279.3288466765256
1167,254.7402801513672,278.6571361514397
1168,242.65090942382807,277.40818927402404
1169,237.46978759765625,276.9753649309235
1170,241.78738403320312,276.3327600101707
1171,243.51446533203125,276.12094084980185
1172,255.6038055419922,275.4916834377847
1173,255.6038055419922,275.20228901296974
1174,262.5120544433594,276.54851745442517
1175,262.5120544433594,278.3660156273903
1176,262.5120544433594,281.1245751669042
1177,262.5120544433594,284.36503879642993
1178,262.5120544433594,285.8518451243898
1179,262.5120544433594,286.91449232580845
1180,235.74273681640625,286.7002278581908
1181,238.33331298828125,286.7002278581908
1182,246.9685821533203,283.47632089316124
1183,255.6038055419922,280.78228671267414
1184,250.4226531982422,277.6222057388781
1185,256.46734619140625,277.8572131576412
1186,265.9661560058594,281.38220043770525
1187,259.05792236328125,283.4518231801754
1188,260.7850036621094,284.2285678356902
1189,264.2391052246094,287.2097148155674
1190,269.4202575683594,288.92671234862166
1191,265.9661560058594,288.4307365818046
1192,271.1473388671875,289.1649537234217
1193,271.1473388671875,291.25376691973725
1194,274.6014404296875,291.7187671413839
1195,281.5096130371094,292.37904969912427
1196,265.9661560058594,292.83951147019746
1197,265.9661560058594,293.7158713957573
1198,279.78253173828125,294.68689149614573
1199,276.3284606933594,294.75780292633453
1200,274.6014404296875,294.33350739827335
1201,281.5096130371094,295.29755366095014
1202,272.8743591308594,296.2806415758141
1203,276.3284606933594,296.494224035832
1204,276.3284606933594,296.477570650258
1205,276.3284606933594,297.32894429738764
1206,288.4178466796875,298.0963466887987
1207,291.2078552246094,298.87708170877943
1208,280.7452697753906,299.1183784776268
1209,279.00152587890625,300.29982148282517
1210,272.0265197753906,302.42357578850067
1211,270.2827453613281,302.41210814071303
1212,287.7203369140625,299.7565193486352
1213,272.0265197753906,296.7233934695405
1214,270.2827453613281,294.9642825872037
1215,270.2827453613281,294.9355737872923
1216,285.9765930175781,295.25282140248424
1217,285.9765930175781,294.40787102693116
1218,272.0265197753906,294.16191676618394
1219,272.0265197753906,297.71289969592584
1220,284.2328186035156,299.1029849460917
1221,279.00152587890625,297.6283704339892
1222,291.2078552246094,295.21182406563776
1223,291.2078552246094,296.6036354150381
1224,284.2328186035156,300.09074275299383
1225,279.00152587890625,302.6973187589064
1226,287.7203369140625,304.0936511986867
1227,294.69537353515625,303.76409024628333
1228,285.9765930175781,302.59035764700445
1229,285.9765930175781,301.94776016633455
1230,279.00152587890625,303.9998962339451
1231,279.00152587890625,305.3492420701386
1232,279.00152587890625,304.1060910173076
1233,279.00152587890625,301.6203072374215
1234,268.5389709472656,299.2271748099792
1235,272.0265197753906,298.2626077414989
1236,272.0265197753906,297.14244125912444
1237,272.0265197753906,295.929883827208
1238,273.770263671875,293.9413654285096
1239,280.7452697753906,293.03021071522033
1240,287.7203369140625,293.40453864647657
1241,287.7203369140625,294.2315757824167
1242,285.9765930175781,297.1245999403129
1243,285.9765930175781,301.40378842468294
1244,284.2328186035156,303.928230875355
1245,285.9765930175781,304.27124349765467
1246,282.4890441894531,303.6599836461901
1247,282.4890441894531,303.1525327915024
1248,294.69537353515625,302.5822454766079
1249,287.7203369140625,301.8854817123458
1250,287.7203369140625,302.08414680613464
1251,287.7203369140625,303.7846843957705
1252,291.2078552246094,305.21138973400576
1253,287.7203369140625,304.7420494639966
1254,287.7203369140625,304.4561890785626
1255,287.7203369140625,305.16002092158664
1256,284.2328186035156,305.86869129852795
1257,284.2328186035156,307.7864272284746
1258,282.4890441894531,307.79199985057215
1259,279.00152587890625,306.4626008766529
1260,270.2827453613281,303.94737916873055
1261,287.7203369140625,302.6911782104803
1262,287.7203369140625,299.0300002127994
1263,272.0265197753906,296.94616195192117
1264,272.0265197753906,298.06758580830694
1265,270.2827453613281,300.49678031760067
1266,265.0514831542969,300.0392226588889
1267,272.0265197753906,295.6637049410913
1268,272.0265197753906,291.7612996153369
1269,263.3077087402344,290.20161519527306
1270,272.0265197753906,289.98993491645183
1271,270.2827453613281,290.248641479302
1272,270.2827453613281,290.04525441289474
1273,268.5389709472656,289.70332804269947
1274,268.5389709472656,290.30561763420565
1275,263.3077087402344,291.017092922403
1276,270.2827453613281,291.13033098425103
1277,270.2827453613281,290.11896083422903
1278,270.2827453613281,289.6270126322924
1279,270.2827453613281,290.4987175459799
1280,270.2827453613281,291.34029012389306
1281,270.2827453613281,292.547493176144
1282,270.2827453613281,292.3898675796714
1283,270.2827453613281,292.114569631938
1284,270.2827453613281,291.935139632492
1285,270.2827453613281,291.91526469101916
1286,261.56396484375,291.9234785425487
1287,261.56396484375,291.9268364999675
1288,263.3077087402344,290.55415608374926
1289,259.8201904296875,288.78859464953183
1290,277.2577819824219,287.3309484865131
1291,277.2577819824219,286.6557113621292
1292,277.2577819824219,286.7816670056933
1293,270.2827453613281,289.18073165924034
1294,272.0265197753906,293.1834764231093
1295,275.5140075683594,294.88973047644555
1296,275.5140075683594,294.3457140942965
1297,272.0265197753906,293.1796373403292
1298,272.0265197753906,293.6388913379438
1299,272.0265197753906,294.4273962845074
1300,261.56396484375,294.3458132954019
1301,261.56396484375,293.6808633256511
1302,261.56396484375,291.5027616943659
1303,252.8451232910156,289.31565012268004
1304,252.8451232910156,287.1354826283743
1305,244.12632751464844,285.4711162418057
1306,247.61387634277344,285.0120829666507
1307,247.61387634277344,283.2058391590965
1308,244.12632751464844,279.3340497745054
1309,244.12632751464844,277.67915709350535
1310,244.12632751464844,276.50078188249233
1311,230.17628479003903,275.6511740150394
1312,244.12632751464844,274.8241294390163
1313,244.12632751464844,273.25654365090503
1314,252.8451232910156,273.22382216627904
1315,244.12632751464844,273.2196110793535
1316,244.12632751464844,274.5553291636886
1317,244.12632751464844,275.65848017645425
1318,244.12632751464844,275.5669026759768
1319,244.12632751464844,274.85309616180183
1320,244.12632751464844,274.48388452755813
1321,244.12632751464844,274.48396884849774
1322,244.12632751464844,274.4839490082767
1323,244.12632751464844,274.4839490082767
1324,244.12632751464844,274.4838051666738
1325,242.3825836181641,274.48370100551307
1326,230.17628479003903,274.48391924794504
1327,230.17628479003903,274.24374345158907
1328,230.17628479003903,272.07647706104444
1329,230.17628479003903,269.4843769764417
1330,230.17628479003903,266.7169339779366
1331,235.4075469970703,265.6374672290923
1332,235.4075469970703,265.5410288744488
1333,235.4075469970703,266.0169560978585
1334,235.4075469970703,267.19793037783376
1335,217.969970703125,268.34688254097625
1336,224.94500732421875,268.87555003208774
1337,228.4325408935547,267.1261137375579
1338,228.4325408935547,266.320848764232
1339,228.4325408935547,264.6557780498149
1340,228.4325408935547,265.63878164373926
1341,228.4325408935547,266.17627307317866
1342,228.4325408935547,266.6190919276512
1343,226.6887664794922,266.2598152841163
1344,226.6887664794922,266.20856799305136
1345,219.71371459960935,266.2414333192802
1346,217.969970703125,267.88892559781516
1347,217.969970703125,266.2712333313513
1348,261.56396484375,262.8246942854611
1349,270.2827453613281,259.82978315220555
1350,285.9765930175781,260.045833239721
1351,308.6455078125,267.96727959093886
1352,308.6455078125,280.50906702809954
1353,308.6455078125,294.4342982014176
1354,296.43914794921875,305.9535553641955
1355,296.43914794921875,315.35085872136136
1356,287.7203369140625,316.7245026283161
1357,263.3077087402344,314.0033778659499
1358,261.56396484375,310.149908445504
1359,254.58892822265625,304.4149462189802
1360,249.35763549804688,298.62301279760806
1361,226.6887664794922,291.10312508108694
1362,228.4325408935547,284.2006724848434
1363,228.4325408935547,279.12264229872403
1364,228.4325408935547,275.78600319748415
1365,228.4325408935547,268.7355673522158
1366,228.4325408935547,265.93614687737545
1367,224.94500732421875,265.404592634096
1368,226.6887664794922,266.2539128183433
1369,226.6887664794922,265.8400408464351
1370,226.6887664794922,264.8780778069724
1371,230.17628479003903,264.1724057834426
1372,235.4075469970703,264.5002555167774
1373,233.66380310058594,264.37859528107833
1374,226.6887664794922,264.73763880201545
1375,228.4325408935547,265.8374169771965
1376,228.4325408935547,266.5412289799994
1377,230.17628479003903,266.6412584146595
1378,230.17628479003903,265.6018986727405
1379,233.66380310058594,265.20047147950845
1380,235.4075469970703,265.1921485067629
1381,247.61387634277344,265.7583487361137
1382,252.8451232910156,266.7176283856746
1383,266.79522705078125,268.71635705814936
1384,266.79522705078125,271.8328589863301
1385,265.0514831542969,276.54565054247826
1386,263.3077087402344,282.6918881519756
1387,263.3077087402344,287.5113308165712
1388,268.5389709472656,289.4761723914312
1389,268.5389709472656,289.02175196767865
1390,270.2827453613281,288.4183711640128
1391,270.2827453613281,288.42027086518175
1392,272.0265197753906,289.7063487163598
1393,273.770263671875,291.0541494953363
1394,279.00152587890625,291.841761631951
1395,279.00152587890625,293.1168083202052
1396,287.7203369140625,293.93370214311517
1397,279.00152587890625,295.19716214225525
1398,279.00152587890625,297.5676915978254
1399,287.7203369140625,299.201501563894
1400,287.7203369140625,301.38309259406265
1401,287.7203369140625,301.3819914617924
1402,287.7203369140625,302.8046617950643
1403,296.43914794921875,301.70034268928225
1404,279.00152587890625,307.186210940072
1405,287.7203369140625,313.09241659481626
1406,279.00152587890625,311.9446622850218
1407,279.00152587890625,307.3969041678942
1408,277.2577819824219,301.41628032388417
1409,275.5140075683594,304.47166445100964
1410,279.00152587890625,307.55559369622256
1411,279.00152587890625,308.57824053190427
1412,277.2577819824219,304.51811784865475
1413,277.2577819824219,302.8866688688954
1414,280.7452697753906,302.54325448211875
1415,279.00152587890625,297.67287948996784
1416,280.7452697753906,297.22024964616827
1417,279.00152587890625,298.48474133680486
1418,279.00152587890625,299.4049084705224
1419,282.4890441894531,299.52259322192134
1420,282.4890441894531,299.07512431563174
1421,280.7452697753906,298.959297104932
1422,280.7452697753906,300.90584847597836
1423,282.4890441894531,301.44590425399315
1424,280.7452697753906,300.2540500927799
1425,284.2328186035156,299.6362404883293
1426,282.4890441894531,299.6128116672544
1427,282.4890441894531,299.9226291196497
1428,284.2328186035156,300.4330361672791
1429,282.4890441894531,300.98219364671706
1430,287.7203369140625,300.93356774486307
1431,284.2328186035156,300.8895546944115
1432,284.2328186035156,301.15482093035826
1433,284.2328186035156,301.78619380594876
1434,287.7203369140625,302.21324216468565
1435,285.9765930175781,302.02731945288923
1436,287.7203369140625,302.04371491558913
1437,287.7203369140625,302.9519431962682
1438,287.7203369140625,304.50432393494475
1439,287.7203369140625,304.10924313243265
1440,287.7203369140625,303.8248831637183
1441,287.7203369140625,303.375574076923
1442,280.7452697753906,303.6555642369432
1443,280.7452697753906,303.9196772600393
1444,280.7452697753906,303.37119186809065
1445,285.9765930175781,302.4517960229678
1446,280.7452697753906,300.8131252027332
1447,279.00152587890625,299.80380355553825
1448,287.7203369140625,299.8859470308894
1449,287.7203369140625,299.98218450329443
1450,287.7203369140625,300.035872141553
1451,279.00152587890625,301.5543558625042
1452,283.7003173828125,303.2346911470193
1453,285.47344970703125,304.5282016410217
1454,285.47344970703125,305.1913039901839
1455,283.7003173828125,303.2494249912033
1456,283.7003173828125,302.24755334702616
1457,283.7003173828125,302.3197221512263
1458,283.7003173828125,303.00859446755146
1459,274.834716796875,301.9885690210807
1460,283.7003173828125,301.83071774209327
1461,283.7003173828125,301.0138685596808
1462,283.7003173828125,302.59556322501186
1463,283.7003173828125,301.7357054033403
1464,285.47344970703125,302.83810744775997
1465,283.7003173828125,303.0291489365965
1466,283.7003173828125,302.5597789062557
1467,283.7003173828125,303.21746983511673
1468,283.7003173828125,303.56192087344516
1469,276.6078186035156,302.1908202348309
1470,276.6078186035156,301.9039256778728
1471,276.6078186035156,301.16216429218775
1472,276.6078186035156,300.93440103414866
1473,276.6078186035156,298.8991266744336
1474,276.6078186035156,296.82473979887516
1475,276.6078186035156,296.3154983642345
1476,292.56597900390625,296.3154983642345
1477,281.9272155761719,296.3154983642345
1478,281.9272155761719,297.4487445123599
1479,289.01971435546875,300.72413685110746
1480,276.6078186035156,302.1924719332363
1481,276.6078186035156,301.38838993309264
1482,276.6078186035156,300.66135247148094
1483,276.6078186035156,300.1335901904566
1484,308.52410888671875,298.21508793197046
1485,283.7003173828125,296.60290876694086
1486,299.65850830078125,297.33813031975046
1487,319.162841796875,301.8916098606337
1488,319.162841796875,306.62007023138443
1489,319.162841796875,309.4143322487425
1490,317.3897399902344,315.3792128773208
1491,319.162841796875,321.5243084340919
1492,319.162841796875,325.8153477305193
1493,310.2972412109375,324.84455517266645
1494,328.02850341796875,323.7087068555443
1495,319.162841796875,322.7570123705073
1496,319.162841796875,322.0708073239044
1497,326.25537109375,323.7410154155689
1498,324.4822692871094,324.85188365433004
1499,310.2972412109375,325.8121032343649
1500,310.2972412109375,325.53657340404754
1501,319.162841796875,324.4831029248881
1502,319.162841796875,322.8041738160424
1503,319.162841796875,321.0388256642017
1504,326.25537109375,321.6579496832992
1505,326.25537109375,323.5117889412248
1506,324.4822692871094,324.5840443897112
1507,324.4822692871094,325.6428363881701
1508,322.7091369628906,327.11951676329323
1509,322.7091369628906,327.78387958650126
1510,322.7091369628906,327.06466413205277
1511,322.7091369628906,326.052148209263
1512,308.52410888671875,325.64513847382295
1513,308.52410888671875,325.98203162793146
1514,317.3897399902344,324.60872190470064
1515,317.3897399902344,321.65365179540646
1516,315.6166076660156,318.9265501664382
1517,303.2047119140625,318.9102712650372
1518,315.6166076660156,321.37678771022115
1519,315.6166076660156,321.1146376289987
1520,315.6166076660156,320.1219470471291
1521,315.6166076660156,319.57343065483497
1522,315.6166076660156,320.98578779318365
1523,315.6166076660156,322.4538711525075
1524,315.6166076660156,322.38380541174246
1525,315.6166076660156,322.3815113861794
1526,315.6166076660156,322.38097942025155
1527,315.6166076660156,322.38026393227864
1528,315.6166076660156,322.38026393227864
1529,315.6166076660156,322.38026393227864
1530,315.6166076660156,322.38026393227864
1531,315.6166076660156,322.38026393227864
1532,315.6166076660156,322.38026393227864
1533,315.6166076660156,322.38026393227864
1534,315.6166076660156,322.38026393227864
1535,310.2972412109375,322.38026393227864
1536,312.0703430175781,322.38026393227864
1537,313.8435363769531,321.71603441055595
1538,313.8435363769531,321.28186217243547
1539,315.6166076660156,321.81139271316414
1540,304.97784423828125,324.27568705358647
1541,292.56597900390625,325.9935284160439
1542,292.56597900390625,326.02957747775014
1543,310.2972412109375,322.3492710269147
1544,297.8853759765625,317.13690270382244
1545,310.2972412109375,313.128686998989
1546,310.2972412109375,313.95659462462925
1547,310.2972412109375,319.06512171058534
1548,310.2972412109375,323.23359308119905
1549,310.2972412109375,321.5533421176236
1550,310.2972412109375,320.1222694507218
1551,310.2972412109375,318.91768034759895
1552,310.2972412109375,318.7969637624153
1553,310.2972412109375,319.0663828046381
1554,312.0703430175781,319.05576580632953
1555,313.8435363769531,319.6559200940413
1556,315.6166076660156,319.8104419359277
1557,315.6166076660156,322.56101950649594
1558,315.6166076660156,324.80197061813305
1559,315.6166076660156,326.58833948421443
1560,315.6166076660156,327.36935536732494
1561,315.6166076660156,328.6298132930119
1562,315.6166076660156,328.9782540757994
1563,328.02850341796875,327.93506269118313
1564,329.8016357421875,326.4711153979488
1565,315.6166076660156,326.5081670108268
1566,326.25537109375,326.8424164554756
1567,326.25537109375,328.7533453295691
1568,326.25537109375,328.6433418437649
1569,315.6166076660156,328.3288439592141
1570,315.6166076660156,328.57244095369356
1571,315.6166076660156,327.93610616281086
1572,315.6166076660156,325.7509631130609
1573,315.6166076660156,323.5173330430045
1574,315.6166076660156,322.9119322568293
1575,317.3897399902344,323.4130020004102
1576,315.6166076660156,324.11831441993274
1577,315.6166076660156,324.0757757459107
1578,315.6166076660156,324.5339031909717
1579,315.6166076660156,325.81575941510687
1580,315.6166076660156,327.212664741271
1581,315.6166076660156,326.8319687190531
1582,317.3897399902344,326.60617398294994
1583,315.6166076660156,325.8073242211108
1584,315.6166076660156,325.46408777631694
1585,315.6166076660156,324.8736731771377
1586,315.6166076660156,325.11030749402977
1587,315.6166076660156,324.84985747175165
1588,315.6166076660156,324.11853018233705
1589,315.6166076660156,323.3756193038428
1590,315.6166076660156,324.0162054821001
1591,315.6166076660156,323.90583557221277
1592,315.6166076660156,325.79001734825476
1593,315.6166076660156,324.6590429054437
1594,315.6166076660156,323.76673206213775
1595,315.6166076660156,322.47777861891603
1596,315.6166076660156,322.41237657012005
1597,315.6166076660156,322.65525063654366
1598,315.6166076660156,322.70584444032664
1599,315.6166076660156,322.7617492232916
1600,315.6166076660156,323.0608988368117
1601,315.6166076660156,323.22082093887497
1602,315.6166076660156,324.40259502776274
1603,317.3897399902344,323.55109861926513
1604,319.162841796875,322.97499191952335
1605,352.8522644042969,322.7232145538874
1606,352.8522644042969,324.2647674919063
1607,336.8941345214844,325.4155666556306
1608,335.1210327148437,332.60422854619605
1609,335.1210327148437,341.36192859105705
1610,333.347900390625,346.24494490407426
1611,333.347900390625,344.0881932106983
1612,333.347900390625,338.99809893014486
1613,333.347900390625,334.9039222124203
1614,319.162841796875,334.6919492903381
1615,315.6166076660156,334.39401729288625
1616,315.6166076660156,333.6749336674067
1617,315.6166076660156,330.03785084322607
1618,317.3897399902344,325.41144298967924
1619,315.6166076660156,323.32360196419694
1620,317.3897399902344,322.7681067741358
1621,317.3897399902344,322.79194975982585
1622,317.3897399902344,322.89512138950045
1623,315.6166076660156,322.97607569160016
1624,328.02850341796875,323.2075465909547
1625,317.3897399902344,323.44190300246333
1626,317.3897399902344,323.57204741270425
1627,317.3897399902344,324.91421046885773
1628,317.3897399902344,325.40153651928824
1629,319.162841796875,324.7837411749965
1630,315.6166076660156,323.86838219485776
1631,320.9359741210937,323.6749549194356
1632,315.6166076660156,323.58015090300404
1633,319.162841796875,323.47683915176805
1634,322.7091369628906,323.4641104099276
1635,322.7091369628906,323.5553853470335
1636,322.7091369628906,324.02314087938345
1637,324.4822692871094,325.3841372654028
1638,319.162841796875,326.3783040837226
1639,319.162841796875,326.5068184957999
1640,319.162841796875,325.8772622404526
1641,317.3897399902344,325.2638881654285
1642,317.3897399902344,324.69074881875287
1643,319.162841796875,324.29268144296043
1644,315.6166076660156,323.9520595673016
1645,317.3897399902344,323.70411136433523
1646,315.6166076660156,323.7194428951794
1647,315.6166076660156,323.8111766373979
1648,319.162841796875,323.5272072730362
1649,319.162841796875,323.23621323039623
1650,319.162841796875,323.3485423621158
1651,319.162841796875,323.93197754352116
1652,319.162841796875,324.57622610258954
1653,319.162841796875,325.14333898211027
1654,319.162841796875,327.3870950050034
1655,319.162841796875,327.99826433545934
1656,319.162841796875,328.16360901794815
1657,319.162841796875,327.9393766992555
1658,320.9359741210937,326.54685110189604
1659,320.9359741210937,325.41437190231704
1660,320.9359741210937,324.5870601033163
1661,320.9359741210937,324.938263016883
1662,319.162841796875,325.29453944698554
1663,319.162841796875,326.6052675328491
1664,319.162841796875,326.4686459104305
1665,319.162841796875,325.6258066584023
1666,328.02850341796875,324.81222429239307
1667,319.162841796875,324.719649820806
1668,320.9359741210937,324.96715161879797
1669,331.5747985839844,326.5155085126355
1670,331.5747985839844,327.4637024386646
1671,331.5747985839844,330.257696613038
1672,375.9029235839844,331.29943780149426
1673,368.8104248046875,333.2689128429864
1674,328.02850341796875,340.2659194378755
1675,336.8941345214844,349.8723895658538
1676,345.7597961425781,357.5209336760344
1677,345.7597961425781,359.40506523151674
1678,345.7597961425781,353.8103758480982
1679,345.7597961425781,345.5877127803259
1680,345.7597961425781,343.3089908477964
1681,345.7597961425781,345.4310060340923
1682,345.7597961425781,346.0421865246726
1683,345.7597961425781,346.43220931082163
1684,345.7597961425781,346.77600810188187
1685,345.7597961425781,346.27035650724395
1686,336.8941345214844,345.42650106389203
1687,354.6253967285156,345.142431258411
1688,354.6253967285156,345.79439208341967
1689,354.6253967285156,346.68190469325737
1690,354.6253967285156,348.4296657291193
1691,326.25537109375,351.9576836029542
1692,326.25537109375,354.2255126341006
1693,328.02850341796875,351.6879967177467
1694,320.9359741210937,345.10354070504115
1695,320.9359741210937,337.28669261939535
1696,320.9359741210937,328.855724590414
1697,320.9359741210937,327.29277025391247
1698,324.4822692871094,326.36489643431685
1699,324.4822692871094,326.19270191549805
1700,324.4822692871094,326.3797499398342
1701,329.8016357421875,326.83245976452497
1702,329.8016357421875,327.2126808614507
1703,328.02850341796875,327.9186566883658
1704,329.8016357421875,329.68201337801503
1705,331.5747985839844,330.5022118377496
1706,343.1962280273437,331.21433379315295
1707,339.5645446777344,330.9064768026038
1708,337.7486572265625,332.48109269405376
1709,337.7486572265625,335.1743372182415
1710,337.7486572265625,337.78870787351235
1711,337.7486572265625,339.19913865039496
1712,337.7486572265625,339.25769086286107
1713,337.7486572265625,339.0964431860265
1714,335.93280029296875,339.12833262138065
1715,335.93280029296875,339.3256988006953
1716,335.93280029296875,339.34506161646135
1717,337.7486572265625,339.0479388055266
1718,337.7486572265625,338.37762515600656
1719,337.7486572265625,337.8221485661527
1720,337.7486572265625,338.1380247260621
1721,337.7486572265625,338.82502462152235
1722,337.7486572265625,339.1390773411125
1723,337.7486572265625,339.12805237825785
1724,337.7486572265625,339.1280368780851
1725,337.7486572265625,339.12801455783637
1726,337.7486572265625,339.12798417749786
1727,337.7486572265625,339.12798417749786
1728,337.7486572265625,339.12798417749786
1729,337.7486572265625,339.12798417749786
1730,335.93280029296875,339.12798417749786
1731,326.853515625,339.1281311191353
1732,335.93280029296875,338.76715441665607
1733,343.1962280273437,337.3092937312468
1734,335.93280029296875,335.82553876728923
1735,335.93280029296875,336.43996778406887
1736,326.853515625,339.4705658949958
1737,326.853515625,342.1160051739743
1738,326.853515625,339.74959008425185
1739,326.853515625,335.4107396913001
1740,334.116943359375,331.524268426854
1741,334.116943359375,330.2254977942362
1742,334.116943359375,329.7475797286419
1743,326.853515625,331.6397595938091
1744,330.4852600097656,334.075791849298
1745,330.4852600097656,335.34888450827793
1746,330.4852600097656,334.6390578184514
1747,334.116943359375,334.0475562696599
1748,328.6693725585937,333.1053936158392
1749,328.6693725585937,332.7210139775736
1750,328.6693725585937,333.4500244561712
1751,328.6693725585937,333.494828945442
1752,328.6693725585937,333.1450142273444
1753,335.93280029296875,331.69997094476355
1754,335.93280029296875,330.68161641691233
1755,337.7486572265625,331.0880830263002
1756,354.09136962890625,333.097242075004
1757,359.5389099121094,335.69902155246734
1758,359.5389099121094,339.4707543770961
1759,370.43402099609375,344.68513028255956
1760,366.8022766113281,351.3132248615437
1761,374.0657043457031,357.76530567915006
1762,375.8815612792969,361.562230469501
1763,366.8022766113281,364.7956334603478
1764,366.8022766113281,367.46092164050896
1765,372.2498779296875,369.1250524244521
1766,326.853515625,369.6249763952653
1767,330.4852600097656,369.39528119569803
1768,330.4852600097656,364.46871621740405
1769,348.643798828125,358.1073957311692
1770,348.643798828125,349.2226806059384
1771,348.643798828125,339.3103486696439
1772,348.643798828125,336.850692755909
1773,348.643798828125,343.1821820747256
1774,348.643798828125,349.0893989607383
1775,348.643798828125,350.97919861938215
1776,370.43402099609375,350.37657298413137
1777,374.0657043457031,349.546201451035
1778,375.8815612792969,352.5421393157317
1779,377.6974182128906,357.72919399674595
1780,375.8815612792969,364.97591658930054
1781,374.0657043457031,371.33688987166636
1782,372.2498779296875,374.27278874732934
1783,355.9071960449219,375.1724733328033
1784,354.09136962890625,374.68482549878706
1785,363.1705932617188,369.4241263971294
1786,346.82794189453125,363.3164358571744
1787,346.82794189453125,359.6910148979456
1788,348.643798828125,359.91669989282593
1789,348.643798828125,361.6185890975233
1790,348.643798828125,358.64097367699947
1791,381.3291320800781,352.7045972460525
1792,386.7767333984375,349.25097524123464
1793,363.1705932617188,355.7199400869851
1794,363.1705932617188,362.482871288497
1795,361.354736328125,369.30656068705696
1796,361.354736328125,370.7985502727755
1797,354.09136962890625,364.1703738528794
1798,354.09136962890625,360.3936240873452
1799,359.5389099121094,358.9356480806509
1800,359.5389099121094,358.2263874571322
1801,352.2754821777344,361.17365229944977
1802,363.1705932617188,364.49437458332346
1803,368.6181640625,368.26335194224725
1804,368.6181640625,367.37338658507775
1805,352.2754821777344,360.3508659308774
1806,352.2754821777344,358.7870696249935
1807,352.2754821777344,360.54097740935055
1808,357.7230529785156,358.9327811687039
1809,355.9071960449219,353.9430895669698
1810,354.09136962890625,352.6234929022808
1811,354.09136962890625,353.7029745312909
1812,350.45965576171875,355.72886074639086
1813,354.09136962890625,356.5568278926944
1814,354.09136962890625,353.55906224763015
1815,354.09136962890625,352.6072896417227
1816,363.1705932617188,352.1318881841717
1817,361.354736328125,353.6919061679526
1818,361.354736328125,356.51141610665627
1819,361.354736328125,358.47967763962595
1820,354.09136962890625,359.29937141373665
1821,357.7230529785156,359.79258690979515
1822,357.7230529785156,359.3504227826184
1823,363.1705932617188,361.01479660926987
1824,354.09136962890625,361.4300325963777
1825,361.354736328125,364.5359373664709
1826,363.1705932617188,361.5845581583056
1827,379.5133056640625,356.8400197683923
1828,379.5133056640625,357.35067729881297
1829,379.5133056640625,361.52177129865146
1830,375.8815612792969,368.42183314825417
1831,364.9864501953125,371.84250550590355
1832,364.9864501953125,372.26400604281923
1833,366.8022766113281,370.5908355581438
1834,377.6974182128906,366.7029160738098
1835,363.1705932617188,364.4037196531265
1836,379.5133056640625,365.68863437134337
1837,379.5133056640625,367.0667286878904
1838,390.4084167480469,369.6378477386948
1839,390.4084167480469,370.8409240249598
1840,390.4084167480469,372.30776861047957
1841,390.4084167480469,376.31120778208657
1842,363.1705932617188,380.2869276848088
1843,374.0657043457031,382.79376937935
1844,381.3291320800781,381.6473865248381
1845,399.4876403808594,378.21987425096927
1846,394.04010009765625,374.2115717451686
1847,394.04010009765625,372.5659692476921
1848,394.04010009765625,375.09630424402667
1849,364.9864501953125,381.92112205516094
1850,372.2498779296875,386.59089505193947
1851,372.2498779296875,385.49474267716187
1852,374.0657043457031,381.79246814152907
1853,374.0657043457031,377.8061312404982
1854,375.8815612792969,370.75169759068103
1855,375.8815612792969,366.8665408571332
1856,372.2498779296875,367.3769950252878
1857,375.8815612792969,368.28316240300154
1858,375.8815612792969,369.9810389229843
1859,372.2498779296875,370.9664531037706
1860,372.2498779296875,370.09225080225394
1861,372.2498779296875,369.23000471396915
1862,372.2498779296875,368.8575318433845
1863,372.2498779296875,368.54903376569143
1864,414.0144958496094,368.94756676667254
1865,406.7510681152344,369.2665032806844
1866,406.7510681152344,375.54299690166624
1867,406.7510681152344,385.3525825330258
1868,390.4084167480469,396.01777273866156
1869,390.4084167480469,403.6394879098787
1870,388.5925598144531,399.31403698999156
1871,388.5925598144531,392.5711890522739
1872,388.5925598144531,388.274992538378
1873,375.8815612792969,384.5757386764055
1874,374.0657043457031,383.1079690405776
1875,381.3291320800781,381.5600250713414
1876,381.3291320800781,379.0819120169327
1877,381.3291320800781,376.6869245288188
1878,379.5133056640625,374.38763386708536
1879,374.0657043457031,374.42584861292454
1880,377.6974182128906,375.88876979472457
1881,377.6974182128906,375.86679674987187
1882,377.6974182128906,375.12358950807516
1883,381.3291320800781,373.98665307882777
1884,352.2754821777344,373.27802238232863
1885,406.7510681152344,373.3732926439557
1886,390.4084167480469,371.22967083689025
1887,397.6718444824219,371.86697097853016
1888,406.7510681152344,372.66846630984975
1889,406.7510681152344,378.00705811949086
1890,406.7510681152344,384.7589383178579
1891,397.6718444824219,388.35884227274244
1892,397.6718444824219,391.2870803430386
1893,397.6718444824219,393.5073300439933
1894,397.6718444824219,393.62853395460735
1895,408.5669250488281,391.2133838418149
1896,384.9608154296875,389.7786878545372
1897,384.9608154296875,391.0458827752968
1898,390.4084167480469,390.8666313378405
1899,390.4084167480469,389.719067990174
1900,390.4084167480469,387.15977371113684
1901,395.8559875488281,382.75038873594553
1902,395.8559875488281,381.4019877902813
1903,408.5669250488281,382.8244473212041
1904,408.5669250488281,384.1581764233754
1905,399.4876403808594,385.0711043564242
1906,410.38275146484375,388.06241944960783
1907,408.5669250488281,390.49621441016586
1908,417.6461791992188,395.17070441950756
1909,426.7254638671875,397.79816969819603
1910,417.6461791992188,399.7699156699939
1911,417.6461791992188,401.7297327088639
1912,417.6461791992188,403.47785954880203
1913,417.6461791992188,405.30582343839006
1914,417.6461791992188,406.1950522273517
1915,417.6461791992188,404.8608816802613
1916,417.6461791992188,404.4767750000374
1917,401.3034973144531,404.2090857770905
1918,415.8303527832031,405.1303664432165
1919,415.8303527832031,404.52991207216076
1920,415.8303527832031,403.7895246217859
1921,417.6461791992188,402.80636726614813
1922,417.6461791992188,402.92862270847974
1923,417.6461791992188,404.485465016873
1924,417.6461791992188,405.3790834547499
1925,414.0144958496094,405.90269664953973
1926,412.1986389160156,406.1823941662989
1927,412.1986389160156,405.4966119644078
1928,410.38275146484375,403.0313652933733
1929,410.38275146484375,401.0930600142158
1930,412.1986389160156,398.5878253775826
1931,408.5669250488281,399.6288169776859
1932,408.5669250488281,400.95631625043615
1933,408.5669250488281,400.15418107198656
1934,408.5669250488281,399.82818639932333
1935,410.38275146484375,399.1984181016132
1936,408.5669250488281,398.8515167959806
1937,406.7510681152344,399.4253257501179
1938,408.5669250488281,399.897294849421
1939,408.5669250488281,399.96663146206106
1940,408.5669250488281,398.5010888910501
1941,406.7510681152344,397.0667351475862
1942,408.5669250488281,394.95694091747225
1943,408.5669250488281,395.0590089348489
1944,399.4876403808594,394.06506345899567
1945,399.4876403808594,394.3504749594276
1946,399.4876403808594,396.58402752862037
1947,397.6718444824219,397.0290684878545
1948,408.5669250488281,398.2313362851103
1949,390.4084167480469,395.48082691530203
1950,406.7510681152344,394.78575452988747
1951,399.4876403808594,421.45964712562943
1952,401.3034973144531,420.426765215895
1953,401.3034973144531,431.93355775977557
1954,404.9352416992188,408.39612139457154
1955,404.9352416992188,396.7077908277545
1956,399.4876403808594,394.71161658374456
1957,399.4876403808594,394.129033291832
1958,386.7767333984375,393.43881184047297
1959,399.4876403808594,392.7806769866652
1960,381.3291320800781,389.6974421491903
1961,381.3291320800781,386.7825317474086
1962,381.3291320800781,383.716676943605
1963,381.3291320800781,381.7152152806757
1964,386.7767333984375,379.476147130021
1965,384.9608154296875,378.15962445958655
1966,406.7510681152344,378.1547784855863
1967,408.5669250488281,378.5688042192079
1968,395.8559875488281,381.1049747205693
1969,397.6718444824219,384.0662814793605
1970,395.8559875488281,387.9331901695645
1971,392.2242431640625,391.26782044841946
1972,399.0923767089844,392.11196233496327
1973,395.3799133300781,389.5558772116868
1974,395.3799133300781,387.2276619876377
1975,417.65478515625,386.7119948013928
1976,417.65478515625,387.3757741980995
1977,417.65478515625,390.17497643050797
1978,417.65478515625,393.93156853141886
1979,417.65478515625,398.94908108317077
1980,417.65478515625,404.25957913975424
1981,393.5236206054688,406.18822719129815
1982,408.3735656738281,406.18822719129815
1983,417.65478515625,404.15554694049
1984,408.3735656738281,401.9125206657287
1985,413.94232177734375,400.1257202748387
1986,425.0797729492188,398.304685582465
1987,417.65478515625,399.4205938573889
1988,404.6611328125,401.7778105246104
1989,423.2235412597656,403.53791093797395
1990,417.65478515625,404.70060741427375
1991,417.65478515625,405.548538783045
1992,423.2235412597656,404.22047406399383
1993,408.3735656738281,404.43048280418856
1994,415.7985534667969,407.48263297527706
1995,408.3735656738281,406.5810238883577
1996,419.5110168457031,404.7506097314656
1997,419.5110168457031,403.13341347052886
1998,419.5110168457031,401.72714852006743
1999,419.5110168457031,401.9669175918911
2000,419.5110168457031,405.14303442437983
2001,419.5110168457031,407.4865365387757
2002,419.5110168457031,408.21673603562294
2003,419.5110168457031,408.40850169252917
2004,419.5110168457031,408.55458028032973
2005,419.5110168457031,407.3921318067935
2006,419.5110168457031,406.796047244432
2007,419.5110168457031,406.9489707085072
2008,419.5110168457031,406.6532770134975
2009,419.5110168457031,406.8553447052026
2010,419.5110168457031,406.5596063696955
2011,419.5110168457031,407.4384388828081
2012,419.5110168457031,408.2546556581734
2013,419.5110168457031,408.0733061173373
2014,419.5110168457031,407.803434470071
2015,417.65478515625,407.6920117884523
2016,417.65478515625,407.6918084261862
2017,417.65478515625,407.16066586749423
2018,408.3735656738281,406.7871290650538
2019,415.7985534667969,405.61661058159086
2020,417.65478515625,404.219253890397
2021,417.65478515625,403.1069714158766
2022,417.65478515625,403.3105717646606
2023,417.65478515625,403.888859648708
2024,417.65478515625,405.10132035954666
2025,417.65478515625,405.9086784761971
2026,417.65478515625,406.0505955776249
2027,417.65478515625,406.28725965484864
2028,421.3672790527344,406.30326575320976
2029,419.5110168457031,406.3285769152601
2030,454.7796936035156,406.62258419147753
2031,445.49847412109375,406.9095630693752
2032,443.6422119140625,410.63662300119967
2033,443.6422119140625,416.00832317977796
2034,443.6422119140625,422.23425895737756
2035,443.6422119140625,427.7178976633228
2036,426.9360046386719,426.89686963434406
2037,445.49847412109375,425.13709162457315
2038,445.49847412109375,421.4056817242756
2039,445.49847412109375,420.7974499865543
2040,445.49847412109375,419.0745847081138
2041,426.9360046386719,420.4407525717605
2042,426.9360046386719,424.1481161241019
2043,426.9360046386719,425.2867761725561
2044,428.7922668457031,423.80355100450225
2045,428.7922668457031,419.5318224432606
2046,428.7922668457031,415.5255510800936
2047,408.3735656738281,414.3838901982001
2048,410.2297973632813,414.87123050878955
2049,436.21722412109375,413.3906292099743
2050,417.65478515625,410.41030559927225
2051,417.65478515625,409.68391046481827
2052,417.65478515625,408.252418673246
2053,417.65478515625,410.9196735153223
2054,417.65478515625,411.56480806426356
2055,432.5047607421875,411.21404287557453
2056,417.65478515625,410.0338374041664
2057,417.65478515625,412.10288478022505
2058,426.9360046386719,412.77135142916336
2059,426.9360046386719,412.96558719359473
2060,430.64849853515625,412.7398501181341
2061,436.21722412109375,411.01686083831186
2062,419.5110168457031,412.8609250673111
2063,417.65478515625,415.2906329423254
2064,423.2235412597656,414.8693407277311
2065,423.2235412597656,414.3380245671047
2066,423.2235412597656,413.64200481113323
2067,417.65478515625,413.4558886571813
2068,417.65478515625,414.5914437110355
2069,417.65478515625,411.67993590717003
2070,423.2235412597656,408.7985405988578
2071,417.65478515625,407.29085739826024
2072,417.65478515625,407.21662521106714
2073,423.2235412597656,407.29545536949695
2074,423.2235412597656,407.4353041278765
2075,426.9360046386719,408.0082649125623
2076,426.9360046386719,408.44316751882155
2077,441.7859497070313,410.44167794886437
2078,441.7859497070313,412.0504421158396
2079,441.7859497070313,414.59369557612877
2080,441.7859497070313,417.625306158338
2081,441.7859497070313,421.08352613439257
2082,441.7859497070313,424.34115155515764
2083,458.4921569824219,425.41379326794834
2084,419.5110168457031,425.41379326794834
2085,428.7922668457031,427.05471843330383
2086,434.3609924316406,426.44833183614344
2087,417.65478515625,425.3402455683827
2088,430.64849853515625,423.3183782380665
2089,430.64849853515625,416.8005680080162
2090,426.9360046386719,414.6135556374358
2091,426.9360046386719,413.4780650643001
2092,436.21722412109375,413.12652114693344
2093,452.9234313964844,414.2064442208627
2094,417.65478515625,413.99594443519607
2095,417.65478515625,417.0367856802655
2096,417.65478515625,417.4458116781734
2097,417.65478515625,415.85527571432095
2098,417.65478515625,410.47285685630095
2099,415.7985534667969,406.5227035584756
2100,417.65478515625,406.412689532554
2101,426.9360046386719,406.55189844380357
2102,417.65478515625,406.41323513863387
2103,417.65478515625,407.1942652819033
2104,464.0609130859375,407.8706035385575
2105,445.49847412109375,408.57267456196007
2106,441.7859497070313,412.9468530648344
2107,441.7859497070313,416.8631093449344
2108,454.7796936035156,423.0458331210088
2109,454.7796936035156,428.23998316108896
2110,417.65478515625,428.434833972374
2111,417.65478515625,428.58671086478694
2112,426.9360046386719,427.72056617305884
2113,426.9360046386719,425.7875631929865
2114,417.65478515625,420.7783041732063
2115,436.21722412109375,414.24296510782665
2116,417.65478515625,411.0399548556559
2117,419.5110168457031,412.5662630637979
2118,419.5110168457031,412.6748287535802
2119,445.49847412109375,412.37456684766545
2120,464.0609130859375,411.820265790911
2121,462.2046813964844,412.2571028187261
2122,501.1857299804688,416.87421986874256
2123,538.3106079101562,425.4137833478378
2124,510.4670104980469,445.9915051319928
2125,491.9045715332031,465.3912038690591
2126,491.9045715332031,477.83639918986285
2127,491.9045715332031,493.5305795151488
2128,482.6233215332031,482.46481524578775
2129,501.1857299804688,464.0498362817698
2130,491.9045715332031,453.34901303906366
2131,491.9045715332031,452.1830528463952
2132,482.6233215332031,455.1998973440612
2133,482.6233215332031,460.4873658640191
2134,491.9045715332031,463.5793551990481
2135,491.9045715332031,462.3189555540106
2136,468.7014770507813,462.04132142024434
2137,417.65478515625,461.2588330207251
2138,460.348388671875,459.1398874886353
2139,460.348388671875,451.8690218270468
2140,460.348388671875,444.07608058780266
2141,460.348388671875,439.43057218141223
2142,460.348388671875,439.78273610568783
2143,460.348388671875,440.1615355267713
2144,482.6233215332031,439.679715757699
2145,482.6233215332031,439.6797058375885
2146,482.6233215332031,441.3373563093195
2147,482.6233215332031,444.64339186953424
2148,482.6233215332031,449.158678984827
2149,482.6233215332031,454.1114826555072
2150,426.9360046386719,456.12308267141145
2151,464.0609130859375,456.123092591522
2152,473.3421020507813,449.0000663373554
2153,473.3421020507813,443.3819109324475
2154,473.3421020507813,438.99876960969766
2155,477.9827270507813,446.3663960295223
2156,477.9827270507813,453.8997775764096
2157,477.9827270507813,451.73729267914666
2158,460.348388671875,448.3810415193633
2159,462.2046813964844,444.6717038650239
2160,462.2046813964844,444.41018991089004
2161,421.3672790527344,443.85385027141893
2162,426.9360046386719,438.0547520502072
2163,423.2235412597656,434.1177974594592
2164,423.2235412597656,429.7774415734812
2165,417.65478515625,420.0795514267803
2166,417.65478515625,412.8260806790289
2167,419.5110168457031,410.2916858774546
2168,464.0609130859375,409.30921796949957
2169,425.0797729492188,408.2515506635735
2170,425.0797729492188,414.35927344388773
2171,399.0923767089844,417.63941751558536
2172,417.65478515625,421.8820156722176
2173,417.65478515625,415.57734397723846
2174,380.5299377441406,407.22069245638977
2175,384.2424011230469,404.39141244881506
2176,371.2487182617188,399.66472777785145
2177,371.2487182617188,393.86276760474806
2178,371.2487182617188,382.7673223646424
2179,367.5362243652344,371.83750329016226
2180,361.9674987792969,368.9905902860974
2181,337.8363647460937,366.3773975664526
2182,335.9800720214844,364.39763614533604
2183,348.9737854003906,361.14025624730687
2184,352.6862487792969,353.51824223275963
2185,352.6862487792969,346.5885651331447
2186,352.6862487792969,345.81540039752207
2187,352.6862487792969,352.30356561722846
2188,352.6862487792969,354.3149907911844
2189,352.6862487792969,353.09397398500244
2190,361.9674987792969,353.0945853118146
2191,358.2550048828125,353.09451587104087
2192,358.2550048828125,354.73402370060256
2193,356.3987731933594,355.5078196032585
2194,354.5425109863281,357.2526393263444
2195,352.6862487792969,357.79980286356323
2196,328.5551452636719,355.9171667647453
2197,341.548828125,354.34661982363684
2198,348.9737854003906,351.10517038312594
2199,324.8426208496094,347.3845523230853
2200,324.8426208496094,343.79736160986846
2201,324.8426208496094,340.39481701422255
2202,324.8426208496094,338.9103493523232
2203,315.5614013671875,334.804448691455
2204,313.7051696777344,330.8936513396855
2205,306.2801818847656,326.70468564069694
2206,293.2864685058594,324.6354008019922
2207,295.1427307128906,320.8611763245981
2208,304.4239501953125,315.7610652124239
2209,304.4239501953125,311.4372932712461
2210,350.8300170898437,309.2442569135385
2211,350.8300170898437,310.46150655774176
2212,350.8300170898437,312.7109957845218
2213,343.4050598144531,320.2179241166324
2214,386.0986633300781,331.98126063926486
2215,360.1112365722656,347.50378337171514
2216,360.1112365722656,354.527969364473
2217,358.2550048828125,356.3921887780679
2218,358.2550048828125,358.65945732296865
2219,345.26129150390625,360.11162510494006
2220,360.1112365722656,359.98606378577
2221,371.2487182617188,356.3865789555559
2222,371.2487182617188,353.91852117319627
2223,371.2487182617188,354.40465991039616
2224,371.2487182617188,358.44871201456607
2225,363.82373046875,365.4770284933512
2226,341.548828125,368.46474754646306
2227,363.82373046875,367.36866213243167
2228,352.6862487792969,363.47426233588544
2229,354.5425109863281,358.0212842116009
2230,354.5425109863281,353.17017035408304
2231,354.5425109863281,352.8453189741599
2232,354.5425109863281,355.408358094927
2233,371.2487182617188,355.4953537443474
2234,389.8111572265625,354.68761990351015
2235,389.8111572265625,357.16761901893585
2236,389.8111572265625,362.21665520196575
2237,389.8111572265625,370.90669683788735
2238,389.8111572265625,378.28031252445237
2239,389.8111572265625,383.41592399221844
2240,389.8111572265625,384.2242741199232
2241,371.2487182617188,383.25716254308867
2242,361.9674987792969,383.2553124424724
2243,389.8111572265625,381.21514250820434
2244,374.961181640625,376.64998203715675
2245,361.9674987792969,372.115685510036
2246,361.9674987792969,368.63402431276836
2247,361.9674987792969,368.68667033941995
2248,337.8363647460937,367.77618771361995
2249,360.1112365722656,363.27315937493063
2250,369.3924560546875,358.5700944871699
2251,371.2487182617188,354.31227392090943
2252,371.2487182617188,350.6222333616038
2253,369.3924560546875,351.9771865402817
2254,369.3924560546875,361.01643342750947
2255,369.3924560546875,366.81147928356444
2256,369.3924560546875,366.4131645250153
2257,367.5362243652344,365.4887962244828
2258,345.26129150390625,364.7136164664061
2259,358.2550048828125,364.54998424299976
2260,361.9674987792969,362.30553195234785
2261,361.9674987792969,358.6124310389397
2262,358.2550048828125,355.63102737620227
2263,361.9674987792969,357.23345631258195
2264,361.9674987792969,359.2876334429367
2265,361.9674987792969,360.0350542516865
2266,361.9674987792969,360.1498497708898
2267,361.9674987792969,360.5980279650832
2268,361.9674987792969,361.01843480981154
2269,345.26129150390625,360.2644518479375
2270,347.1175537109375,359.8618416815233
2271,358.2550048828125,357.98283386313636
2272,371.2487182617188,356.0891864416157
2273,361.9674987792969,355.22107260794473
2274,361.9674987792969,356.7035016871275
2275,361.9674987792969,359.1201075761422
2276,364.1372375488281,360.9306691118102
2277,349.08074951171875,361.70127321889896
2278,377.8511047363281,362.18429580137456
2279,374.0150451660156,361.8128719824798
2280,374.0150451660156,362.99608076735484
2281,370.1790161132813,362.8174766171115
2282,370.1790161132813,362.91021973057775
2283,370.1790161132813,364.1839718444062
2284,358.6708679199219,365.4759918417995
2285,358.6708679199219,366.83410457568533
2286,358.6708679199219,366.3093257679067
2287,358.6708679199219,364.1395148690078
2288,358.6708679199219,360.0587434756631
2289,358.6708679199219,356.57437656824493
2290,356.7528076171875,355.05308049595476
2291,374.0150451660156,355.1150588665996
2292,354.8348083496094,354.53907616823966
2293,352.9167785644531,357.2989935228841
2294,352.9167785644531,359.15351850845093
2295,356.7528076171875,359.7589899754137
2296,356.7528076171875,358.9000150435805
2297,356.7528076171875,356.05826793708087
2298,339.4906005859375,354.8207663872041
2299,339.4906005859375,355.9803157084342
2300,383.6051940917969,354.21706689998706
2301,383.6051940917969,349.43927753954756
2302,385.5232238769531,349.7991816300743
2303,383.6051940917969,355.68677591742613
2304,412.3755798339844,368.9566064674048
2305,431.5558471679688,377.0005190633033
2306,431.5558471679688,380.36971100728994
2307,412.3755798339844,387.77752875497947
2308,402.7854614257813,396.8209991292709
2309,402.7854614257813,406.10264639764387
2310,402.7854614257813,407.9686241508326
2311,402.7854614257813,403.1093373622411
2312,402.7854614257813,396.3475866538838
2313,402.7854614257813,393.6006733241474
2314,402.7854614257813,394.0179280537507
2315,402.7854614257813,394.01376160732264
2316,398.9494018554688,394.01423777262875
2317,383.6051940917969,394.01357808527763
2318,427.7198181152344,393.3830558591662
2319,400.867431640625,390.4315650497573
2320,400.867431640625,391.2042821403917
2321,421.9656982421875,392.06872553316174
2322,421.9656982421875,396.79515724130647
2323,421.9656982421875,401.3374865779394
2324,412.3755798339844,400.34972133095437
2325,427.7198181152344,402.4193143130929
2326,427.7198181152344,406.1234191091209
2327,427.7198181152344,408.6246559412053
2328,427.7198181152344,409.0258004112868
2329,427.7198181152344,411.9453633449131
2330,427.7198181152344,414.29555161381495
2331,400.867431640625,414.2962311413871
2332,398.9494018554688,414.2964245835427
