,y_actual,y_predict
0,303.2167053222656,298.1819199571481
1,306.47711181640625,306.51417845947657
2,306.47711181640625,306.65494715700123
3,306.47711181640625,304.14381442889766
4,296.6959228515625,299.67240599512235
5,303.2167053222656,299.63793684431425
6,303.2167053222656,299.810177915187
7,303.2167053222656,299.69342247174365
8,303.2167053222656,303.26914930318316
9,303.2167053222656,299.42600310999745
10,299.956298828125,301.8233186205153
11,303.2167053222656,306.6812031148773
12,303.2167053222656,299.18386739467195
13,303.2167053222656,307.28826612687504
14,303.2167053222656,305.1236204893209
15,303.2167053222656,304.171816289095
16,303.2167053222656,303.408675997024
17,299.956298828125,297.5763225094973
18,303.2167053222656,301.81564481204026
19,303.2167053222656,301.56967485391374
20,303.2167053222656,301.18479210662434
21,299.956298828125,301.17325744098355
22,299.956298828125,303.0724585026488
23,299.956298828125,300.66475274417024
24,299.956298828125,300.8891987784561
25,299.956298828125,302.08336402896157
26,299.956298828125,301.29260157496225
27,290.1751403808594,298.68702866103166
28,299.956298828125,295.09409652998926
29,299.956298828125,295.7159429344065
30,306.47711181640625,299.22092168743336
31,303.2167053222656,302.1129077480178
32,303.2167053222656,303.0491372220485
33,299.956298828125,302.3673410741041
34,296.6959228515625,302.9322291895811
35,299.956298828125,302.8699959335666
36,299.956298828125,299.02664924550055
37,293.4355163574219,299.77459450964545
38,299.956298828125,297.4289605467025
39,299.956298828125,297.6831348263062
40,299.956298828125,300.7219026565359
41,296.6959228515625,301.2108830554395
42,299.956298828125,299.5240167178519
43,303.2167053222656,301.2277459168839
44,303.2167053222656,305.00122634915294
45,303.2167053222656,304.35301043223717
46,299.956298828125,302.8918427783651
47,299.956298828125,303.56468585404014
48,299.956298828125,299.114606172098
49,299.956298828125,299.0642677627926
50,299.956298828125,301.43656399624535
51,299.956298828125,300.37740632046257
52,299.956298828125,298.26371477118283
53,299.956298828125,298.72255174068005
54,299.956298828125,298.9894441380061
55,299.956298828125,298.5879770929557
56,296.6959228515625,296.9770379891422
57,296.6959228515625,295.30113499550083
58,296.6959228515625,294.3090011613702
59,299.956298828125,293.84868975607117
60,299.956298828125,294.59323015583146
61,299.956298828125,296.6098271799827
62,296.6959228515625,297.85538122005187
63,299.956298828125,297.5123557711984
64,296.6959228515625,297.73875884843176
65,299.956298828125,299.42277567471046
66,296.6959228515625,301.5438677916548
67,299.956298828125,297.6987272954111
68,296.6959228515625,298.2281739486247
69,296.6959228515625,299.24148749414655
70,296.6959228515625,300.9332491005394
71,296.6959228515625,302.3596583941742
72,296.6959228515625,302.575736872213
73,299.956298828125,300.2039569574345
74,296.6959228515625,299.4181341295149
75,299.956298828125,300.5296954893002
76,299.956298828125,302.27745371892377
77,299.956298828125,299.62479644533937
78,299.956298828125,299.8448014293101
79,299.956298828125,300.90207835665734
80,299.956298828125,299.8313877895248
81,299.956298828125,298.5578496321681
82,296.6959228515625,296.82975054656845
83,299.956298828125,294.83096917811616
84,299.956298828125,294.604241405634
85,296.6959228515625,299.99856325965857
86,299.956298828125,299.31902755841867
87,299.956298828125,299.40443482888236
88,299.956298828125,295.52798519406036
89,296.6959228515625,296.8913752207779
90,299.956298828125,297.21087179698685
91,299.956298828125,296.9537770344352
92,299.956298828125,299.90275154690636
93,299.956298828125,299.89730269931636
94,299.956298828125,300.0600726049545
95,299.956298828125,299.96161187577377
96,299.956298828125,298.8782777111399
97,293.4355163574219,298.8855594013091
98,293.4355163574219,296.66891106951323
99,299.956298828125,291.332381421188
100,299.956298828125,294.65582891578714
101,299.956298828125,297.0658110895891
102,299.956298828125,296.9345082344261
103,296.6959228515625,294.76973484792165
104,299.956298828125,294.92916908652325
105,293.4355163574219,297.8752816676487
106,296.6959228515625,294.30430461315433
107,286.9147033691406,292.82049878070814
108,290.1751403808594,291.936048440256
109,286.9147033691406,287.45213214223907
110,286.9147033691406,288.3353360432799
111,286.9147033691406,287.31903991462593
112,286.9147033691406,288.020901519228
113,286.9147033691406,287.0969847374314
114,286.9147033691406,284.2526295181217
115,290.1751403808594,285.863966063114
116,290.1751403808594,287.9702144617457
117,286.9147033691406,287.1739029127162
118,286.9147033691406,286.31451265802167
119,286.9147033691406,285.4495156438402
120,286.9147033691406,286.79325628513413
121,286.9147033691406,284.8488693551604
122,286.9147033691406,283.70205105937333
123,293.4355163574219,283.6910815054087
124,293.4355163574219,287.9755666104775
125,293.4355163574219,290.68492667510134
126,293.4355163574219,292.8475709124335
127,286.9147033691406,292.1133249489212
128,286.9147033691406,287.28230499424035
129,293.4355163574219,285.32534721269536
130,283.65435791015625,291.89447680266744
131,286.9147033691406,286.5707522123225
132,286.9147033691406,283.850764144747
133,286.9147033691406,284.73667029094565
134,273.8731689453125,286.41557538492
135,286.9147033691406,282.65854795287964
136,286.9147033691406,280.570264250389
137,286.9147033691406,285.8012821371914
138,280.3939208984375,284.2059789726118
139,283.65435791015625,280.4565610309986
140,290.1751403808594,280.7082686025717
141,290.1751403808594,290.7782295404122
142,283.65435791015625,288.10757740774017
143,283.65435791015625,284.250497707513
144,283.65435791015625,279.74359147773566
145,283.65435791015625,279.86905558486643
146,283.65435791015625,281.87919862558925
147,283.65435791015625,282.98588245947906
148,267.3523254394531,282.39186580903436
149,267.3523254394531,271.426282818499
150,267.3523254394531,268.867025885336
151,264.0919494628906,274.4154329342395
152,267.3523254394531,273.0459815968654
153,290.1751403808594,272.3277991767123
154,290.1751403808594,279.6603985224112
155,290.1751403808594,292.51752795065795
156,290.1751403808594,288.91179608450824
157,290.1751403808594,285.64914910595974
158,290.1751403808594,286.2697570552751
159,290.1751403808594,284.9083001185769
160,290.1751403808594,287.5701633008949
161,290.1751403808594,289.64815167999205
162,293.4355163574219,287.9689458436972
163,280.3939208984375,282.7485639441558
164,280.3939208984375,281.32530135556857
165,280.3939208984375,281.46212136852415
166,283.65435791015625,276.21491662513967
167,283.65435791015625,275.9365081922281
168,283.65435791015625,278.92968251079736
169,283.65435791015625,277.54376919084643
170,283.65435791015625,282.495166804
171,283.65435791015625,283.4425743111852
172,270.6127624511719,282.4907736595412
173,283.65435791015625,274.12026255268285
174,283.65435791015625,274.24396401262123
175,283.65435791015625,281.49358043468993
176,283.65435791015625,281.9769372183423
177,283.65435791015625,282.11292775026624
178,283.65435791015625,281.3269745119598
179,273.8731689453125,283.49203799503897
180,273.8731689453125,275.81401291747443
181,257.5711975097656,274.31317400254324
182,257.5711975097656,270.22751095415157
183,277.133544921875,265.3664846340423
184,277.133544921875,273.23083665675875
185,273.8731689453125,281.4736045797266
186,273.8731689453125,280.5855737200831
187,273.8731689453125,275.66488642230314
188,273.8731689453125,274.6709261773981
189,260.8315734863281,273.61654250872164
190,257.5711975097656,261.7178113776698
191,270.6127624511719,260.2910144014566
192,257.5711975097656,269.40640723730195
193,267.3523254394531,266.33231549158603
194,260.8315734863281,264.19225886553517
195,267.3523254394531,267.23170846707274
196,267.3523254394531,264.97783595415444
197,267.3523254394531,268.69604810963875
198,267.3523254394531,270.3373586392492
199,267.3523254394531,271.59026168165144
200,270.6127624511719,270.7439693538416
201,270.6127624511719,267.64060668630714
202,270.6127624511719,270.7215454209029
203,273.8731689453125,271.4017270749515
204,260.8315734863281,270.70098183205346
205,257.5711975097656,263.37676634389993
206,257.5711975097656,260.71793098913406
207,277.133544921875,258.8292301814701
208,251.0503845214844,262.9782898662911
209,260.8315734863281,258.63102591073243
210,277.133544921875,256.70717994739823
211,280.3939208984375,270.07611735868454
212,247.7900238037109,272.4253494728355
213,260.8315734863281,261.993371186418
214,277.133544921875,260.11759165279324
215,277.133544921875,271.82819986809835
216,277.133544921875,273.42401702259536
217,277.133544921875,270.9903154616552
218,264.0919494628906,272.08621593123974
219,254.31076049804688,267.1551149870368
220,260.8315734863281,261.0861380626771
221,260.8315734863281,263.17633267654986
222,260.8315734863281,267.9373337864096
223,260.8315734863281,268.1083124492523
224,257.5711975097656,265.352148362949
225,257.5711975097656,265.35176156751606
226,257.5711975097656,266.3668032724494
227,260.8315734863281,261.87805558010234
228,260.8315734863281,262.6523322094898
229,260.8315734863281,271.7527219735141
230,260.8315734863281,267.5588943768028
231,260.8315734863281,266.05916694427543
232,260.8315734863281,266.4349582245992
233,260.8315734863281,264.81699204137175
234,260.8315734863281,263.6896412661831
235,260.8315734863281,264.3270091680662
236,260.8315734863281,265.05504422601393
237,260.8315734863281,264.0664864753472
238,251.0503845214844,262.9403599609326
239,257.5711975097656,257.15105077250536
240,257.5711975097656,256.9114664876046
241,257.5711975097656,263.8986225803144
242,257.5711975097656,260.9806298497362
243,257.5711975097656,262.12454451833963
244,257.5711975097656,260.4327181503261
245,257.5711975097656,259.7712367469216
246,257.5711975097656,260.10096033632135
247,257.5711975097656,259.87881378314154
248,254.31076049804688,261.78581462794114
249,244.5295867919922,259.5199864988478
250,260.8315734863281,254.44901498103405
251,260.8315734863281,258.04428562758403
252,257.5711975097656,268.9407210610612
253,260.8315734863281,259.64927996947944
254,251.0503845214844,260.6016191184349
255,251.0503845214844,257.84064138071125
256,251.0503845214844,253.95765880651237
257,251.0503845214844,249.83938750586785
258,251.0503845214844,250.3872495251306
259,251.0503845214844,254.72789803678194
260,251.0503845214844,256.12205604332974
261,251.0503845214844,254.594753467585
262,244.5295867919922,252.72671250405597
263,251.0503845214844,249.53726123832269
264,244.5295867919922,249.2351367450685
265,241.2692108154297,247.28139930164656
266,241.2692108154297,245.62372182491978
267,247.7900238037109,245.50271340600477
268,247.7900238037109,245.66756632924975
269,247.7900238037109,245.4751160841502
270,238.0087890625,246.1046558142432
271,241.2692108154297,239.71185703584564
272,241.2692108154297,239.85218570920802
273,241.2692108154297,241.1064390979369
274,234.7484130859375,241.82724480729928
275,254.31076049804688,241.54017872156598
276,254.31076049804688,242.5638346091921
277,254.31076049804688,250.9125603060771
278,254.31076049804688,250.57994107380304
279,254.31076049804688,253.31149751854784
280,254.31076049804688,252.75494147349832
281,254.31076049804688,252.0524198326528
282,256.9190979003906,252.80291830151347
283,256.2669982910156,255.92298059572244
284,254.31076049804688,255.4618210793365
285,257.5711975097656,255.2059807405055
286,257.5711975097656,257.6998957489693
287,244.5295867919922,257.11521541764506
288,244.5295867919922,251.25103824715683
289,244.5295867919922,249.9178413299931
290,240.6171112060547,249.91155679135295
291,243.87754821777344,247.89870884403584
292,244.5295867919922,246.53539511183035
293,244.5295867919922,247.28357635667518
294,244.5295867919922,246.9595074326188
295,244.5295867919922,243.8610134195249
296,221.0547790527344,245.74444990586045
297,227.57554626464844,232.70640268029118
298,238.660888671875,230.1465443733802
299,241.2692108154297,234.052876616835
300,244.5295867919922,241.1184333049407
301,260.8315734863281,244.51897729106773
302,254.31076049804688,248.39460188058544
303,257.5711975097656,254.90409755082416
304,228.2276306152344,252.18699448037714
305,234.7484130859375,237.29253676863235
306,234.09634399414065,236.24822103687129
307,228.2276306152344,235.83006678518325
308,224.9672393798828,232.7933251952491
309,234.7484130859375,235.9466199594553
310,238.0087890625,237.51586677389375
311,251.0503845214844,237.85885496263674
312,247.7900238037109,239.21949483834007
313,250.39828491210935,246.28115695775148
314,228.2276306152344,245.59014869105502
315,238.0087890625,235.75003561637953
316,243.2254180908203,235.02343862126858
317,244.5295867919922,241.02075503808084
318,242.5733337402344,241.8416946330151
319,250.39828491210935,242.8329590645671
320,250.39828491210935,246.0243105959366
321,250.39828491210935,249.2747708569103
322,250.39828491210935,250.7455108106027
323,251.7024688720703,250.6348908653574
324,260.8315734863281,251.09229775632724
325,260.8315734863281,254.95294910429092
326,260.8315734863281,259.2703934385465
327,257.5711975097656,258.5549443136433
328,257.5711975097656,256.9314858126969
329,260.8315734863281,257.0623486436976
330,260.8315734863281,257.94115851313416
331,273.8731689453125,261.77376009504417
332,290.1751403808594,269.7936693087913
333,319.5186767578125,282.44734700073633
334,293.4355163574219,299.81306291231544
335,293.4355163574219,295.1308740333583
336,248.4420318603516,285.9362719690043
337,249.0941619873047,273.9617538286121
338,249.0941619873047,268.6360100951354
339,286.9147033691406,268.34162017982226
340,280.3939208984375,266.4948281250325
341,280.3939208984375,279.6355593358802
342,248.4420318603516,268.5186926450251
343,248.4420318603516,261.9187320878931
344,261.4836730957031,259.6781751851836
345,284.306396484375,260.97633251699017
346,277.133544921875,272.6134074606217
347,286.9147033691406,277.4240422535895
348,286.9147033691406,271.50958511450494
349,277.133544921875,276.811469180963
350,279.0898132324219,276.54343236595685
351,260.8315734863281,276.2078003876041
352,286.9147033691406,273.27999815668056
353,254.31076049804688,271.03174515596567
354,254.31076049804688,264.31656746566716
355,260.8315734863281,259.77111609513514
356,260.8315734863281,264.66261187061787
357,296.6959228515625,266.52618339517613
358,294.0876159667969,282.5966181006222
359,306.47711181640625,293.1779066322203
360,311.6937255859375,300.2181033793933
361,314.30206298828125,306.2463456879328
362,312.9978942871094,314.46519505960026
363,312.3457946777344,313.8612725426316
364,319.5186767578125,316.12395130524095
365,322.77911376953125,314.6260877653848
366,322.77911376953125,322.38916436807216
367,319.5186767578125,328.12396024052543
368,319.5186767578125,319.47515048500964
369,319.5186767578125,323.0972235710566
370,319.5186767578125,321.9821207264814
371,319.5186767578125,322.9451987715745
372,319.5186767578125,318.9175901912672
373,319.5186767578125,320.8929757588982
374,319.5186767578125,320.12225924435586
375,319.5186767578125,317.2808812853053
376,319.5186767578125,322.286138388208
377,319.5186767578125,319.2261713293863
378,318.8666076660156,317.1786182505612
379,316.2582702636719,318.7136815750389
380,322.77911376953125,317.4709610776598
381,319.5186767578125,313.4154641917777
382,318.8666076660156,319.1308351266159
383,319.5186767578125,318.0334858375556
384,319.5186767578125,313.4236436731812
385,316.2582702636719,312.6664366101369
386,319.5186767578125,315.0034049359487
387,319.5186767578125,314.6623223357149
388,316.9103698730469,315.05062591600773
389,325.3873596191406,315.71775577473716
390,325.3873596191406,317.9848667162068
391,325.3873596191406,318.41455031066266
392,320.1707763671875,319.52496902705883
393,319.5186767578125,319.0813891856719
394,319.5186767578125,318.5172391752413
395,319.5186767578125,317.84487515813004
396,319.5186767578125,316.28124220034243
397,319.5186767578125,316.55360296245925
398,326.0394287109375,316.5607888409157
399,322.77911376953125,318.72649905305593
400,319.5186767578125,319.3784019466217
401,319.5186767578125,321.67046296780836
402,319.5186767578125,319.5500681472179
403,319.5186767578125,316.1733830518572
404,319.5186767578125,319.069710802462
405,309.73748779296875,322.5674025424468
406,329.29986572265625,316.2194400970353
407,329.29986572265625,322.11833659335934
408,326.0394287109375,328.3833970671666
409,326.0394287109375,328.241162805295
410,299.956298828125,323.26122128605067
411,332.5602722167969,314.91315030253617
412,326.0394287109375,323.53202776927174
413,326.0394287109375,329.2366819866096
414,326.0394287109375,324.3202920215756
415,312.9978942871094,323.88614431102184
416,332.5602722167969,325.6443318230076
417,332.5602722167969,328.8090849583425
418,326.0394287109375,329.8334505623594
419,326.0394287109375,328.7805046792867
420,329.29986572265625,324.41008533933416
421,312.9978942871094,326.74933540334223
422,322.77911376953125,324.13836687055095
423,326.0394287109375,325.80178950146086
424,326.0394287109375,328.3452391654175
425,326.0394287109375,323.27598693556035
426,326.0394287109375,320.8749418654091
427,315.606201171875,322.274310964556
428,319.5186767578125,324.90646098302943
429,319.5186767578125,316.48258164323624
430,319.5186767578125,314.91283802732426
431,319.5186767578125,314.1932104471705
432,326.0394287109375,317.3599011082522
433,326.0394287109375,317.1915954147662
434,326.0394287109375,322.5478605016273
435,326.0394287109375,321.52646860928775
436,329.29986572265625,320.30108648333487
437,326.0394287109375,324.68363487640545
438,329.29986572265625,322.9573491161843
439,329.29986572265625,323.4453678493784
440,326.0394287109375,325.490578864114
441,326.0394287109375,324.6481490568676
442,326.0394287109375,323.2404017557278
443,326.0394287109375,323.5906645374761
444,329.29986572265625,322.16634890719405
445,329.29986572265625,324.6181138592108
446,335.8206481933594,325.5380979250571
447,319.5186767578125,329.46821631334814
448,326.0394287109375,327.2699549589458
449,326.0394287109375,326.93991554575217
450,319.5186767578125,328.76869499854456
451,326.0394287109375,326.9223678079907
452,326.0394287109375,325.9979905976856
453,329.29986572265625,327.4606202673226
454,329.29986572265625,328.3554555328625
455,329.29986572265625,327.99114746374113
456,329.29986572265625,326.35388143041257
457,326.0394287109375,326.2281232345524
458,326.0394287109375,324.5866485830266
459,326.0394287109375,321.58859363355265
460,326.0394287109375,323.62621068290713
461,326.0394287109375,321.12446395407136
462,326.0394287109375,319.26904884513385
463,294.0876159667969,319.352273737696
464,306.47711181640625,305.3967725852134
465,326.0394287109375,297.3728450459763
466,326.0394287109375,319.45552327822327
467,326.0394287109375,321.49846320050847
468,326.0394287109375,322.43253158812934
469,326.0394287109375,320.72167861082517
470,326.0394287109375,323.6145961741724
471,326.0394287109375,324.043073250764
472,326.0394287109375,320.21853582134395
473,326.0394287109375,321.3178971563721
474,326.0394287109375,319.87197775915547
475,326.0394287109375,317.7523281407753
476,329.29986572265625,325.0776800622995
477,326.0394287109375,327.4344956069789
478,319.5186767578125,319.7837067830551
479,319.5186767578125,320.62947580592
480,319.5186767578125,318.2732635201728
481,326.0394287109375,318.72062969850435
482,326.0394287109375,322.8102923314375
483,326.0394287109375,321.7162787094137
484,326.0394287109375,321.3697419387169
485,326.0394287109375,321.2089414960631
486,326.0394287109375,322.9194041293524
487,319.5186767578125,322.72345853102837
488,319.5186767578125,320.1403392694104
489,316.2582702636719,316.55110830934575
490,316.2582702636719,316.57381923385
491,316.2582702636719,313.991693575179
492,316.2582702636719,315.22727432566705
493,316.2582702636719,313.4292468840862
494,316.2582702636719,313.8533840449483
495,322.77911376953125,313.2977683741166
496,322.77911376953125,317.2470739450316
497,322.77911376953125,318.1759826944917
498,322.77911376953125,317.71313405309576
499,322.77911376953125,317.1268657313472
500,322.77911376953125,319.35692238005544
501,326.0394287109375,319.1964626012692
502,326.0394287109375,320.51600280078384
503,325.3873596191406,321.69732218461655
504,324.7352905273437,321.08578086219313
505,324.7352905273437,321.07173912340204
506,324.7352905273437,321.5739983159767
507,324.7352905273437,321.76948614722875
508,324.7352905273437,321.017917780909
509,324.7352905273437,320.71739192382495
510,324.7352905273437,320.31764061814926
511,324.7352905273437,320.6866541069413
512,324.7352905273437,320.7585128915054
513,324.7352905273437,320.6204517620115
514,326.0394287109375,320.47760004687996
515,312.9978942871094,321.3741244374298
516,312.9978942871094,318.46529858118373
517,312.9978942871094,312.17172879995985
518,312.9978942871094,313.1795331719984
519,312.9978942871094,312.3494382356234
520,312.9978942871094,313.0955027513328
521,312.9978942871094,310.6640143966
522,312.9978942871094,310.7357525293777
523,312.9978942871094,310.6726268050018
524,312.9978942871094,310.7099294985
525,312.9978942871094,310.5008115639635
526,312.9978942871094,309.9094261870376
527,312.9978942871094,308.84085234904046
528,312.9978942871094,309.94389711213665
529,312.9978942871094,310.42620972554914
530,312.9978942871094,309.4423653788625
531,312.9978942871094,310.5745404512173
532,312.9978942871094,310.4206987777749
533,312.9978942871094,310.88512298955834
534,312.9978942871094,310.83471538290485
535,312.9978942871094,310.3877750344077
536,312.9978942871094,310.234337899308
537,312.9978942871094,310.234337899308
538,312.9978942871094,310.234337899308
539,309.73748779296875,310.234337899308
540,309.73748779296875,309.49033156113177
541,309.73748779296875,307.7869341545125
542,309.73748779296875,308.2556060188946
543,309.73748779296875,307.89384938019805
544,316.2582702636719,308.0524319591307
545,316.2582702636719,311.4478500186255
546,316.2582702636719,312.2579061127075
547,316.2582702636719,312.50204145396395
548,316.2582702636719,312.0326279359535
549,316.2582702636719,313.67596914158696
550,316.2582702636719,313.33245221413284
551,316.2582702636719,312.6524374543292
552,316.2582702636719,313.21762365069037
553,316.2582702636719,313.34702269163506
554,326.0394287109375,312.96314774162056
555,319.5186767578125,319.64613890645273
556,326.0394287109375,320.31730350286364
557,319.5186767578125,322.4771833948538
558,319.5186767578125,318.80563952778925
559,319.5186767578125,319.2736832931655
560,326.0394287109375,320.38275709700116
561,332.5602722167969,324.5866095486251
562,332.5602722167969,333.0490371341823
563,358.6434020996094,328.2496723048202
564,374.94537353515625,345.7125492774394
565,365.1642150878906,362.3051507202209
566,374.94537353515625,366.5780337365918
567,391.2473449707031,368.14938131154696
568,410.8096618652344,381.3170404929782
569,410.8096618652344,399.46966243711836
570,440.1532287597656,404.91569955024636
571,440.1532287597656,417.7992805519493
572,436.8928527832031,424.5348155697712
573,423.8512878417969,428.58552187001567
574,423.8512878417969,421.80060478572494
575,427.1116943359375,422.3543822911047
576,427.1116943359375,418.2971182114096
577,427.1116943359375,414.8270450847711
578,391.2473449707031,407.40264514375286
579,391.2473449707031,394.5552596779785
580,391.2473449707031,395.97726163282664
581,397.7682189941406,402.26161574671653
582,397.7682189941406,397.99949912799343
583,391.2473449707031,396.1482181170321
584,404.2889404296875,391.7354925830265
585,391.2473449707031,405.17294335324004
586,394.5077209472656,399.36502185246513
587,391.2473449707031,386.0187057639887
588,391.2473449707031,381.40606731703474
589,391.2473449707031,384.0667656773264
590,387.9869689941406,383.24079064459966
591,378.2057495117188,385.09194390661065
592,394.5077209472656,377.87241069894833
593,394.5077209472656,381.22281854494133
594,391.2473449707031,383.8346103487459
595,391.2473449707031,378.32679242380254
596,391.2473449707031,381.9610371459509
597,391.2473449707031,386.25647494922003
598,391.2473449707031,382.889793306387
599,391.2473449707031,382.4121896612272
600,391.2473449707031,381.7526998994442
601,391.2473449707031,386.2468937779448
602,391.2473449707031,382.33065034509315
603,423.8512878417969,387.713047189462
604,423.8512878417969,411.63184511627264
605,404.2889404296875,404.6156172659065
606,339.0810546875,392.6988545146759
607,342.3414001464844,367.56466726869417
608,381.4662170410156,356.2927102471217
609,381.4662170410156,379.7948904582303
610,381.4662170410156,380.4930171803261
611,391.2473449707031,377.62142659452104
612,384.7265625,379.30679010765124
613,391.2473449707031,383.19679532553664
614,371.68499755859375,385.60875228519586
615,387.9869689941406,383.2543746163187
616,387.9869689941406,385.0520507482862
617,387.9869689941406,380.4299730733352
618,352.1226501464844,370.5182868749428
619,391.2473449707031,375.29909971785054
620,391.2473449707031,382.8043931330872
621,387.9869689941406,390.88158311315965
622,387.9869689941406,379.75269781879985
623,404.2889404296875,385.5345372422144
624,404.2889404296875,399.6804198165175
625,391.2473449707031,400.22346641006897
626,391.2473449707031,386.8599609906084
627,391.2473449707031,384.44446254615934
628,391.2473449707031,387.1143020535639
629,391.2473449707031,382.39047233967005
630,391.2473449707031,378.8812583540813
631,378.2057495117188,385.4679942334171
632,378.2057495117188,380.79386595836786
633,378.2057495117188,374.57302436428677
634,378.2057495117188,383.4269492538952
635,378.2057495117188,375.7780660184806
636,387.9869689941406,372.2394484828228
637,391.2473449707031,379.7739751161947
638,391.2473449707031,385.0096664854302
639,387.9869689941406,378.7291235485587
640,329.29986572265625,370.08404690125826
641,387.9869689941406,357.9932900796697
642,332.5602722167969,365.1531290417055
643,391.2473449707031,371.0086228321528
644,391.2473449707031,386.3967220051975
645,391.2473449707031,393.8852448221206
646,423.8512878417969,393.888055299028
647,407.5493469238281,416.6593482794436
648,440.1532287597656,418.0357722476773
649,440.1532287597656,429.18683617924825
650,440.1532287597656,430.4953260945588
651,368.4245910644531,418.8716052410716
652,391.2473449707031,391.65083051477313
653,391.2473449707031,398.7204574263798
654,417.33056640625,416.78045428436235
655,417.33056640625,411.4429186130532
656,397.7682189941406,410.23621622250505
657,397.7682189941406,400.3136571690063
658,433.6325073242188,401.7841185590154
659,433.6325073242188,430.6305696499814
660,433.6325073242188,427.8926683407032
661,433.6325073242188,415.32536535137706
662,433.6325073242188,405.556630228411
663,391.2473449707031,406.7834033984898
664,420.59088134765625,409.8825787393188
665,440.1532287597656,408.42389864139625
666,391.2473449707031,413.6671130043738
667,423.8512878417969,412.590146770056
668,391.2473449707031,405.2609481856939
669,391.2473449707031,410.6021743822349
670,423.8512878417969,404.6577034478784
671,391.2473449707031,409.71010346203707
672,391.2473449707031,405.6653161964915
673,391.2473449707031,390.1903122513986
674,397.7682189941406,391.7072387735105
675,404.2889404296875,389.0607773240174
676,404.2889404296875,404.6439207555699
677,423.8512878417969,397.86363102214693
678,384.7265625,400.7381527366458
679,384.7265625,402.52006606757453
680,358.6434020996094,375.37147659537993
681,326.0394287109375,370.92880812684825
682,381.4662170410156,367.37796217777776
683,391.2473449707031,376.8632578657673
684,391.2473449707031,384.8971125630201
685,391.2473449707031,391.43851175931434
686,391.2473449707031,384.9582546300838
687,391.2473449707031,390.6028065148704
688,391.2473449707031,387.9300926560832
689,391.2473449707031,377.6947119090306
690,391.2473449707031,377.92666851702165
691,384.7265625,380.12210520018874
692,384.7265625,372.067285480753
693,348.8622436523437,365.92883486247484
694,384.7265625,369.6740721309737
695,384.7265625,378.2859553426784
696,384.7265625,383.55481175885393
697,384.7265625,384.17149852511034
698,384.7265625,380.1256041019952
699,384.7265625,386.5269478657375
700,384.7265625,390.38962190541486
701,384.7265625,382.1391333770474
702,384.7265625,374.49747505449074
703,384.7265625,374.19811668086953
704,348.8622436523437,373.52152275406934
705,348.8622436523437,364.90139263790405
706,352.1226501464844,350.0537708850763
707,352.1226501464844,348.1535691233001
708,352.1226501464844,344.3890488604644
709,352.1226501464844,352.1121613331883
710,319.5186767578125,347.65412040763283
711,319.5186767578125,338.2636641209401
712,332.5602722167969,325.48880457313714
713,352.1226501464844,335.257631959234
714,352.1226501464844,347.06679460846203
715,326.0394287109375,352.6119507127231
716,332.5602722167969,334.99380198813407
717,326.0394287109375,329.6388072936124
718,332.5602722167969,338.94377824103844
719,332.5602722167969,334.41369400465726
720,332.5602722167969,338.93683721473684
721,332.5602722167969,331.2220568124405
722,332.5602722167969,328.6698882826234
723,326.0394287109375,331.309699689535
724,326.0394287109375,332.70170902970983
725,326.0394287109375,323.6628710830717
726,326.0394287109375,323.22227205052593
727,326.0394287109375,318.15859109433626
728,326.0394287109375,321.4553798670076
729,326.0394287109375,320.8424900834417
730,326.0394287109375,317.673191214624
731,326.0394287109375,321.7690248315747
732,326.0394287109375,320.64181067679135
733,326.0394287109375,322.0767259213693
734,326.0394287109375,322.64158209960874
735,326.0394287109375,321.4021050061354
736,326.0394287109375,322.1762671937549
737,326.0394287109375,321.91768202678264
738,326.0394287109375,321.4040318861363
739,326.0394287109375,322.01809979891084
740,326.0394287109375,321.66526429524606
741,326.0394287109375,321.85568120288616
742,326.0394287109375,321.8495740933437
743,326.0394287109375,321.73492650758084
744,326.0394287109375,321.8075837230846
745,326.0394287109375,321.8075553344289
746,326.0394287109375,321.8077753465101
747,326.0394287109375,321.80792083837014
748,309.73748779296875,321.8078711582228
749,296.6959228515625,318.2820533576723
750,296.6959228515625,306.3090846168757
751,296.6959228515625,298.0310732868747
752,296.6959228515625,298.7135773769189
753,283.65435791015625,298.3164839591266
754,283.65435791015625,292.6688093222207
755,283.65435791015625,282.07994545529675
756,283.65435791015625,284.3202761359067
757,283.65435791015625,284.49584843808856
758,283.65435791015625,284.7932941260367
759,283.65435791015625,281.67424051624806
760,283.65435791015625,279.6418314544835
761,283.65435791015625,280.28192466730707
762,283.65435791015625,281.30406752830265
763,277.133544921875,281.5988287140027
764,277.133544921875,277.6449472466582
765,277.133544921875,276.7754382105225
766,277.133544921875,279.4286162385086
767,277.133544921875,280.76923945055614
768,277.133544921875,279.2563192774701
769,277.133544921875,278.7741588095089
770,277.133544921875,279.6826840606537
771,277.133544921875,279.5422542527056
772,277.133544921875,279.1439201619477
773,277.133544921875,278.2867615217294
774,277.133544921875,278.01276353261363
775,277.133544921875,277.6951401641035
776,277.133544921875,278.3401419529147
777,277.133544921875,278.59815757248333
778,277.133544921875,277.95719894923576
779,277.133544921875,278.0900059595744
780,277.133544921875,278.06796571705945
781,277.133544921875,278.3230235935696
782,277.133544921875,278.23445276229415
783,277.133544921875,278.1577421790537
784,277.133544921875,278.15740062804065
785,277.133544921875,278.156180802994
786,277.133544921875,278.1541181897334
787,322.77911376953125,278.1547400787208
788,322.77911376953125,303.80624492479814
789,322.77911376953125,313.5967789867063
790,322.77911376953125,314.1387574570897
791,322.77911376953125,312.1159202515727
792,322.77911376953125,322.4068859863494
793,322.77911376953125,322.2995484794113
794,322.77911376953125,320.0083320207296
795,322.77911376953125,320.0834200148717
796,322.77911376953125,320.0532073881172
797,322.77911376953125,319.714686864054
798,322.77911376953125,320.4507550243996
799,322.77911376953125,322.6040629426114
800,322.77911376953125,321.04355983410704
801,322.77911376953125,319.10207386988054
802,322.77911376953125,317.0757058253195
803,322.77911376953125,319.77203904559104
804,322.77911376953125,319.0224401422557
805,322.77911376953125,317.8229555674015
806,322.77911376953125,319.61652599004844
807,322.77911376953125,318.908466787064
808,322.77911376953125,318.9085661473587
809,322.77911376953125,318.9085661473587
810,306.47711181640625,318.9085661473587
811,306.47711181640625,314.43569569781846
812,306.47711181640625,305.8991382352467
813,306.47711181640625,308.2162699879369
814,306.47711181640625,306.3891051399335
815,306.47711181640625,308.0492559782821
816,306.47711181640625,304.45781425166024
817,306.47711181640625,304.895340212234
818,306.47711181640625,305.1619877574052
819,306.47711181640625,304.53659277103424
820,306.47711181640625,304.3701678259837
821,306.47711181640625,303.3637970810545
822,306.47711181640625,302.6686582649638
823,306.47711181640625,304.63937744732556
824,306.47711181640625,305.0805619958937
825,306.47711181640625,303.6514344884823
826,306.47711181640625,305.20027695668654
827,306.47711181640625,304.8487544283447
828,306.47711181640625,305.3697572307993
829,306.47711181640625,305.0833369869815
830,306.47711181640625,304.4752519833811
831,306.47711181640625,304.4754258638968
832,306.47711181640625,304.4754258638968
833,306.47711181640625,304.4754258638968
834,306.47711181640625,304.4754258638968
835,306.47711181640625,304.4754258638968
836,306.47711181640625,304.4754258638968
837,306.47711181640625,304.4754258638968
838,306.47711181640625,304.4754258638968
839,306.47711181640625,304.4754258638968
840,306.47711181640625,304.4754258638968
841,312.9978942871094,304.4754258638968
842,312.9978942871094,308.5645100779715
843,312.9978942871094,309.3265077266534
844,312.9978942871094,309.512967965415
845,312.9978942871094,309.1172088144373
846,312.9978942871094,310.7767244566161
847,312.9978942871094,310.6514062849182
848,312.9978942871094,310.1292430961647
849,312.9978942871094,310.33533763887664
850,312.9978942871094,310.3495639039293
851,312.9978942871094,310.27672571074595
852,312.9978942871094,310.43439985269845
853,312.9978942871094,310.726515570552
854,312.9978942871094,310.4820927941573
855,310.3895874023437,310.2350795529363
856,310.3895874023437,309.31402381533997
857,306.47711181640625,308.28219909205626
858,306.47711181640625,307.34690999224324
859,297.3479919433594,304.9321283613489
860,296.0438232421875,302.5742943736488
861,283.0022888183594,297.1337948226597
862,269.960693359375,290.6969883051623
863,269.960693359375,281.062136743585
864,269.960693359375,276.90943488296114
865,243.87754821777344,274.2718133946877
866,230.8359222412109,262.4904760637048
867,260.8315734863281,252.60204372285563
868,297.3479919433594,253.2336824391743
869,296.0438232421875,277.1731637194754
870,293.4355163574219,295.62092078113903
871,293.4355163574219,288.39283194238607
872,293.4355163574219,288.6293963840441
873,293.4355163574219,286.8833796210144
874,293.4355163574219,288.36624774067934
875,293.4355163574219,292.3807176963027
876,293.4355163574219,290.7614429734798
877,297.3479919433594,289.89038143273933
878,297.3479919433594,286.6272846714282
879,297.3479919433594,293.2494212043349
880,302.56463623046875,296.33122623650013
881,299.956298828125,295.01768314048746
882,312.9978942871094,295.5806727646192
883,312.9978942871094,305.8466653538961
884,312.9978942871094,309.4819994907043
885,306.47711181640625,310.1596579920906
886,306.47711181640625,308.8569664596926
887,309.0854187011719,311.0231983133801
888,306.47711181640625,311.5975469483459
889,306.47711181640625,312.6491763075137
890,306.47711181640625,313.0727137580256
891,316.9103698730469,309.6732574122674
892,318.2145080566406,315.1057034565124
893,342.3414001464844,318.95354087504097
894,345.601806640625,333.1146788031634
895,329.29986572265625,340.6364305415017
896,345.601806640625,340.31222499704006
897,345.601806640625,338.41161869692115
898,329.29986572265625,340.93544115409145
899,329.29986572265625,339.1896452902883
900,339.0810546875,334.0095389087769
901,326.0394287109375,336.3573729925312
902,306.47711181640625,338.4335986135429
903,335.8206481933594,326.641855953126
904,339.0810546875,326.31350211636044
905,332.5602722167969,340.111978517388
906,339.0810546875,337.6926901874123
907,339.0810546875,338.97388441033434
908,345.601806640625,336.215344548413
909,311.6937255859375,334.19233346238025
910,311.6937255859375,323.678736792987
911,326.0394287109375,313.154306302889
912,326.0394287109375,325.1722994515152
913,326.0394287109375,322.7467833602106
914,323.43115234375,322.7137709022946
915,319.5186767578125,322.44218373104366
916,324.7352905273437,326.4198744090071
917,324.7352905273437,323.6658341490031
918,314.30206298828125,328.32441253793075
919,326.0394287109375,325.5570970328377
920,326.0394287109375,327.13938843453826
921,320.8228454589844,323.6049475798401
922,293.4355163574219,320.8115961289521
923,294.7396850585937,312.78076837210585
924,307.78125,301.63340206293077
925,299.956298828125,303.524845924445
926,305.17291259765625,303.31948593819754
927,310.3895874023437,308.0743444526953
928,310.3895874023437,309.1459274881892
929,299.956298828125,308.29322453618664
930,311.6937255859375,308.07046940120176
931,326.0394287109375,306.2998512066319
932,326.0394287109375,324.80803041679536
933,322.1269836425781,325.4783398049554
934,327.828369140625,320.22490907453295
935,313.574951171875,320.97722619164495
936,313.574951171875,321.41429438514666
937,320.70166015625,314.4654044259355
938,320.70166015625,324.63110166916164
939,326.40301513671875,325.34639288216783
940,320.70166015625,324.8082362345487
941,327.828369140625,322.47699532001025
942,320.70166015625,329.2451560003152
943,327.828369140625,329.21114993945207
944,327.828369140625,325.038329837014
945,327.828369140625,325.5958759364286
946,327.828369140625,323.07399100500515
947,327.828369140625,326.8699091209679
948,340.6564025878906,327.06196192488864
949,327.828369140625,330.06444550464096
950,334.9550476074219,328.11468069871626
951,327.828369140625,331.27261345953605
952,349.2084350585937,333.46596712509626
953,327.828369140625,343.1254130210497
954,327.828369140625,341.0663838281861
955,329.25372314453125,332.4861433217633
956,327.828369140625,332.3834154227832
957,315.00030517578125,331.3483153583561
958,340.6564025878906,330.0729691984939
959,339.2310791015625,335.04978441703696
960,309.2989196777344,333.63098328311116
961,339.2310791015625,321.2371917569972
962,312.14959716796875,325.0859056752684
963,313.574951171875,327.7294218017398
964,330.6790466308594,317.1827417027915
965,334.9550476074219,320.80012711207746
966,306.4482421875,330.20243211391386
967,327.828369140625,328.76019614476525
968,320.70166015625,318.3742064824301
969,320.70166015625,328.31386615236414
970,327.828369140625,331.17929994847935
971,320.70166015625,329.5124103530005
972,320.70166015625,323.03263583091575
973,327.828369140625,320.4380901354065
974,320.70166015625,319.40923557521813
975,320.70166015625,321.648532731334
976,320.70166015625,321.97689011668155
977,322.1269836425781,319.18000782674955
978,323.5523376464844,320.61232196075537
979,343.5071105957031,322.38614807341145
980,322.1269836425781,331.78477674434373
981,322.1269836425781,328.21069113205783
982,322.1269836425781,321.26363224113487
983,354.9098205566406,318.7569174975638
984,363.4618835449219,342.2616101046957
985,337.8057556152344,351.27949367489674
986,322.1269836425781,340.9404730433019
987,322.1269836425781,325.4124994153849
988,320.70166015625,326.97681015232564
989,320.70166015625,327.9117195538696
990,320.70166015625,322.637724791025
991,322.1269836425781,319.11765924182157
992,322.1269836425781,319.85222990058264
993,342.0817565917969,319.97244166284906
994,342.0817565917969,332.1500500277565
995,324.9776916503906,335.89676705493
996,323.5523376464844,330.1919566999863
997,324.9776916503906,318.32852558693907
998,326.40301513671875,330.4223128975162
999,326.40301513671875,332.6456485320039
1000,326.40301513671875,324.95167701428454
1001,334.9550476074219,323.5613355076281
1002,324.9776916503906,330.2117506901245
1003,323.5523376464844,331.28469992967064
1004,323.5523376464844,328.20791614097
1005,323.5523376464844,323.61175730860936
1006,323.5523376464844,321.28372786073913
1007,323.5523376464844,318.63128705065395
1008,324.9776916503906,318.7505619872845
1009,324.9776916503906,319.7063760851182
1010,324.9776916503906,317.393626831141
1011,324.9776916503906,319.75288380020453
1012,324.9776916503906,320.5223263738255
1013,324.9776916503906,322.4806787480783
1014,324.9776916503906,321.25251453387364
1015,324.9776916503906,319.9032549604961
1016,334.9550476074219,321.79575984801454
1017,334.9550476074219,327.0952121377956
1018,334.9550476074219,328.8798791683205
1019,334.9550476074219,329.6886719672269
1020,334.9550476074219,330.06098918581796
1021,320.70166015625,331.5090625722806
1022,324.9776916503906,327.84001690691144
1023,327.828369140625,323.33493597897666
1024,327.828369140625,325.57831400433935
1025,327.828369140625,325.1675337059513
1026,315.00030517578125,324.2157472486351
1027,327.828369140625,322.3298569178786
1028,315.00030517578125,324.5467057445548
1029,315.00030517578125,322.1621260946691
1030,315.00030517578125,314.41098692167424
1031,315.00030517578125,319.1373645174109
1032,327.828369140625,316.6761213029956
1033,327.828369140625,320.9499943737316
1034,327.828369140625,325.507931429868
1035,327.828369140625,325.630861405911
1036,327.828369140625,322.11259498775814
1037,327.828369140625,323.50209548049156
1038,327.828369140625,323.23434432633275
1039,299.321533203125,322.231539906267
1040,299.321533203125,312.70085430650664
1041,299.321533203125,300.44939285397703
1042,299.321533203125,299.03233584808146
1043,285.068115234375,299.290743585956
1044,307.87359619140625,299.7730224878399
1045,327.828369140625,298.36429932666283
1046,327.828369140625,318.062325163094
1047,320.70166015625,320.18379875259836
1048,326.40301513671875,319.87714449448015
1049,326.40301513671875,320.168241769313
1050,326.40301513671875,326.2192695225777
1051,326.40301513671875,322.38059099407184
1052,327.828369140625,319.76703909361817
1053,320.70166015625,322.56446076800717
1054,320.70166015625,320.2158388990591
1055,320.70166015625,319.00950556103413
1056,320.70166015625,322.8013073219305
1057,324.9776916503906,323.434342405248
1058,324.9776916503906,313.9145935350692
1059,324.9776916503906,319.82408609710717
1060,324.9776916503906,324.647890010385
1061,324.9776916503906,320.08713892875926
1062,324.9776916503906,320.8872802848624
1063,324.9776916503906,324.86880697991785
1064,327.828369140625,325.77129298815004
1065,327.828369140625,319.52052975103464
1066,327.828369140625,321.4200750251494
1067,327.828369140625,326.0591716991508
1068,327.828369140625,323.47391264261466
1069,327.828369140625,322.0456971207654
1070,327.828369140625,325.79006143810363
1071,266.5386962890625,323.30192706964255
1072,285.068115234375,298.86917559842846
1073,285.068115234375,277.374439287894
1074,282.2174377441406,292.21413483935527
1075,285.068115234375,289.9508120091213
1076,285.068115234375,296.97970119989856
1077,263.68804931640625,287.7863242834641
1078,276.5160827636719,280.59045213312413
1079,270.8147277832031,273.387937259153
1080,263.68804931640625,272.21812914249875
1081,256.5613098144531,272.4008154643525
1082,249.43463134765625,265.3060797848795
1083,249.43463134765625,255.219378411672
1084,270.8147277832031,259.81836723814075
1085,270.8147277832031,264.1159093505085
1086,279.36676025390625,270.0110860457995
1087,285.068115234375,285.43378832862106
1088,287.9187927246094,288.42535824457445
1089,287.9187927246094,284.03157149245624
1090,287.9187927246094,284.3758300735387
1091,296.4708251953125,288.46687665343376
1092,303.5975646972656,293.85279191680974
1093,295.0455017089844,300.51480209084013
1094,292.19482421875,294.32084277934996
1095,272.2400817871094,289.42376597159944
1096,273.6654052734375,281.8155645668485
1097,296.4708251953125,277.5705290473599
1098,296.4708251953125,290.04325966618126
1099,296.4708251953125,295.4393717798015
1100,285.068115234375,293.6449709889774
1101,283.6427917480469,283.92563123966244
1102,285.068115234375,285.37020483717316
1103,285.068115234375,299.24188316103437
1104,277.9414367675781,292.61952306746457
1105,320.70166015625,284.5221301231838
1106,287.9187927246094,301.7805670794271
1107,299.321533203125,302.2805392109326
1108,285.068115234375,295.70225427951976
1109,285.068115234375,291.9735640486714
1110,285.068115234375,294.5246502609926
1111,285.068115234375,294.26162759228714
1112,285.068115234375,291.7130413559524
1113,285.068115234375,293.00644447508637
1114,285.068115234375,290.7638542349174
1115,285.068115234375,286.66709177664023
1116,285.068115234375,287.0521918745743
1117,292.19482421875,285.63588184518
1118,292.19482421875,289.954291393727
1119,316.4256286621094,297.1507765615995
1120,283.6427917480469,294.32368696778593
1121,302.1722106933594,289.7102607356382
1122,277.9414367675781,289.6346351313301
1123,285.068115234375,285.7147180290108
1124,285.068115234375,289.47224669825204
1125,312.14959716796875,295.63552851875176
1126,306.4482421875,304.950080637453
1127,306.4482421875,309.76373560634306
1128,306.4482421875,306.39628037264407
1129,306.4482421875,304.9763082066735
1130,306.4482421875,308.72541342950194
1131,306.4482421875,309.66842779222833
1132,306.4482421875,306.49989896569457
1133,306.4482421875,305.52977343684125
1134,306.4482421875,300.9573475205875
1135,306.4482421875,300.88898231495693
1136,306.4482421875,302.21017260508
1137,292.19482421875,302.25564235994483
1138,292.19482421875,299.23181760832244
1139,292.19482421875,292.52456833725427
1140,292.19482421875,293.3568492001128
1141,305.0228881835937,292.24363597542805
1142,305.0228881835937,298.9633673835187
1143,305.0228881835937,299.4516309688677
1144,285.068115234375,301.64686715715436
1145,285.068115234375,293.7223283012789
1146,250.8599548339844,285.9526291575203
1147,299.321533203125,277.69888524878303
1148,263.68804931640625,280.78905207074956
1149,285.068115234375,296.9311636959347
1150,280.7921142578125,284.8180729866745
1151,286.4934387207031,284.89693755916085
1152,286.4934387207031,287.81185987920355
1153,286.4934387207031,290.7861446524601
1154,286.4934387207031,283.53584346496746
1155,246.5839385986328,282.4480061498342
1156,285.068115234375,271.5631860013441
1157,279.36676025390625,267.3020559992973
1158,279.36676025390625,270.7243541235193
1159,277.9414367675781,270.4452905336645
1160,253.7106475830078,273.0501818980736
1161,269.389404296875,267.2812275975196
1162,283.6427917480469,272.697316675035
1163,270.8147277832031,279.69737518994236
1164,277.9414367675781,271.18478751132295
1165,262.2626953125,268.23194948024957
1166,266.5386962890625,266.71119847393703
1167,266.5386962890625,264.74670616575867
1168,266.5386962890625,268.78336229932984
1169,277.9414367675781,274.25791393185426
1170,277.9414367675781,272.5001564636441
1171,270.8147277832031,275.50495449508253
1172,269.389404296875,273.7829892997298
1173,267.9640808105469,273.3598352624087
1174,283.6427917480469,273.23733255781156
1175,282.2174377441406,274.72348732972483
1176,280.7921142578125,278.8366071983043
1177,262.2626953125,272.2321464847889
1178,262.2626953125,268.054417030111
1179,280.7921142578125,267.1061627425571
1180,277.9414367675781,269.5571456758258
1181,276.5160827636719,275.05848766048985
1182,277.9414367675781,272.58218781284467
1183,275.0907287597656,279.43361796477245
1184,277.9414367675781,277.31727163261854
1185,272.2400817871094,275.0272789911382
1186,270.8147277832031,271.23867538972763
1187,243.73324584960935,269.2325817245868
1188,256.5613098144531,261.1521505584724
1189,269.389404296875,257.7318436322992
1190,267.9640808105469,263.371697194579
1191,262.2626953125,267.0074261111295
1192,262.2626953125,267.71340140936155
1193,252.2852935791016,265.31321775747955
1194,252.2852935791016,261.04515548969283
1195,266.5386962890625,258.97662230721147
1196,250.8599548339844,263.01044445451987
1197,252.2852935791016,259.161400518127
1198,277.9414367675781,258.08376892469283
1199,277.9414367675781,264.04845967902196
1200,263.68804931640625,275.2169475915587
1201,263.68804931640625,269.70752171541756
1202,263.68804931640625,263.2573299467905
1203,263.68804931640625,258.0632244094714
1204,263.68804931640625,260.6796435641437
1205,263.68804931640625,261.3672540636194
1206,283.6427917480469,265.38545091743975
1207,282.2174377441406,277.1200099539624
1208,282.2174377441406,278.4856657502574
1209,273.8498229980469,274.64600071596834
1210,258.63592529296875,270.1007595989171
1211,269.28564453125,264.80119907738646
1212,267.7642517089844,263.50061717695996
1213,257.1145324707031,266.18108734875256
1214,257.1145324707031,262.1544697099559
1215,255.5931396484375,262.6758752764622
1216,258.63592529296875,260.3544816768455
1217,255.5931396484375,260.88483942847574
1218,252.55039978027344,262.9060274305298
1219,255.5931396484375,260.88648330906585
1220,255.5931396484375,261.35789734015276
1221,251.02899169921875,262.31218909632827
1222,251.02899169921875,259.8417896533267
1223,257.1145324707031,260.3611414780273
1224,252.55039978027344,260.26777030251384
1225,251.02899169921875,255.8548087878083
1226,261.6787109375,255.08446132578914
1227,260.1573181152344,257.86800449615686
1228,258.63592529296875,261.97099915149033
1229,251.02899169921875,262.3897690821474
1230,257.1145324707031,258.4965719147946
1231,252.55039978027344,257.5074313095419
1232,252.55039978027344,256.1664594493174
1233,251.02899169921875,254.75355073572587
1234,249.50762939453125,255.7027023709413
1235,255.5931396484375,254.60710962994807
1236,251.02899169921875,254.04823990946466
1237,252.55039978027344,256.4913072871127
1238,251.02899169921875,257.21791137938754
1239,251.02899169921875,255.1180202653261
1240,251.02899169921875,253.68696410362284
1241,251.02899169921875,253.7454997372415
1242,247.9862365722656,253.69756904079173
1243,247.9862365722656,251.48552144549896
1244,243.42208862304688,251.43087505770166
1245,254.0717620849609,249.05232267426442
1246,243.42208862304688,250.29787848862458
1247,246.46485900878903,248.34710943400697
1248,249.50762939453125,246.25573136805264
1249,249.50762939453125,246.67256909583583
1250,249.50762939453125,247.16338588590054
1251,247.9862365722656,250.06172745676415
1252,247.9862365722656,248.7641441080886
1253,247.9862365722656,248.86311405877964
1254,246.46485900878903,249.98579490011707
1255,246.46485900878903,248.49064247687363
1256,234.29373168945312,248.79649298117928
1257,249.50762939453125,244.6476754870766
1258,244.94346618652344,243.73386063095694
1259,244.94346618652344,249.41566375480335
1260,244.94346618652344,248.10707980207107
1261,251.02899169921875,247.24872041043415
1262,249.50762939453125,247.20234399288015
1263,249.50762939453125,248.20004200351434
1264,249.50762939453125,248.95591834832598
1265,247.9862365722656,249.61526971541272
1266,251.02899169921875,248.46751991686278
1267,246.46485900878903,249.38693975817844
1268,244.94346618652344,247.7957769015934
1269,249.50762939453125,247.8527493848614
1270,249.50762939453125,249.54622318204696
1271,251.02899169921875,249.03423555204597
1272,249.50762939453125,248.7395879209684
1273,249.50762939453125,250.59757575182238
1274,247.9862365722656,250.16957773379454
1275,246.46485900878903,250.59782237826818
1276,249.50762939453125,249.44367093787358
1277,249.50762939453125,250.30495968391335
1278,249.50762939453125,251.42819765261754
1279,251.02899169921875,250.6133083899145
1280,249.50762939453125,251.97863416808778
1281,234.29373168945312,249.45490397404828
1282,229.7295684814453,245.09386176190856
1283,243.42208862304688,241.35154320206672
1284,238.8578948974609,241.45614120373645
1285,237.33653259277344,243.83003075048643
1286,235.8151397705078,242.9460807600898
1287,235.8151397705078,241.53956481688797
1288,240.3793029785156,241.65034799690315
1289,240.3793029785156,241.6392941641171
1290,228.20819091796875,244.0989103537066
1291,228.20819091796875,238.33446075615655
1292,223.6440277099609,233.7459597636522
1293,212.9943084716797,229.48578421925782
1294,226.68679809570312,223.73893381390755
1295,226.68679809570312,224.43969003523105
1296,226.68679809570312,230.8193980948011
1297,237.33653259277344,229.72159103866872
1298,237.33653259277344,233.27675561197702
1299,237.33653259277344,236.65422494394957
1300,237.33653259277344,235.94046316976545
1301,231.2509765625,235.8966026968167
1302,231.2509765625,233.21916567544906
1303,228.20819091796875,233.2376218501907
1304,228.20819091796875,231.85636826191785
1305,220.6012420654297,230.38656690815222
1306,219.0798492431641,226.8033259544256
1307,234.29373168945312,228.25824455547703
1308,232.7723693847656,229.87615307424772
1309,235.8151397705078,235.00250198774125
1310,235.8151397705078,235.48439586848318
1311,235.8151397705078,237.11604804516088
1312,228.20819091796875,236.35678280458342
1313,222.1226348876953,232.760394354718
1314,222.1226348876953,229.10589787535937
1315,241.90069580078125,228.48337014320703
1316,228.20819091796875,230.08888701379513
1317,234.29373168945312,234.2182866674467
1318,228.20819091796875,232.4339532036255
1319,226.68679809570312,231.65574918116067
1320,220.6012420654297,230.61763637065482
1321,234.29373168945312,226.02885858875806
1322,234.29373168945312,226.7497068811039
1323,234.29373168945312,234.19290011214935
1324,234.29373168945312,235.2361335264145
1325,234.29373168945312,234.58214761524187
1326,234.29373168945312,234.97397848599675
1327,228.20819091796875,236.30351149229318
1328,228.20819091796875,233.38397956429256
1329,228.20819091796875,232.180300565569
1330,228.20819091796875,232.58373884789472
1331,228.20819091796875,233.16908808691727
1332,228.20819091796875,232.36768343563858
1333,228.20819091796875,232.40937572501358
1334,232.7723693847656,232.827810314676
1335,228.20819091796875,232.0083540269984
1336,228.20819091796875,233.30894834746175
1337,225.1654052734375,232.50252600130042
1338,220.6012420654297,230.74794384857972
1339,220.6012420654297,228.7616641343506
1340,220.6012420654297,227.44444115885182
1341,228.20819091796875,226.77853201231449
1342,228.20819091796875,226.65551332172265
1343,228.20819091796875,229.95057748356444
1344,226.68679809570312,230.18372286651
1345,226.68679809570312,230.41704567855328
1346,226.68679809570312,230.54007501489096
1347,226.68679809570312,230.0744158965876
1348,226.68679809570312,230.072158998465
1349,229.7295684814453,230.85205924310372
1350,229.7295684814453,231.28749863748868
1351,228.20819091796875,232.2485078593027
1352,228.20819091796875,228.84693655870004
1353,228.20819091796875,229.5978555345222
1354,220.6012420654297,230.32579034502976
1355,220.6012420654297,226.6447149868373
1356,220.6012420654297,226.1620262237377
1357,220.6012420654297,226.3457540543949
1358,226.68679809570312,225.63445854466863
1359,226.68679809570312,225.68574265106474
1360,226.68679809570312,228.85409759708276
1361,225.1654052734375,228.37030522499558
1362,222.1226348876953,227.3877915965416
1363,225.1654052734375,226.56796625634084
1364,226.68679809570312,227.66355190017018
1365,226.68679809570312,229.5412911381789
1366,226.68679809570312,228.97398643839136
1367,226.68679809570312,229.52881077544745
1368,226.68679809570312,229.66502309374346
1369,222.1226348876953,229.68110881573995
1370,222.1226348876953,226.98030083362468
1371,220.6012420654297,227.19430516551154
1372,226.68679809570312,226.45995451883158
1373,226.68679809570312,226.00099867183891
1374,225.1654052734375,228.70420194677297
1375,226.68679809570312,228.97515037327219
1376,226.68679809570312,228.72627057794355
1377,225.1654052734375,228.35157935802545
1378,225.1654052734375,227.74839849468515
1379,225.1654052734375,228.06502426809348
1380,225.1654052734375,228.30898218025223
1381,225.1654052734375,228.21857850639762
1382,225.1654052734375,229.45396053629628
1383,225.1654052734375,229.55219947910484
1384,225.1654052734375,228.9697068485551
1385,225.1654052734375,228.93256029266288
1386,226.68679809570312,228.92560862061544
1387,220.6012420654297,231.419772029816
1388,226.68679809570312,228.06379645873747
1389,212.9943084716797,224.74702916966635
1390,212.9943084716797,221.14107374285354
1391,212.9943084716797,219.22441010939374
1392,220.6012420654297,219.76936584003636
1393,220.6012420654297,219.4723885649061
1394,220.6012420654297,222.66054814680822
1395,223.6440277099609,223.60826438062338
1396,219.0798492431641,224.88392636427943
1397,219.0798492431641,224.9248379656246
1398,219.0798492431641,226.97992468393758
1399,206.9087677001953,224.93418847907282
1400,206.9087677001953,216.98190503519163
1401,212.9943084716797,212.90552829309348
1402,217.55845642089844,215.66046279574982
1403,217.55845642089844,218.7528142134817
1404,212.9943084716797,223.7365491668346
1405,216.0370635986328,225.87658538853924
1406,216.0370635986328,223.96321129055062
1407,212.9943084716797,221.9861756323111
1408,211.47293090820312,217.34289163160423
1409,209.9515380859375,221.42272114394342
1410,209.9515380859375,222.1384807697675
1411,211.47293090820312,221.32992217727002
1412,211.47293090820312,219.78377663135066
1413,211.47293090820312,216.55896019786599
1414,228.20819091796875,215.55239073234733
1415,211.47293090820312,214.132014028034
1416,211.47293090820312,214.03441382997715
1417,220.6012420654297,212.4576262788869
1418,220.6012420654297,219.54602873761104
1419,206.9087677001953,223.02900805681548
1420,212.9943084716797,216.9487151481779
1421,212.9943084716797,216.8256077430372
1422,211.47293090820312,216.9110150135009
1423,209.9515380859375,217.1851820038322
1424,205.3873748779297,215.85376824910026
1425,222.1226348876953,214.00736653832539
1426,229.7295684814453,215.88598582465866
1427,261.6787109375,227.47354662803676
1428,261.6787109375,242.32703063825218
1429,302.7561950683594,259.9983353462179
1430,273.8498229980469,268.293919254054
1431,273.8498229980469,274.18093543067636
1432,247.1843719482422,252.48563249186174
1433,240.4121856689453,244.87118647001765
1434,248.8774261474609,251.4922903655758
1435,250.57046508789065,254.01360574959574
1436,248.8774261474609,249.31712318252872
1437,242.1052398681641,241.5144231137454
1438,240.4121856689453,239.92883507940977
1439,237.026123046875,236.6709777993534
1440,230.2539520263672,227.262068886501
1441,213.3235015869141,223.78617253687634
1442,221.78872680664065,222.23363599485822
1443,220.0956878662109,225.35269404037427
1444,220.0956878662109,226.9593854915891
1445,220.0956878662109,224.80755378347007
1446,226.8678741455078,228.03567749533568
1447,218.4026336669922,228.02723187028568
1448,226.8678741455078,228.47995285878554
1449,228.5609130859375,229.60438847389912
1450,218.4026336669922,225.29679322885633
1451,215.0165557861328,221.7127148097886
1452,216.7095947265625,221.00983298787477
1453,215.0165557861328,219.4854047635126
1454,213.3235015869141,219.67339798967822
1455,211.6304626464844,220.87576401307888
1456,218.4026336669922,219.35858909023023
1457,218.4026336669922,219.68005867800548
1458,235.3330841064453,223.61945305952366
1459,218.4026336669922,223.68692224821095
1460,211.6304626464844,225.58833407643337
1461,218.4026336669922,221.82940637875683
1462,209.9374084472656,219.78335789868012
1463,220.0956878662109,217.12490579076524
1464,215.0165557861328,218.48038602830775
1465,211.6304626464844,220.48770883352282
1466,213.3235015869141,219.7305017704785
1467,216.7095947265625,219.17426509780483
1468,215.0165557861328,218.53294407562524
1469,201.47219848632807,221.20447270803982
1470,204.85829162597656,214.63516746326104
1471,221.78872680664065,212.39446152010953
1472,226.8678741455078,214.33707238481537
1473,237.026123046875,222.6101795745562
1474,235.3330841064453,228.44305825221204
1475,221.78872680664065,233.91962026730647
1476,220.0956878662109,228.45910139122512
1477,223.48178100585935,222.39368058955586
1478,223.48178100585935,220.80617986954712
1479,218.4026336669922,223.96550722307472
1480,220.0956878662109,224.45345853321174
1481,215.0165557861328,223.69485332887766
1482,226.8678741455078,223.89429428042618
1483,215.0165557861328,226.29142526468246
1484,215.0165557861328,223.97914797210507
1485,221.78872680664065,220.88754175658346
1486,220.0956878662109,219.89031570734915
1487,220.0956878662109,221.0688459057662
1488,220.0956878662109,221.51201766022842
1489,213.3235015869141,222.21842677260432
1490,203.1652374267578,220.80287613974815
1491,211.6304626464844,216.1858126110978
1492,211.6304626464844,215.25763486952016
1493,211.6304626464844,215.91384929015976
1494,215.0165557861328,215.3009914438315
1495,215.0165557861328,215.582823371183
1496,186.23480224609372,217.08622979605093
1497,206.5513153076172,203.2251173749571
1498,203.1652374267578,204.1223124474962
1499,201.47219848632807,206.72414693033846
1500,203.1652374267578,206.414597029346
1501,209.9374084472656,209.2475293633465
1502,209.9374084472656,209.86453550197874
1503,209.9374084472656,210.89785417826502
1504,211.6304626464844,213.60116745923966
1505,213.3235015869141,213.57197327550585
1506,215.0165557861328,215.20277024393272
1507,209.9374084472656,214.4266527876567
1508,213.3235015869141,213.14629248149384
1509,213.3235015869141,215.53383164872903
1510,215.0165557861328,216.91066015530552
1511,204.85829162597656,216.29323883258468
1512,204.85829162597656,213.52494746745433
1513,204.85829162597656,213.6737075715389
1514,208.24436950683597,211.96851103386902
1515,198.08612060546875,212.16924721783067
1516,211.6304626464844,207.7917094224788
1517,203.1652374267578,207.2395855562895
1518,206.5513153076172,208.45002105505307
1519,206.5513153076172,208.10751902203774
1520,206.5513153076172,209.99205734306992
1521,208.24436950683597,209.98127675109433
1522,220.0956878662109,210.38049931805892
1523,220.0956878662109,215.5898566606154
1524,220.0956878662109,220.37369644392967
1525,220.0956878662109,221.21545911776875
1526,220.0956878662109,220.3958786297228
1527,218.4026336669922,221.05593616461834
1528,223.48178100585935,220.4799942163553
1529,220.0956878662109,221.79763947310656
1530,221.78872680664065,223.92863390799295
1531,242.1052398681641,224.5559593229468
1532,228.5609130859375,229.36359589684315
1533,237.026123046875,235.0707199272208
1534,233.64002990722656,232.13565585600844
1535,230.2539520263672,231.69559265933773
1536,228.5609130859375,231.97218687972543
1537,230.2539520263672,231.14043120699606
1538,228.5609130859375,231.2790884982582
1539,231.94699096679688,232.73213344803804
1540,230.2539520263672,234.16641704502825
1541,230.2539520263672,232.1777136493247
1542,230.2539520263672,231.84919657778923
1543,230.2539520263672,232.8809964609993
1544,231.94699096679688,231.15197829267368
1545,233.64002990722656,232.38511052161363
1546,231.94699096679688,235.30585606464246
1547,231.94699096679688,235.3894606554736
1548,235.3330841064453,235.1583202213319
1549,235.3330841064453,236.66716307375307
1550,235.3330841064453,236.49370483927015
1551,235.3330841064453,236.60200756049966
1552,228.5609130859375,237.23000365744275
1553,231.94699096679688,235.34386492594942
1554,231.94699096679688,234.18978090861197
1555,228.5609130859375,233.74793632380045
1556,235.3330841064453,232.55843745856424
1557,235.3330841064453,235.40777843551905
1558,242.1052398681641,241.85151355928122
1559,238.7191467285156,238.082887587125
1560,237.026123046875,237.71417217921706
1561,220.0956878662109,237.2432611596221
1562,228.5609130859375,230.3508255907137
1563,223.48178100585935,229.931109962966
1564,228.5609130859375,226.86053264410253
1565,228.5609130859375,227.5163105891618
1566,226.8678741455078,231.93436964184397
1567,225.17481994628903,230.2459472510696
1568,228.5609130859375,231.25863447187658
1569,230.2539520263672,229.3772898746028
1570,220.0956878662109,228.80665660494262
1571,220.0956878662109,226.81632795870422
1572,220.0956878662109,227.32439617993725
1573,225.17481994628903,224.49567246413395
1574,216.7095947265625,225.86775296805627
1575,223.48178100585935,226.4303451510092
1576,223.48178100585935,225.37857384856324
1577,220.0956878662109,226.02669395376626
1578,225.17481994628903,224.85548802850178
1579,225.17481994628903,224.28877239331857
1580,220.0956878662109,227.50977055262098
1581,221.78872680664065,226.35833377742105
1582,220.0956878662109,226.22836696336373
1583,220.0956878662109,225.92207820918674
1584,211.6304626464844,225.46368658672475
1585,216.7095947265625,222.28357518869382
1586,215.0165557861328,221.84962619872948
1587,209.9374084472656,220.08369922950254
1588,216.7095947265625,220.46105188588598
1589,209.9374084472656,223.04558703170355
1590,211.6304626464844,219.13451388275854
1591,211.6304626464844,219.4640352029869
1592,226.8678741455078,217.50768068037405
1593,218.4026336669922,216.7727161290161
1594,216.7095947265625,222.35270156515355
1595,216.7095947265625,222.4800104913275
1596,215.0165557861328,220.53390427339718
1597,211.6304626464844,221.1317551666429
1598,211.6304626464844,219.90310834529254
1599,221.78872680664065,221.5808104699845
1600,223.48178100585935,218.1593777561865
1601,223.48178100585935,225.24136083015628
1602,220.0956878662109,226.33273430720647
1603,220.0956878662109,224.41374280398497
1604,220.0956878662109,221.42362603234162
1605,216.7095947265625,218.98599863082876
1606,220.0956878662109,219.80085240771228
1607,211.6304626464844,220.47229379351558
1608,225.17481994628903,220.0632771403585
1609,225.17481994628903,220.42250718870397
1610,221.78872680664065,224.05831328691204
1611,221.78872680664065,223.86822994597563
1612,220.0956878662109,225.00230705825766
1613,213.3235015869141,223.120415979363
1614,211.6304626464844,219.12537628422754
1615,213.3235015869141,218.7232687201345
1616,213.3235015869141,218.21601312416888
1617,213.3235015869141,218.20519704637377
1618,211.6304626464844,218.85018375371158
1619,211.6304626464844,218.17301140805293
1620,211.6304626464844,217.92684272933698
1621,211.6304626464844,217.0794839417568
1622,211.6304626464844,216.50695927791523
1623,203.1652374267578,219.68714874474912
1624,203.1652374267578,217.09810335126832
1625,220.0956878662109,211.68976992139926
1626,220.0956878662109,215.31438024354313
1627,223.48178100585935,220.73461561728516
1628,218.4026336669922,221.60775840134153
1629,240.4121856689453,223.2718694571505
1630,223.48178100585935,226.8273427570888
1631,221.78872680664065,227.94278271694952
1632,221.78872680664065,224.89193906233106
1633,245.4913330078125,224.03988195224406
1634,245.4913330078125,231.50152780944921
1635,245.4913330078125,240.7909772594094
1636,245.4913330078125,244.1986645410094
1637,245.4913330078125,246.55437647670112
1638,245.4913330078125,244.70790734286916
1639,223.48178100585935,239.39462800350515
1640,223.48178100585935,229.23554531704087
1641,215.0165557861328,230.15078492881497
1642,223.48178100585935,221.30669315980055
1643,213.3235015869141,223.82567535118585
1644,213.3235015869141,223.8475630046768
1645,220.0956878662109,222.9442608225952
1646,220.0956878662109,223.1160157377403
1647,220.0956878662109,223.21699418581719
1648,223.48178100585935,222.84717162033968
1649,223.48178100585935,225.5668154754656
1650,223.48178100585935,225.40328262470743
1651,223.48178100585935,225.03904197864324
1652,211.6304626464844,225.10395973690575
1653,213.3235015869141,220.61727110923744
1654,218.4026336669922,221.7581934361083
1655,218.4026336669922,222.05541556339332
1656,218.4026336669922,222.0610081285525
1657,218.4026336669922,223.65036830550503
1658,213.70120239257807,222.92639726103985
1659,210.281982421875,221.13409723073238
1660,210.281982421875,217.79527195623652
1661,206.8627777099609,216.71119081510136
1662,211.9916076660156,215.72973466406964
1663,211.9916076660156,214.25903197048777
1664,200.0243377685547,215.06955647738766
1665,220.53965759277344,211.5456478139283
1666,194.8955078125,212.22613808371372
1667,206.8627777099609,208.66438379371726
1668,206.8627777099609,207.1007011557823
1669,201.7339324951172,209.64275622703116
1670,201.7339324951172,207.52201009682727
1671,210.281982421875,207.81841605026295
1672,198.3147125244141,208.86157139572512
1673,198.3147125244141,208.70159422408463
1674,203.4435577392578,206.57452452083913
1675,196.6051177978516,205.47247690927196
1676,201.7339324951172,202.3748274586831
1677,196.6051177978516,203.80815648712772
1678,201.7339324951172,203.3324193960756
1679,200.0243377685547,203.08169788671296
1680,200.0243377685547,203.71069113518507
1681,194.8955078125,203.41021140966646
1682,194.8955078125,200.81488502612746
1683,203.4435577392578,201.25979913432897
1684,194.8955078125,202.31367829445549
1685,193.18589782714844,200.17099483061332
1686,193.18589782714844,200.25890030277247
1687,205.15316772460935,198.57216703700811
1688,200.0243377685547,198.73943299598167
1689,191.47628784179688,203.22088746526816
1690,189.7666778564453,201.21544185990666
1691,201.7339324951172,198.4852338763043
1692,200.0243377685547,198.54942062668437
1693,196.6051177978516,202.12389303440318
1694,191.47628784179688,200.18136378708226
1695,194.8955078125,199.44909970659114
1696,191.47628784179688,197.7385696502447
1697,189.7666778564453,197.307182736451
1698,191.47628784179688,195.45857735628283
1699,191.47628784179688,196.06770564297767
1700,191.47628784179688,196.8268537803507
1701,184.63784790039065,195.91685542412233
1702,182.92823791503903,193.0870032592577
1703,182.92823791503903,192.4753767708674
1704,184.63784790039065,190.7137471343865
1705,210.281982421875,189.4798484117445
1706,201.7339324951172,192.0454944558221
1707,200.0243377685547,203.48720144373576
1708,200.0243377685547,200.6775832931716
1709,200.0243377685547,201.28177905095072
1710,194.8955078125,202.0175491304122
1711,191.47628784179688,201.0417884534163
1712,196.6051177978516,201.29930194863852
1713,188.05706787109372,200.67910208624784
1714,188.05706787109372,200.95817676542123
1715,184.63784790039065,195.83799173878143
1716,196.6051177978516,193.56843937292757
1717,196.6051177978516,194.18445190861277
1718,194.8955078125,198.3049801073799
1719,193.18589782714844,199.21803734125245
1720,194.8955078125,199.83016063111626
1721,174.38018798828125,199.2376893881125
1722,174.38018798828125,187.35908808721285
1723,176.0897979736328,184.3584426729126
1724,177.79940795898438,181.85894929361746
1725,186.34744262695312,182.63890631556748
1726,198.3147125244141,185.782346667688
1727,196.6051177978516,194.60490209282491
1728,179.50901794433594,197.9333371193601
1729,203.4435577392578,194.430829953664
1730,203.4435577392578,192.43650560414565
1731,193.18589782714844,198.13968715997265
1732,203.4435577392578,196.74866432558102
1733,210.281982421875,197.8086896296515
1734,189.7666778564453,204.50411147706774
1735,203.4435577392578,196.34790877121236
1736,208.5723876953125,198.422296226772
1737,196.6051177978516,204.95894032324816
1738,193.18589782714844,203.27760799921748
1739,193.18589782714844,201.55131514183233
1740,188.05706787109372,197.1654026930695
1741,211.9916076660156,197.2914128382484
1742,210.281982421875,201.44003161176167
1743,198.3147125244141,208.31114375170978
1744,194.8955078125,205.29351482417871
1745,181.2186279296875,201.41336756696091
1746,193.18589782714844,193.98100460803843
1747,193.18589782714844,194.0643395066411
1748,193.18589782714844,197.28802039390058
1749,188.05706787109372,197.05761806480527
1750,189.7666778564453,195.3085716999325
1751,189.7666778564453,194.95745370993336
1752,196.6051177978516,196.9609404980564
1753,177.79940795898438,197.80139374515448
1754,206.8627777099609,190.78622337221057
1755,181.2186279296875,189.9318383923619
1756,181.2186279296875,191.39002878597472
1757,196.6051177978516,190.1180963619521
1758,203.4435577392578,193.62430824720798
1759,203.4435577392578,199.73476055387073
1760,203.4435577392578,202.3486602153559
1761,201.7339324951172,203.14970291127526
1762,201.7339324951172,204.7038256694267
1763,205.15316772460935,203.05143557981108
1764,201.7339324951172,203.4553564692825
1765,201.7339324951172,203.04605592956915
1766,172.6705780029297,204.58043437772972
1767,205.15316772460935,190.76007742037507
1768,203.4435577392578,190.7258619931767
1769,196.6051177978516,200.08296870666777
1770,205.15316772460935,200.26855954285065
1771,196.6051177978516,202.44112206674367
1772,174.38018798828125,200.39485357458585
1773,172.6705780029297,189.38019003615443
1774,177.79940795898438,190.6034075271155
1775,177.79940795898438,187.238450495112
1776,176.0897979736328,185.9774051205236
1777,176.0897979736328,185.32489896802568
1778,177.79940795898438,184.2462010257144
1779,177.79940795898438,186.02887375318127
1780,177.79940795898438,186.50590252806455
1781,177.79940795898438,184.01555029588235
1782,170.96096801757812,184.04011358016646
1783,186.34744262695312,186.5591383545352
1784,177.79940795898438,186.15573555802905
1785,172.6705780029297,187.9922189822431
1786,170.96096801757812,181.00743866515137
1787,170.96096801757812,179.72230551626066
1788,172.6705780029297,178.28830225724482
1789,170.96096801757812,179.75583961572391
1790,170.96096801757812,179.00725915540926
1791,176.0897979736328,177.10213196188124
1792,170.1061553955078,177.95938419594856
1793,170.96096801757812,177.20898686167357
1794,170.96096801757812,176.23275777185978
1795,169.25135803222656,176.50780126193365
1796,170.1061553955078,175.83660117970322
1797,166.68695068359375,176.7162875488824
1798,162.4129180908203,176.02642192557505
1799,170.96096801757812,174.29093824092962
1800,170.1061553955078,174.67721558092683
1801,170.1061553955078,177.07494272695135
1802,176.0897979736328,176.82857177906402
1803,176.0897979736328,177.8783913614354
1804,176.0897979736328,180.47869285687364
1805,166.68695068359375,179.81791850842342
1806,166.68695068359375,176.6320016303161
1807,172.6705780029297,176.0375289870904
1808,163.26773071289062,175.80333677246847
1809,163.26773071289062,174.75387914545638
1810,164.12252807617188,174.20157785016943
1811,164.12252807617188,173.35994647386264
1812,164.12252807617188,172.93267591513535
1813,162.4129180908203,172.15945410173362
1814,162.4129180908203,171.39459984457892
1815,162.4129180908203,171.81383641376286
1816,172.6705780029297,170.82290909749648
1817,164.12252807617188,169.8007258713812
1818,164.12252807617188,172.16701258129518
1819,155.57447814941406,172.40176547186582
1820,162.4129180908203,167.50817159730292
1821,162.4129180908203,167.2749587913002
1822,148.7360382080078,168.98181961390645
1823,145.3168182373047,164.65447296170885
1824,143.6072235107422,161.60472936749608
1825,143.6072235107422,157.32975978493636
1826,143.6072235107422,154.52467672210915
1827,146.17161560058594,154.69500865589077
1828,153.8648681640625,155.033912426805
1829,162.4129180908203,155.05000879454735
1830,166.68695068359375,160.67461055158975
1831,166.68695068359375,163.81432489265876
1832,166.68695068359375,168.53955984500635
1833,166.68695068359375,168.75583881792556
1834,162.4129180908203,169.08499818279466
1835,152.15525817871094,167.75509612397502
1836,152.15525817871094,164.47521279573152
1837,152.15525817871094,163.87682961519272
1838,152.15525817871094,162.28189106740888
1839,152.15525817871094,162.03899772983624
1840,152.15525817871094,162.97340323274275
1841,145.3168182373047,162.87691019225548
1842,145.3168182373047,160.09326766159302
1843,170.96096801757812,157.94549553122914
1844,170.96096801757812,157.2721308140069
1845,169.25135803222656,169.47587448500397
1846,169.25135803222656,169.89773700483374
1847,169.25135803222656,172.58513489574563
1848,169.25135803222656,172.9618168701398
1849,201.7339324951172,173.23034516374656
1850,188.05706787109372,176.62204430935378
1851,188.05706787109372,186.56894663505545
1852,188.05706787109372,183.2242732974998
1853,176.0897979736328,184.46145800703096
1854,164.12252807617188,179.21485829686952
1855,164.12252807617188,176.3398681695528
1856,164.12252807617188,174.94862532308002
1857,164.12252807617188,173.7394034393447
1858,170.96096801757812,174.5258472691062
1859,158.99371337890625,173.85305032499656
1860,158.99371337890625,172.02443765555603
1861,158.99371337890625,170.2358813792098
1862,158.99371337890625,168.08033075720323
1863,158.99371337890625,166.48189330761295
1864,158.99371337890625,167.9260313166888
1865,158.99371337890625,168.57343460833715
1866,158.99371337890625,168.45655851310732
1867,153.8648681640625,168.70781230976303
1868,153.8648681640625,165.32101730441593
1869,153.8648681640625,164.8577357360216
1870,153.8648681640625,163.70746289570252
1871,153.8648681640625,163.0623377936685
1872,153.8648681640625,163.11049914794523
1873,153.8648681640625,163.18506904912206
1874,153.8648681640625,163.49734426105505
1875,145.3168182373047,163.2131667210321
1876,146.17161560058594,157.96654571937898
1877,169.25135803222656,157.60482456650197
1878,167.541748046875,158.20310838674607
1879,156.42929077148438,169.01916489038805
1880,146.17161560058594,166.2897872749629
1881,170.1061553955078,161.24877111171202
1882,170.96096801757812,160.57168038343826
1883,159.8485107421875,170.56731893369323
1884,158.13888549804688,173.13918919051775
1885,172.6705780029297,168.98855482245472
1886,170.96096801757812,169.70112427310238
1887,170.96096801757812,171.86220358579294
1888,170.96096801757812,172.95726049091115
1889,170.1061553955078,177.36305209577907
1890,170.96096801757812,179.58319400650842
1891,162.4129180908203,176.7099213928573
1892,158.99371337890625,171.84817958991158
1893,151.3004608154297,171.73863486499826
1894,162.4129180908203,167.1737532339783
1895,170.96096801757812,165.75918200974138
1896,162.4129180908203,172.33580443050886
1897,166.68695068359375,174.45861583540983
1898,168.3965606689453,175.5250214898332
1899,166.68695068359375,174.87744076908712
1900,166.68695068359375,171.44601879708924
1901,168.3965606689453,171.59627995134025
1902,166.68695068359375,172.1486806069219
1903,163.26773071289062,172.36440600105635
1904,157.28408813476562,171.6661870158298
1905,163.26773071289062,169.20867336104794
1906,163.26773071289062,169.2887009812697
1907,170.96096801757812,169.48979912059062
1908,160.70330810546875,169.2351670739149
1909,170.96096801757812,169.22602592680192
1910,166.68695068359375,168.97804392270763
1911,166.68695068359375,172.90419499637426
1912,163.26773071289062,172.8494829598108
1913,162.4129180908203,173.19505096763422
1914,158.13888549804688,171.53992846991417
1915,158.99371337890625,168.55836023219746
1916,159.8485107421875,167.98996966633206
1917,169.25135803222656,168.0255335546729
1918,167.541748046875,168.42620394307465
1919,159.8485107421875,173.7325617733378
1920,162.4129180908203,177.00612152853967
1921,170.1061553955078,175.68200365830467
1922,203.4435577392578,183.7073204673767
1923,200.0243377685547,213.084469086695
1924,205.15316772460935,213.75100988082013
1925,205.15316772460935,213.97532994044664
1926,205.15316772460935,211.66542664919632
1927,201.7339324951172,204.34865519883635
1928,210.281982421875,209.97305113812544
1929,225.66847229003903,216.0879143321568
1930,222.24925231933597,225.8234631166911
1931,227.3780975341797,236.2896897655832
1932,239.34536743164065,236.2240019650367
1933,261.5702819824219,248.79442238360926
1934,247.89340209960935,248.78801364460074
1935,244.4741973876953,252.97373106814985
1936,256.44146728515625,245.5302149161466
1937,249.60299682617188,251.7536274578532
1938,253.0222320556641,251.58553113070246
1939,247.89340209960935,247.42625596558196
1940,247.89340209960935,245.11894313915792
1941,251.3126373291016,248.8204654265681
1942,247.89340209960935,249.0069913140958
1943,239.34536743164065,250.2190981949596
1944,239.34536743164065,249.4554877157797
1945,247.89340209960935,249.03904742917533
1946,241.05496215820312,245.48491904179753
1947,241.05496215820312,244.02550438741062
1948,242.7645721435547,243.9162754862912
1949,241.05496215820312,242.79450663051588
1950,230.7973175048828,243.79222415835082
1951,215.41082763671875,236.77065746643518
1952,230.7973175048828,228.94210597811855
1953,218.83004760742188,229.256496144896
1954,215.41082763671875,228.29507173899339
1955,220.53965759277344,226.33374210448133
1956,227.3780975341797,226.43903562821401
1957,229.0876922607422,226.54545050384408
1958,222.24925231933597,230.620386521669
1959,222.24925231933597,228.67008942845126
1960,222.24925231933597,228.669418746462
1961,220.53965759277344,227.32416552211026
1962,217.12042236328125,222.41784998124308
1963,208.5723876953125,221.70583765796215
1964,208.5723876953125,217.9382975518838
1965,222.24925231933597,217.44874228270365
1966,220.53965759277344,222.27587476585413
1967,225.66847229003903,223.31709258556953
1968,229.0876922607422,226.0651428392355
1969,234.21652221679688,227.78689706030175
1970,239.34536743164065,230.73013706433562
1971,234.21652221679688,232.34760555894405
1972,237.63575744628903,235.69987641046282
1973,225.66847229003903,237.54733914724187
1974,234.21652221679688,232.29724408385596
1975,235.92613220214844,231.99787506448888
1976,232.5069274902344,234.7313654863985
1977,230.7973175048828,235.21831609642456
1978,227.3780975341797,236.41005056829167
1979,235.92613220214844,234.1767930986611
1980,234.21652221679688,234.99282500475329
1981,239.34536743164065,240.10970630159414
1982,264.989501953125,241.54364568613482
1983,324.8258361816406,258.07336093382236
1984,302.6009216308594,299.77772790751067
1985,297.4720764160156,303.74262594753066
1986,299.18170166015625,291.6745818247373
1987,307.6758117675781,294.6080561312343
1988,288.79998779296875,299.466579370348
1989,298.2379150390625,299.89325909018
1990,294.4627380371094,293.27875910563785
1991,298.2379150390625,291.1928263386916
1992,298.2379150390625,292.14535444963605
1993,296.350341796875,294.88830716532544
1994,294.4627380371094,289.5271326153312
1995,294.4627380371094,289.22725614874474
1996,294.4627380371094,288.89511597503446
1997,292.5751647949219,291.8551283516729
1998,294.4627380371094,293.59464145112685
1999,292.5751647949219,294.10604356510544
2000,292.5751647949219,292.52422944767767
2001,292.5751647949219,289.1468133444344
2002,288.79998779296875,287.3162755692839
2003,286.91241455078125,288.99192129073367
2004,292.5751647949219,290.0471808492402
2005,300.12548828125,289.8074599439343
2006,298.2379150390625,302.4340029603969
2007,300.12548828125,300.468972154907
2008,302.0130615234375,297.8118046336594
2009,302.0130615234375,300.9949607150067
2010,315.22613525390625,303.07226333064136
2011,322.7764587402344,314.109786834019
2012,309.5633850097656,315.92311221240266
2013,309.5633850097656,315.1100504694058
2014,307.6758117675781,309.75833821319134
2015,305.7882385253906,311.9852579154524
2016,309.5633850097656,310.94418913617903
2017,307.6758117675781,307.94645001049895
2018,305.7882385253906,310.6072086966838
2019,313.33856201171875,308.5310327558195
2020,315.22613525390625,309.3514755492802
2021,330.3268127441406,322.81473515604364
2022,349.2026062011719,337.79989994540006
2023,341.6522827148437,335.9723802392013
2024,324.6640625,334.03545775136735
2025,339.76470947265625,337.6513846934703
2026,339.76470947265625,331.9147613013108
2027,330.3268127441406,337.6652738432374
2028,343.53985595703125,339.1826474866755
2029,339.76470947265625,336.90021376832937
2030,335.9895324707031,336.9833499463426
2031,334.1019592285156,333.6738501531128
2032,335.9895324707031,337.6616400953167
2033,332.2143859863281,333.82031432467335
2034,332.2143859863281,334.42602887552863
2035,324.6640625,324.6602639156579
2036,324.6640625,322.8419563282111
2037,328.439208984375,325.14531603433863
2038,332.2143859863281,329.16903182024265
2039,326.5516357421875,326.16838995452434
2040,317.1137390136719,321.4256037158334
2041,309.5633850097656,310.8908007206844
2042,303.9006652832031,304.35567541728443
2043,283.13726806640625,304.6599592226575
2044,290.6875915527344,302.99293832964645
2045,311.45098876953125,298.33356860694306
2046,311.45098876953125,302.4962326678294
2047,303.9006652832031,310.8087433115851
2048,307.6758117675781,305.3106023696297
2049,313.33856201171875,302.6089303078087
2050,311.45098876953125,311.2434836353251
2051,309.5633850097656,316.41681577388675
2052,313.33856201171875,308.71719846227893
2053,315.22613525390625,308.2258227705565
2054,311.45098876953125,309.3784802579485
2055,317.1137390136719,310.8852365441808
2056,309.5633850097656,313.41345924297383
