,y_actual,y_predict
0,271.0057983398437,268.6603685894586
1,271.0057983398437,268.6603685894586
2,271.0057983398437,269.33097346711065
3,271.0057983398437,269.9397693322245
4,271.0057983398437,270.2903440297081
5,271.0057983398437,270.38141032633166
6,271.0057983398437,270.5554595312466
7,254.74546813964844,270.3866465293
8,254.74546813964844,270.408824030622
9,254.74546813964844,268.61942802750025
10,254.74546813964844,263.21898282609914
11,254.74546813964844,260.20601709436096
12,289.0729064941406,255.87334276575712
13,289.0729064941406,255.4801039228381
14,289.0729064941406,268.3725192400327
15,254.74546813964844,280.9248649919489
16,254.74546813964844,285.7467643091343
17,254.74546813964844,284.5332742712318
18,254.74546813964844,277.98888235260085
19,254.74546813964844,263.2302188449686
20,254.74546813964844,262.38312120101637
21,254.74546813964844,257.18416072633283
22,254.74546813964844,264.5960060279552
23,254.74546813964844,262.711103864443
24,254.74546813964844,258.8705017097848
25,254.74546813964844,258.37973858658125
26,254.74546813964844,253.55258124891526
27,254.74546813964844,247.00625848043975
28,254.74546813964844,250.0298493407011
29,254.74546813964844,252.3765082447237
30,254.74546813964844,251.82630330907386
31,271.0057983398437,254.59508744239054
32,271.0057983398437,254.59508744239054
33,271.0057983398437,258.07849328456155
34,271.0057983398437,258.24139374065646
35,271.0057983398437,263.2504436789336
36,256.5521545410156,268.11415625857205
37,256.5521545410156,269.4215706872184
38,256.5521545410156,266.3333563553233
39,256.5521545410156,265.913118340849
40,256.5521545410156,263.9764323117316
41,256.5521545410156,265.81706674264933
42,256.5521545410156,257.73591470536076
43,256.5521545410156,257.38817628448504
44,256.5521545410156,260.5057897142958
45,290.87957763671875,258.74897816589555
46,305.333251953125,255.87489180913525
47,305.333251953125,262.57179904797397
48,305.333251953125,271.9754086886865
49,303.5265197753906,288.87885365840117
50,296.2997131347656,297.3747566058035
51,294.4930114746094,300.2584426680057
52,294.4930114746094,295.88064972382506
53,294.4930114746094,302.5434780083451
54,294.4930114746094,299.6304583007643
55,294.4930114746094,294.20007947239446
56,294.4930114746094,296.5655450720782
57,303.5265197753906,297.00437160708987
58,298.1064147949219,299.8175871043438
59,298.1064147949219,292.89398500324637
60,298.1064147949219,294.53182565670454
61,285.4595031738281,295.1081679721711
62,314.36676025390625,296.931850195979
63,294.4930114746094,296.6515497058324
64,303.5265197753906,291.29045238798676
65,303.5265197753906,298.4074558274694
66,303.5265197753906,302.48305440784225
67,280.0393371582031,307.7773792290859
68,298.1064147949219,307.4910461967696
69,298.1064147949219,301.32747895652034
70,292.6863098144531,300.6500124712286
71,281.8460998535156,302.8964308146768
72,271.0057983398437,292.4116107135484
73,280.0393371582031,284.16016208347213
74,283.6527404785156,288.25136018518805
75,283.6527404785156,276.4610237789893
76,283.6527404785156,274.0035864559187
77,283.6527404785156,279.5097265959861
78,283.6527404785156,282.44663647960977
79,283.6527404785156,284.4187432400565
80,283.6527404785156,282.9441521228912
81,283.6527404785156,279.7429339856866
82,283.6527404785156,278.9893789260117
83,278.232666015625,279.28172268298533
84,261.9723205566406,280.1116281271917
85,261.9723205566406,279.48118928980887
86,261.9723205566406,277.9379820962465
87,280.0393371582031,270.6009381357775
88,285.4595031738281,265.3824182612561
89,285.4595031738281,268.6481944175573
90,285.4595031738281,276.69783105823046
91,283.6527404785156,282.4242189856518
92,274.6192321777344,285.62776068792357
93,269.1991577148437,284.75261663182243
94,265.5857238769531,280.41795690959316
95,265.5857238769531,275.03721292186026
96,254.74546813964844,268.6793825514872
97,254.74546813964844,271.67123984000943
98,254.74546813964844,267.464899816772
99,254.74546813964844,263.62186500948474
100,254.74546813964844,265.54265698084214
101,252.93878173828125,259.80321127226864
102,254.74546813964844,258.30382455229716
103,280.0393371582031,255.85557240193347
104,271.0057983398437,252.31048845229844
105,271.0057983398437,252.6902877075988
106,263.77899169921875,263.73385430046915
107,263.77899169921875,267.25490626023094
108,263.77899169921875,268.60105768208643
109,283.6527404785156,267.0050411998376
110,271.0057983398437,263.7902634786964
111,265.5857238769531,270.4987994516272
112,280.0393371582031,271.07071281208306
113,280.0393371582031,271.2053704984177
114,272.81256103515625,273.44433816139235
115,272.81256103515625,281.3942469530318
116,272.81256103515625,279.69097557998236
117,272.81256103515625,278.37809586448793
118,280.0393371582031,275.20169514760187
119,280.0393371582031,274.16041073481915
120,263.77899169921875,277.88877269710076
121,263.77899169921875,279.07559082613346
122,263.77899169921875,276.7176959032414
123,263.77899169921875,271.4677042671293
124,263.77899169921875,270.9362405746035
125,281.8460998535156,266.6041116838089
126,281.8460998535156,264.38764878484176
127,280.0393371582031,272.74534870014963
128,280.0393371582031,282.9385777484812
129,280.0393371582031,280.18224050597036
130,280.0393371582031,283.3986327230268
131,280.0393371582031,283.3620992985668
132,280.0393371582031,277.5033990673903
133,280.0393371582031,277.1865433352714
134,280.0393371582031,277.55174667479764
135,280.0393371582031,281.4806443020087
136,263.77899169921875,278.6108669039411
137,265.5857238769531,279.913994191407
138,265.5857238769531,279.3502842156015
139,265.5857238769531,271.1895418931948
140,265.5857238769531,268.225283757818
141,265.5857238769531,268.6382019968928
142,267.39239501953125,266.943210369787
143,267.39239501953125,267.1519712368792
144,267.39239501953125,267.2881343315673
145,289.0729064941406,267.0637630343758
146,292.6863098144531,266.48009003475363
147,308.9466552734375,274.72898601588275
148,308.9466552734375,280.3722164949138
149,308.9466552734375,292.780043044905
150,305.333251953125,300.97440615387063
151,305.333251953125,307.3963363755806
152,307.1399230957031,306.7340221526283
153,290.3868713378906,307.26824576046863
154,279.2181396484375,305.53553165447875
155,282.9410400390625,307.0770807171011
156,288.525390625,304.2069324213232
157,288.525390625,296.73838340505665
158,359.2606811523437,301.2894401237069
159,359.2606811523437,298.98617625178406
160,316.4472351074219,309.2007973709923
161,316.4472351074219,334.71348726486053
162,357.39923095703125,329.8215646417304
163,316.4472351074219,326.8370162198514
164,316.4472351074219,340.2415867311262
165,307.13995361328125,334.2417926474666
166,307.13995361328125,330.37939479795284
167,309.0014038085937,321.40986638331196
168,309.0014038085937,329.7111025766117
169,309.0014038085937,316.3079720211532
170,307.13995361328125,316.27129678286275
171,310.86285400390625,308.14500431248496
172,310.86285400390625,311.5169335752122
173,310.86285400390625,306.25465867963703
174,310.86285400390625,308.37836442477203
175,297.83270263671875,306.8659090148922
176,297.83270263671875,309.1199853051816
177,297.83270263671875,303.21185749973574
178,297.83270263671875,295.22737885974925
179,297.83270263671875,298.3855074100273
180,290.3868713378906,294.4626205074735
181,290.3868713378906,295.9789485257986
182,290.3868713378906,297.5676888676728
183,290.3868713378906,295.4848364144467
184,288.525390625,290.6491375206886
185,279.2181396484375,289.20826536888785
186,279.2181396484375,288.2008635528125
187,279.2181396484375,284.7805321388971
188,314.58575439453125,283.84950252486567
189,314.58575439453125,280.713573293422
190,310.86285400390625,285.7634874323643
191,310.86285400390625,300.8269743140446
192,310.86285400390625,303.6721961019422
193,307.13995361328125,310.6818682893309
194,307.13995361328125,310.92235181940606
195,279.2181396484375,307.7085558863214
196,307.13995361328125,310.15206272774503
197,307.13995361328125,302.20208848356845
198,284.8025207519531,300.4660581156986
199,284.8025207519531,308.5156620301032
200,277.3567199707031,305.7279402960512
201,277.3567199707031,305.0029879950907
202,288.525390625,293.8427413460768
203,307.13995361328125,286.03404640323856
204,307.13995361328125,283.2429647722819
205,305.27850341796875,289.64438653236596
206,297.83270263671875,304.0011278271568
207,297.83270263671875,305.15175070317116
208,297.83270263671875,306.0216367387917
209,275.4952087402344,303.6703961571718
210,297.83270263671875,295.7638278538512
211,288.525390625,294.29908734352
212,288.525390625,287.8284604342049
213,288.525390625,292.9122571698545
214,279.2181396484375,292.7206994112644
215,271.7723083496094,294.008859885246
216,307.13995361328125,290.7358730411072
217,307.13995361328125,288.3089693265955
218,307.13995361328125,288.9689381669682
219,307.13995361328125,298.82058133291173
220,288.525390625,308.6533196243885
221,279.2181396484375,305.86323069024456
222,279.2181396484375,306.2210706193466
223,279.2181396484375,299.58864503831126
224,279.2181396484375,289.0082096892304
225,279.2181396484375,286.7008004899577
226,279.2181396484375,283.27113118074885
227,299.69415283203125,283.6446360837311
228,299.69415283203125,282.24401724224913
229,284.8025207519531,291.04311815902815
230,284.8025207519531,293.22752022357065
231,286.6639404296875,292.56271880420843
232,286.6639404296875,288.15543949206256
233,288.525390625,285.9175845222187
234,288.525390625,286.43173601868057
235,288.525390625,284.552680948483
236,286.6639404296875,288.6580058894571
237,286.6639404296875,292.1931301446962
238,286.6639404296875,290.99682139778344
239,286.6639404296875,288.3921376837419
240,284.8025207519531,288.2308189972937
241,284.8025207519531,282.7966766480404
242,284.8025207519531,283.71581571783133
243,284.8025207519531,284.5838363561444
244,284.8025207519531,284.18229594976935
245,286.6639404296875,284.53048162964865
246,281.0796203613281,284.273067709976
247,281.0796203613281,284.57669112084386
248,281.0796203613281,283.78186823652516
249,277.3567199707031,282.66305529354315
250,277.3567199707031,281.68456168135526
251,277.3567199707031,280.6311794579646
252,277.3567199707031,278.6845010081827
253,236.4046936035156,277.6006069937455
254,269.9108581542969,277.25655573245996
255,269.9108581542969,271.6265466659238
256,256.8807067871094,264.66833108145477
257,256.8807067871094,273.862285337068
258,268.0494079589844,267.5510026293319
259,268.0494079589844,270.8805731917968
260,268.0494079589844,269.44829713986906
261,268.0494079589844,265.45393606679806
262,264.32647705078125,267.2698294386906
263,279.2181396484375,266.1751575731437
264,275.4952087402344,268.281922019925
265,275.4952087402344,264.4254803512877
266,232.68177795410162,269.58287846491044
267,232.68177795410162,270.6575873066407
268,279.2181396484375,266.6862655266302
269,295.9712219238281,254.95519639277887
270,281.0796203613281,260.49358281612604
271,281.0796203613281,277.8146367900746
272,281.0796203613281,280.3073530306441
273,281.0796203613281,283.96620439852154
274,286.6639404296875,286.15020283908524
275,286.6639404296875,282.35874463103573
276,286.6639404296875,285.1333867664232
277,282.9410400390625,281.3857926669893
278,282.9410400390625,286.8225313002144
279,282.9410400390625,290.72560790153807
280,282.9410400390625,288.07623101341096
281,282.9410400390625,288.7963943704067
282,282.9410400390625,282.4080194827186
283,282.9410400390625,280.0201036628083
284,282.9410400390625,282.072149788571
285,279.2181396484375,283.3415472019162
286,279.2181396484375,282.2700346257478
287,277.3567199707031,282.7075302925051
288,234.54322814941412,280.38611425029217
289,238.26614379882807,278.17041496425793
290,277.3567199707031,271.08409785592073
291,214.06724548339844,259.0347657604027
292,214.06724548339844,258.1569381502803
293,197.31414794921875,253.2816404715745
294,197.31414794921875,246.9443840153644
295,241.9890594482422,231.3946611442969
296,273.6337585449219,232.0391668227789
297,273.6337585449219,225.32262927718716
298,273.6337585449219,239.21832290061954
299,273.6337585449219,262.4035642101051
300,273.6337585449219,272.7624645386022
301,277.3567199707031,276.0185864456807
302,277.3567199707031,273.4721554896614
303,277.3567199707031,269.3910588961719
304,238.26614379882807,273.4119827905508
305,238.26614379882807,279.70918229405345
306,238.26614379882807,277.07381224886643
307,238.26614379882807,265.6086876820236
308,238.26614379882807,259.89152856233386
309,238.26614379882807,244.4886593670147
310,277.3567199707031,238.7737365423427
311,277.3567199707031,239.30288757855752
312,277.3567199707031,248.36824941627435
313,223.37451171875,260.22011120735056
314,223.37451171875,270.0331701026715
315,223.37451171875,261.90004875092256
316,225.2359771728516,244.88481084783479
317,225.2359771728516,240.0878271297736
318,225.2359771728516,232.1701864389262
319,225.2359771728516,231.19568543150166
320,225.2359771728516,232.51322864026477
321,225.2359771728516,236.00789777319568
322,225.2359771728516,232.63369948918222
323,225.2359771728516,229.0302264220726
324,225.2359771728516,222.2965075854911
325,225.2359771728516,212.79542820827498
326,225.2359771728516,220.2977780055775
327,225.2359771728516,219.33342214140401
328,225.2359771728516,223.87259377019188
329,225.2359771728516,226.02903123825686
330,212.20578002929688,225.82105580160987
331,199.1756134033203,225.85106033549383
332,245.7119598388672,224.42787127746726
333,247.57339477539065,219.09705121241024
334,269.9108581542969,211.54166304254136
335,288.525390625,230.9637816381652
336,269.9108581542969,244.96495747951826
337,251.2963104248047,271.00649296442816
338,234.54322814941412,279.4769348748971
339,234.54322814941412,278.02328856960503
340,234.54322814941412,273.65189906530435
341,234.54322814941412,252.7984807514312
342,219.651611328125,241.9688566848405
343,204.7599639892578,237.95400896765602
344,204.7599639892578,243.33473113787656
345,204.7599639892578,236.3251462205373
346,232.68177795410162,223.63665919144546
347,232.68177795410162,220.02496637655122
348,251.2963104248047,219.49244998905363
349,245.7119598388672,226.78716797552897
350,258.7421569824219,241.82756647474596
351,241.9890594482422,248.71507150163063
352,241.9890594482422,250.0281693922488
353,241.9890594482422,251.56438407309724
354,241.9890594482422,248.59212981943753
355,241.9890594482422,246.5045756922961
356,241.9890594482422,244.40251291943002
357,241.9890594482422,248.1673646711469
358,241.9890594482422,248.01526388367412
359,247.57339477539065,254.56177210100475
360,247.57339477539065,243.41483413453528
361,247.57339477539065,243.003846745305
362,247.57339477539065,246.47084581817535
363,247.57339477539065,247.03709753417178
364,247.57339477539065,243.7493511429161
365,249.43487548828125,245.62056281741744
366,249.43487548828125,247.51579557303583
367,232.68177795410162,248.27793582382742
368,232.68177795410162,248.96972550598875
369,232.68177795410162,248.00247882142654
370,232.68177795410162,242.55472234445563
371,232.68177795410162,239.2195119550436
372,232.68177795410162,234.87386711533708
373,232.68177795410162,233.579750460479
374,232.68177795410162,233.57775415809735
375,251.2963104248047,235.04556002891627
376,251.2963104248047,232.77745507817428
377,312.72430419921875,236.00854138981055
378,292.248291015625,243.17371789660146
379,282.9410400390625,253.4937503268152
380,335.061767578125,279.8154772143098
381,316.4472351074219,293.2323309850477
382,353.6763000488281,301.0653742716886
383,353.6763000488281,321.4902093726067
384,329.4774169921875,333.14816802251335
385,307.13995361328125,348.5253470970193
386,307.13995361328125,342.55022861984776
387,307.13995361328125,341.3630505018609
388,307.13995361328125,336.87564637554397
389,307.13995361328125,322.0522612174724
390,307.13995361328125,307.737355002647
391,307.13995361328125,308.98040776980804
392,307.13995361328125,305.7144243471393
393,307.13995361328125,299.2145074274703
394,307.13995361328125,301.96726659795274
395,307.13995361328125,298.8836448524112
396,307.13995361328125,298.16309968894893
397,307.13995361328125,295.40273711540624
398,301.5556030273437,299.53131952456454
399,299.69415283203125,299.4587217521604
400,281.0796203613281,303.08390869845414
401,275.4952087402344,300.04235111675786
402,264.32647705078125,297.8706141181449
403,260.6036071777344,289.4186407318954
404,260.6036071777344,280.73075458441167
405,260.6036071777344,273.1171191108986
406,258.7421569824219,266.742947423762
407,247.57339477539065,260.3882696839262
408,251.2963104248047,261.0520565889633
409,251.2963104248047,257.35936625940326
410,286.6639404296875,252.75672203275906
411,295.9712219238281,250.21573454607562
412,295.9712219238281,254.30484907536038
413,277.3567199707031,269.8568846027389
414,286.560791015625,279.97441779190996
415,284.6630249023437,287.59787114598856
416,284.6630249023437,288.3602622981724
417,284.6630249023437,282.7825716262945
418,284.6630249023437,286.77273282823467
419,284.6630249023437,283.89141396612433
420,284.6630249023437,284.86639495882105
421,284.6630249023437,287.09479203705337
422,284.6630249023437,289.6322123604647
423,265.6854858398437,289.31681840167437
424,256.1967163085937,278.0729452277543
425,248.60569763183597,271.47968208141936
426,278.9697570800781,271.9888810025737
427,273.2764892578125,262.91925384118895
428,273.2764892578125,255.95549660857844
429,256.1967163085937,264.4872020937765
430,246.7079620361328,267.6427670863512
431,252.40122985839844,269.524320261715
432,254.29898071289065,264.4686353907514
433,254.29898071289065,255.08923228001106
434,254.29898071289065,256.7552393419361
435,254.29898071289065,249.75960672375612
436,275.1742553710937,251.1403061764462
437,286.560791015625,253.96537949167205
438,351.0844116210937,257.2463733628499
439,375.7552185058594,273.19826934815103
440,370.06195068359375,288.3322922473168
441,370.06195068359375,318.9191682626365
442,377.6529541015625,348.3462471379912
443,377.6529541015625,364.07163370988883
444,377.6529541015625,370.0355161681909
445,352.9821472167969,371.85991836990695
446,352.9821472167969,376.29513500663984
447,328.3113708496094,380.20140787352545
448,305.5382995605469,368.7759039091427
449,322.6181030273437,366.853671981969
450,305.5382995605469,350.16200960480955
451,356.77764892578125,331.81407077624107
452,335.9023742675781,321.24174063300495
453,316.9248352050781,318.86104640968847
454,296.049560546875,332.9168587563888
455,278.9697570800781,335.26854659701223
456,303.6405639648437,322.96856401065554
457,303.6405639648437,307.8197052030796
458,305.5382995605469,293.3075359501799
459,349.1866455078125,296.931435663244
460,332.1068420410156,300.8741874108087
461,343.493408203125,311.02810130185327
462,343.493408203125,322.1829481165561
463,343.493408203125,327.1264037038992
464,343.493408203125,338.69402694384644
465,343.493408203125,338.31996569429884
466,320.7203369140625,328.8432237521291
467,301.7428283691406,336.84809085742336
468,294.1517944335937,339.8557003898752
469,294.1517944335937,326.968466731868
470,294.1517944335937,311.82165877045463
471,288.4585266113281,305.52739372236545
472,292.2540283203125,298.4985984853863
473,288.4585266113281,292.7105215417447
474,294.1517944335937,295.5976984059258
475,294.1517944335937,289.7770588250752
476,294.1517944335937,289.7064355375403
477,309.3338317871094,289.0082096892304
478,309.3338317871094,286.8088299024473
479,294.1517944335937,287.0900903631381
480,296.049560546875,294.64618214778085
481,296.049560546875,299.19191539341335
482,294.1517944335937,298.5489969389562
483,294.1517944335937,301.70304561442134
484,294.1517944335937,298.6804147247042
485,294.1517944335937,298.07225156744903
486,294.1517944335937,297.3027806325018
487,290.3562927246094,298.48719883517407
488,307.4360656738281,294.8848002805486
489,296.049560546875,297.028872673479
490,301.7428283691406,299.2110384430038
491,301.7428283691406,301.4546096010881
492,301.7428283691406,302.2110554811517
493,301.7428283691406,302.71271645178297
494,301.7428283691406,300.8389630370907
495,301.7428283691406,300.8137092665249
496,297.9472961425781,299.9210675655047
497,311.2315673828125,301.49349931688386
498,299.84503173828125,300.72069030254437
499,296.049560546875,303.17657858223686
500,294.1517944335937,304.8210517594548
501,286.560791015625,301.5306981754711
502,286.560791015625,298.5060709833723
503,286.560791015625,297.27383970234575
504,286.560791015625,291.96881339128566
505,286.560791015625,290.2015621632174
506,286.560791015625,288.2453276430183
507,286.560791015625,286.3696761047501
508,277.072021484375,284.0281879511587
509,277.072021484375,285.47648896592074
510,275.1742553710937,281.15307617131714
511,275.1742553710937,279.9177795298029
512,294.1517944335937,276.01472474599154
513,297.9472961425781,275.2369958826131
514,297.9472961425781,278.5798969451348
515,297.9472961425781,286.6925316527703
516,294.1517944335937,292.2660551797859
517,294.1517944335937,296.1785133114278
518,294.1517944335937,296.2764084894226
519,294.1517944335937,294.5567957996096
520,294.1517944335937,294.296305610693
521,284.6630249023437,292.8078494644179
522,284.6630249023437,294.9405767509171
523,284.6630249023437,293.93914202447434
524,284.6630249023437,293.16751115580274
525,277.072021484375,290.2171289582918
526,277.072021484375,286.6090469416945
527,277.072021484375,284.6033303034451
528,277.072021484375,280.29990235017044
529,284.6630249023437,279.17399871566886
530,284.6630249023437,276.943496247493
531,284.6630249023437,277.8818238194116
532,284.6630249023437,281.18691513299973
533,284.6630249023437,281.4965056335002
534,277.072021484375,283.7883371289422
535,277.072021484375,282.18941891754844
536,263.7877502441406,280.8183955315935
537,277.072021484375,279.87415541382325
538,277.072021484375,276.7140851049445
539,278.9697570800781,273.12918419523805
540,277.072021484375,276.54057042908266
541,280.8675231933594,278.1929306370216
542,277.072021484375,281.50374904760633
543,277.072021484375,282.71551550203174
544,267.5832214355469,281.605615012852
545,267.5832214355469,281.8490657246092
546,282.7652587890625,278.4924850818328
547,277.072021484375,279.0620966947339
548,275.1742553710937,275.8937902749363
549,277.072021484375,277.24560334125124
550,277.072021484375,278.5290730500738
551,278.9697570800781,280.99187748118686
552,277.072021484375,277.37985740360716
553,277.072021484375,277.6607796928562
554,280.8675231933594,278.26647747121376
555,280.8675231933594,278.6139431731849
556,277.072021484375,278.091250120631
557,277.072021484375,281.4926766600796
558,277.072021484375,281.40499207787303
559,278.9697570800781,279.9079180142126
560,278.9697570800781,278.29714198484686
561,277.072021484375,278.3636963063251
562,277.072021484375,278.4396757931463
563,277.072021484375,276.96620827786796
564,277.072021484375,278.27423359686054
565,277.072021484375,277.3277026402917
566,282.7652587890625,275.8820851795509
567,280.8675231933594,276.2969560859827
568,280.8675231933594,280.8575252400254
569,280.8675231933594,283.78596992885036
570,280.8675231933594,283.7588180347085
571,280.8675231933594,286.89140918675986
572,278.9697570800781,285.12277254665617
573,280.8675231933594,282.8332755250375
574,278.9697570800781,280.0715820832404
575,280.8675231933594,279.76882046411106
576,280.8675231933594,280.74068155253906
577,263.7877502441406,278.3530820865582
578,267.5832214355469,277.74102450334533
579,278.9697570800781,277.86435890076103
580,286.560791015625,271.86756472505203
581,277.072021484375,271.88736411752586
582,286.560791015625,279.2409130261012
583,275.1742553710937,282.9351960340641
584,277.072021484375,283.3135771510606
585,269.48101806640625,282.5671346004177
586,267.5832214355469,282.84649693753244
587,267.5832214355469,281.9922322407674
588,265.6854858398437,273.9949685385334
589,265.6854858398437,273.2989789852412
590,265.6854858398437,271.15220122077716
591,265.6854858398437,269.3819719022706
592,263.7877502441406,267.6957509151367
593,263.7877502441406,267.21220938852696
594,267.5832214355469,265.16787575338634
595,263.7877502441406,263.9086234832922
596,263.7877502441406,263.0367084190215
597,256.1967163085937,261.2814459139994
598,256.1967163085937,262.2875386793326
599,263.7877502441406,262.99790597327524
600,265.6854858398437,259.69178923660576
601,267.5832214355469,260.1439462716743
602,263.7877502441406,264.3034768221264
603,263.7877502441406,266.6053443732577
604,265.6854858398437,265.9074894226581
605,267.5832214355469,266.29956102866544
606,269.48101806640625,265.08211111226814
607,267.5832214355469,266.4605742699405
608,269.48101806640625,266.58109420826077
609,269.48101806640625,266.7439946643557
610,269.48101806640625,269.09412255284474
611,265.6854858398437,269.1578187802029
612,269.48101806640625,270.343949657596
613,275.1742553710937,269.5428651472277
614,275.1742553710937,268.3246734354099
615,278.9697570800781,269.80638797036335
616,277.072021484375,271.8010322210861
617,275.1742553710937,275.17185969943876
618,282.7652587890625,276.4380499384659
619,275.1742553710937,276.04084030829597
620,275.1742553710937,276.30610853242104
621,278.9697570800781,277.2001138279642
622,277.072021484375,276.49257190187325
623,301.7428283691406,276.0797409328479
624,284.6630249023437,276.8901197034849
625,354.8799133300781,281.9441682610209
626,330.2091064453125,286.83664723071644
627,307.4360656738281,290.7380438835878
628,286.560791015625,332.25681355472284
629,286.560791015625,330.9797691032926
630,277.072021484375,314.1846589912408
631,286.560791015625,317.3050868801471
632,275.1742553710937,305.53111360822425
633,278.9697570800781,287.75154279435185
634,269.48101806640625,280.6943084300011
635,277.072021484375,299.83517201931227
636,277.072021484375,284.0353004601907
637,277.072021484375,283.2974540094207
638,275.1742553710937,275.43695338346487
639,271.3787536621094,292.63245848249244
640,273.2764892578125,271.6781887176986
641,269.48101806640625,258.90627152131196
642,271.3787536621094,263.7269381490485
643,271.3787536621094,268.3848788607891
644,273.2764892578125,272.6133309328115
645,277.072021484375,268.977900664461
646,282.7652587890625,268.1506896830321
647,278.9697570800781,270.45374628858747
648,280.8675231933594,274.9144457797661
649,282.7652587890625,278.9852990511989
650,282.7652587890625,278.3877173874422
651,278.9697570800781,278.3251556707272
652,284.6630249023437,280.9651728460486
653,280.8675231933594,280.8191046007455
654,282.7652587890625,280.64040826569624
655,286.560791015625,282.49534407597116
656,280.67254638671875,283.62352764051514
657,282.6352844238281,283.2802618096748
658,282.6352844238281,282.98126371142894
659,284.5980224609375,281.54365327772723
660,282.6352844238281,280.6266741416606
661,274.7843017578125,281.3481356406423
662,278.7098083496094,278.69008629134885
663,276.7470397949219,278.05192405458786
664,276.7470397949219,278.6289645304502
665,274.7843017578125,277.69648405184626
666,274.7843017578125,277.26988623251674
667,274.7843017578125,275.98691832647864
668,272.8215637207031,273.24229708810947
669,272.8215637207031,272.1855767853265
670,272.8215637207031,275.28388171669167
671,272.8215637207031,273.30948411744635
672,272.8215637207031,272.843931129784
673,268.8960876464844,272.0405012368361
674,270.8588256835937,271.11302787732063
675,266.9333190917969,271.3434208079256
676,268.8960876464844,269.81450408496426
677,266.9333190917969,269.4449481517206
678,268.8960876464844,269.55764651185694
679,264.9705810546875,267.1818612288232
680,268.8960876464844,265.9404447750898
681,268.8960876464844,265.36028439495885
682,270.8588256835937,266.88416127256323
683,272.8215637207031,267.57754363312745
684,270.8588256835937,267.9879310407676
685,268.8960876464844,269.1915813805922
686,268.8960876464844,269.74930244925275
687,268.8960876464844,269.72867399130894
688,268.8960876464844,269.2097335508823
689,272.8215637207031,268.9106481825869
690,270.8588256835937,269.7444589615071
691,270.8588256835937,270.2958202253124
692,268.8960876464844,269.9538307189456
693,270.8588256835937,269.84714308346656
694,272.8215637207031,269.951659876465
695,266.9333190917969,268.58994165953504
696,268.8960876464844,268.1040983853705
697,264.9705810546875,268.26578796952896
698,268.8960876464844,269.62490990248716
699,270.8588256835937,268.28937270039864
700,270.8588256835937,268.40479824958106
701,266.9333190917969,268.2401414837405
702,270.8588256835937,268.41678697262716
703,266.9333190917969,267.92235850734585
704,276.7470397949219,266.659920880446
705,327.7784118652344,267.9809821630784
706,306.188232421875,268.3939767634465
707,317.9646911621094,288.009698509445
708,296.37451171875,322.19688950695917
709,298.3372497558594,324.71648492276586
710,288.5235290527344,299.8067874357216
711,288.5235290527344,311.5291731996506
712,288.5235290527344,352.3200670231678
713,288.5235290527344,334.0296173396888
714,288.5235290527344,293.0197411445349
715,290.4862670898437,279.23442231617173
716,290.4862670898437,282.68573459764957
717,286.560791015625,310.5158479289674
718,282.6352844238281,256.3886505903745
719,282.6352844238281,275.3267204022261
720,280.67254638671875,286.6386423972216
721,284.5980224609375,297.68892878390125
722,290.4862670898437,300.9355055293187
723,282.6352844238281,289.7763061208985
724,286.560791015625,283.58428884452144
725,292.4490051269531,284.3309932053128
726,288.5235290527344,284.3967620963458
727,284.5980224609375,288.346419086575
728,286.560791015625,287.55391976732346
729,288.5235290527344,286.78097984790975
730,292.4490051269531,284.6649975021529
731,288.5235290527344,286.8475559869004
732,288.5235290527344,286.71589820851625
733,282.6352844238281,288.1326729179067
734,294.4117736816406,290.1183283535338
735,294.4117736816406,288.6076074358873
736,300.29998779296875,286.49279232704214
737,302.2627258300781,293.27314064193195
738,294.4117736816406,295.41690758968923
739,296.37451171875,297.4170280360163
740,294.4117736816406,297.1287314275869
741,296.37451171875,297.55680192900127
742,292.4490051269531,298.22815951083
743,292.4490051269531,294.5065500686263
744,298.3372497558594,294.37062696657426
745,296.37451171875,293.8186984474474
746,294.4117736816406,292.95348135947364
747,294.4117736816406,293.6783463903847
748,294.4117736816406,293.757413055206
749,294.4117736816406,290.98987252009425
750,284.5980224609375,294.38834278661705
751,294.4117736816406,295.4714404618528
752,292.4490051269531,295.06001672237517
753,292.4490051269531,292.5391340733387
754,292.4490051269531,291.65326670990873
755,296.37451171875,291.0241587407804
756,284.5980224609375,290.9183438057961
757,282.6352844238281,291.11535594247823
758,294.4117736816406,289.1303004884412
759,294.4117736816406,288.5145557456382
760,288.5235290527344,290.1416730917675
761,310.1137084960937,294.29142939667884
762,298.3372497558594,292.25068474232273
763,298.3372497558594,294.49943755959436
764,288.5235290527344,301.12950684929405
765,288.5235290527344,296.34868990789744
766,296.37451171875,296.1093299797092
767,304.2254943847656,292.27447673955993
768,294.4117736816406,290.4035705102317
769,286.560791015625,295.1049171628283
770,294.4117736816406,296.8665503814618
771,296.37451171875,295.4229619493713
772,294.4117736816406,291.894284769037
773,284.5980224609375,291.7163847731891
774,294.4117736816406,289.40539750188805
775,290.4862670898437,290.4620523521339
776,290.4862670898437,288.2055870442402
777,290.4862670898437,290.0232476346346
778,290.4862670898437,291.5099692886764
779,290.4862670898437,291.03439115408094
780,286.560791015625,289.9159818350778
781,294.4117736816406,291.2624605196188
782,290.4862670898437,290.1787410452805
783,290.4862670898437,292.1985954315444
784,290.4862670898437,289.69383592414783
785,290.4862670898437,289.0004535635836
786,292.4490051269531,288.0719765984992
787,292.4490051269531,288.1093499971854
788,284.5980224609375,292.84329201325954
789,288.5235290527344,290.2349429571402
790,286.560791015625,287.45952630006377
791,286.560791015625,287.4864600190819
792,292.4490051269531,286.8941909195868
793,280.67254638671875,289.0801638450198
794,290.4862670898437,288.44752143888786
795,284.5980224609375,288.4330673369441
796,294.4117736816406,290.1558217485381
797,294.4117736816406,286.60597067245067
798,286.560791015625,286.74379189807865
799,286.560791015625,290.8885738101701
800,274.7843017578125,290.84269158166046
801,290.4862670898437,289.09711605212965
802,284.5980224609375,284.9428217046458
803,286.560791015625,283.1869592180335
804,294.4117736816406,286.2494725203592
805,284.5980224609375,284.29540884264077
806,288.5235290527344,286.56558645705763
807,290.4862670898437,286.4539571550273
808,282.6352844238281,285.2403253032944
809,284.5980224609375,285.7263213000455
810,288.5235290527344,284.04688555925804
811,292.4490051269531,285.11303102738395
812,290.4862670898437,285.5394652153707
813,292.4490051269531,287.7870071607059
814,290.4862670898437,288.5379659364089
815,288.5235290527344,290.42638071941235
816,288.5235290527344,290.1252881399792
817,290.4862670898437,288.15000693148295
818,282.6352844238281,288.12883303572994
819,278.7098083496094,284.30030687416735
820,278.7098083496094,282.2256141705668
821,282.6352844238281,283.98748738183644
822,284.5980224609375,284.63059128514874
823,290.4862670898437,282.16259428609214
824,286.560791015625,284.7878955493213
825,288.5235290527344,287.87064459436823
826,286.560791015625,287.1144605244531
827,284.5980224609375,285.87296770942635
828,286.560791015625,283.67836595785184
829,286.560791015625,285.7027147516635
830,294.4117736816406,285.5666607445372
831,294.4117736816406,285.77165809074603
832,284.5980224609375,289.48591503128176
833,290.4862670898437,290.88045769556925
834,284.5980224609375,290.8886392627072
835,282.6352844238281,289.15711421114133
836,292.4490051269531,286.6489184455469
837,286.560791015625,285.6399239510687
838,294.4117736816406,287.21279205269514
839,294.4117736816406,289.0955779175077
840,292.4490051269531,291.5629203911933
841,284.5980224609375,290.4090903408608
842,292.4490051269531,290.4158755872072
843,290.4862670898437,289.54648044561503
844,296.37451171875,286.4545135015927
845,292.4490051269531,287.14322691451014
846,284.5980224609375,288.9307466115682
847,282.6352844238281,290.03369822305876
848,284.5980224609375,287.61402701389704
849,276.7470397949219,285.1670839142754
850,280.67254638671875,285.90993748413376
851,282.6352844238281,281.65815158263393
852,284.5980224609375,282.8666126839356
853,286.560791015625,283.04937798504153
854,282.6352844238281,286.617850307935
855,280.67254638671875,286.53010027319124
856,280.67254638671875,285.24568150258074
857,276.7470397949219,281.79582008567536
858,280.67254638671875,279.4355688714476
859,284.5980224609375,279.4014135558357
860,284.5980224609375,279.1074553029468
861,292.4490051269531,278.6060997774887
862,292.4490051269531,279.152181203301
863,292.4490051269531,283.18508291196986
864,288.5235290527344,286.8073899466311
865,292.4490051269531,284.5327724684473
866,282.6352844238281,285.20419550281315
867,290.4862670898437,285.8566154839066
868,286.560791015625,285.70332564200976
869,286.560791015625,286.4754255871973
870,290.4862670898437,287.58287160623564
871,294.4117736816406,287.3122144565557
872,288.5235290527344,287.83054400663605
873,292.4490051269531,289.5470586096928
874,294.4117736816406,287.79175246964587
875,292.4490051269531,288.24795665325865
876,290.4862670898437,287.91059245951385
877,304.2254943847656,292.16640369204555
878,302.2627258300781,295.3495678377657
879,304.2254943847656,294.46691855741005
880,296.37451171875,296.2561291116766
881,304.2254943847656,299.1418114762605
882,298.3372497558594,297.23649902992815
883,294.4117736816406,294.77036742817893
884,296.37451171875,296.13515100559664
885,286.560791015625,295.44383039995125
886,292.4490051269531,292.16116748907723
887,286.560791015625,291.0457253517561
888,286.560791015625,290.93648506733
889,292.4490051269531,288.95569493696087
890,296.37451171875,287.50679394060876
891,292.4490051269531,287.1265583350611
892,298.3372497558594,289.011918666333
893,300.29998779296875,291.92164392954624
894,298.0,290.4253443875749
895,302.0,292.60919010555205
896,304.0,292.23402707162984
897,304.0,293.1340976356113
898,298.0,297.7138771092939
899,298.0,297.37302211357024
900,304.0,296.49971072850803
901,304.0,297.8690323484982
902,306.0,299.4700123148108
903,300.0,300.25558457388547
904,316.0,300.9405126484071
905,304.0,302.5836658661268
906,310.0,302.8214658421807
907,326.0,306.4342386239372
908,342.0,309.831410748474
909,340.0,316.52976885188525
910,350.0,324.5533117477664
911,340.0,331.13480434617895
912,344.0,339.1196429751194
913,358.0,343.5660738132094
914,354.0,338.19599858902444
915,370.0,344.49844520425154
916,360.0,348.6861639806831
917,376.0,353.94390083368575
918,388.0,356.7537346165226
919,398.0,361.4684335866883
920,400.0,374.3086505055427
921,408.0,374.45903861829464
922,468.0,387.340294277913
923,484.0,392.15773191381913
924,540.0,409.8056122230389
925,630.0,433.8729464663148
926,600.0,467.37334399199983
927,570.0,520.9241226538329
928,560.0,573.0970817746083
929,560.0,579.187614892206
930,525.0,588.8830119433269
931,490.0,581.8645800247225
932,476.0,567.4435097947148
933,478.0,562.3857740775886
934,446.0,540.1261080040426
935,426.0,527.270924271704
936,440.0,499.09164347245024
937,410.0,487.1974338898679
938,382.0,441.76311890909096
939,360.0,431.87598955928104
940,406.0,417.8610523220019
941,416.0,405.5258235444149
942,505.0,373.1038002025379
943,515.0,381.8838871572883
944,560.0,406.48302326453165
945,550.0,449.99091735576036
946,560.0,487.6924296104708
947,570.0,512.5742988604898
948,580.0,540.2186142564826
949,590.0,534.5603733289424
950,590.0,555.6939939541564
951,565.0,561.8209623174085
952,530.0,575.8915996637629
953,530.0,591.686518647577
954,535.0,576.8824201704386
955,500.0,558.8483262572825
956,525.0,531.0145475838868
957,490.0,526.2945033231911
958,520.0,509.5784489672042
959,520.0,511.1295431914876
960,525.0,516.5288538822456
961,505.0,521.7075022529145
962,492.0,522.2546418280767
963,520.0,508.509259956103
964,486.0,506.8803644827157
965,505.0,498.56197972469477
966,510.0,491.78537311317615
967,560.0,489.13661802415146
968,530.0,495.98496061633574
969,500.0,496.4803272346489
970,500.0,513.7256089881438
971,466.0,513.9955352511595
972,434.0,508.85986737985513
973,404.0,494.1976918206699
974,380.0,481.1807312341232
975,372.0,462.48825025024087
976,420.0,437.38580595018243
977,510.0,420.74384386619704
978,550.0,410.67154928892074
979,515.0,437.36933372834466
980,500.0,473.94486598726024
981,496.0,503.2436251636231
982,480.0,501.8163889570523
983,520.0,492.1545690574657
984,540.0,490.30422583354425
985,510.0,488.6867845541501
986,510.0,499.964038521993
987,525.0,519.4822905314879
988,520.0,534.5636895908223
989,560.0,529.7487827863508
990,525.0,526.1638164241073
991,492.0,517.7395076435403
992,510.0,524.4045831318342
993,478.0,522.3785216633016
994,530.0,505.65751473200737
995,505.0,504.6780829667877
996,520.0,496.09009920843664
997,486.0,503.04087502118824
998,505.0,497.95386020246434
999,505.0,503.64812184292396
1000,520.0,498.8714829551458
1001,510.0,505.1646134925918
1002,498.0,503.737791818756
1003,498.0,520.1508227454651
1004,490.0,520.88742559803
1005,535.0,511.8253036608998
1006,520.0,501.5578950705175
1007,520.0,498.7869400947202
1008,505.0,503.52380565745165
1009,510.0,501.5199544165097
1010,520.0,502.5985904104662
1011,540.0,498.5045560321425
1012,505.0,506.76185175553326
1013,505.0,509.3042464717645
1014,505.0,505.70455328867257
1015,500.0,512.9211536721145
1016,498.0,505.4951924399902
1017,500.0,509.5902740589076
1018,496.0,505.3170742690187
1019,472.0,489.05901313265883
1020,525.0,483.60092606358177
1021,510.0,479.3651214898914
1022,530.0,487.6903351292835
1023,505.0,496.29298025594574
1024,510.0,497.47548942628583
1025,510.0,505.9100088026411
1026,498.0,512.8735042251031
1027,498.0,501.1633035418317
1028,474.0,511.5236110998765
1029,478.0,499.27032889874334
1030,484.0,493.46929235275525
1031,530.0,491.13453490172935
1032,540.0,482.70416085272404
1033,525.0,483.4433381717484
1034,498.0,495.5956925606677
1035,486.0,505.00488748454643
1036,468.0,508.9207382393615
1037,462.0,505.3968827292605
1038,476.0,491.67539103332956
1039,490.0,484.1536291043977
1040,500.0,476.470984839265
1041,484.0,478.3179681662818
1042,484.0,484.06917351402154
1043,510.0,489.04965341985303
1044,490.0,483.84757304090084
1045,510.0,479.97267375680025
1046,498.0,478.2995323683309
1047,525.0,484.879279565754
1048,496.0,487.5529720714152
1049,505.0,495.44646077607126
1050,525.0,496.1735293757315
1051,550.0,502.7723014439394
1052,540.0,505.88507138600454
1053,505.0,516.1025833256015
1054,550.0,522.5334696361385
1055,555.0,525.4457148220303
1056,520.0,525.9067624933887
1057,515.0,529.8155880092213
1058,510.0,531.2932881218991
1059,500.0,524.3749549500385
1060,505.0,517.4341497404391
1061,488.0,514.4665317081576
1062,486.0,504.5952855073515
1063,454.0,503.8058842748562
1064,488.0,501.2249816492957
1065,490.0,481.93873706632104
1066,496.0,475.1143501027167
1067,500.0,480.0698271393745
1068,530.0,484.1040815338102
