,y_actual,y_predict
0,850.0,733.815057196402
1,900.0,756.9794510637134
2,900.0,747.6654782151174
3,900.0,747.2031481042893
4,850.0,763.4761870781383
5,850.0,770.5769427025107
6,850.0,775.3503120639458
7,850.0,790.9550772835954
8,850.0,814.4357520857197
9,850.0,821.3763577041163
10,895.0,805.834467199701
11,895.0,793.6909788956759
12,880.0,781.5670750777072
13,880.0,788.5245063241241
14,880.0,786.7140823731179
15,800.0,789.6360876926956
16,805.0,813.1418646969476
17,880.0,826.672053823663
18,880.0,788.0456230650816
19,900.0,758.346414130457
20,900.0,777.6085565761108
21,900.0,853.6077555358619
22,1010.0,741.0551862415425
23,1000.0,750.5487232822917
24,1000.0,724.7881418234255
25,1000.0,755.1393949338049
26,1000.0,819.111641796559
27,950.0,806.7875675011084
28,945.0,852.8230818145374
29,940.0,892.0262671724785
30,900.0,915.3545235831224
31,950.0,918.7398808128006
32,950.0,909.7118755206001
33,950.0,905.0511424989696
34,950.0,888.1145470775624
35,950.0,893.1904541735954
36,980.0,886.2432068599276
37,985.0,871.0445217011553
38,985.0,860.4016307787283
39,950.0,877.7170753104008
40,950.0,891.8864509720254
41,985.0,891.4510112120518
42,955.0,893.4617929704065
43,950.0,906.5633032423347
44,950.0,912.3823138592895
45,990.0,897.1958392018236
46,950.0,892.5450687230998
47,950.0,895.4354834151695
48,975.0,905.6640687925756
49,975.0,879.9410554869614
50,975.0,884.4027590402978
51,975.0,898.5405951643781
52,975.0,895.0293522643285
53,975.0,883.9974623588628
54,975.0,886.4354073030838
55,950.0,903.8009029691207
56,900.0,904.931285444306
57,940.0,910.1430237236293
58,980.0,907.5747823421773
59,980.0,896.4921601028321
60,980.0,892.4173778740137
61,980.0,892.4563765462473
62,900.0,876.091460787813
63,980.0,870.1872150815443
64,935.0,878.1421948977222
65,935.0,893.5916295979648
66,935.0,895.4634125952844
67,935.0,885.4505971642534
68,935.0,898.7503875850092
69,885.0,881.6344323313035
70,885.0,881.8201273190915
71,885.0,864.3284224129136
72,825.0,857.565337388125
73,925.0,879.5304454493094
74,885.0,864.7053811945249
75,970.0,843.6466261180312
76,890.0,840.6892835736132
77,885.0,817.9192531355211
78,910.0,812.1551471994751
79,900.0,814.0333675322113
80,970.0,823.0557188684373
81,970.0,846.6324938921398
82,900.0,826.0923189764253
83,900.0,859.4061428375003
84,900.0,831.8096775957547
85,900.0,832.3137482068643
86,900.0,840.9548321745467
87,900.0,851.921173656682
88,880.0,877.1850584891885
89,900.0,856.5264740677796
90,860.0,837.4683168168915
91,850.0,842.1542882805527
92,825.0,836.03137752997
93,830.0,839.9871201435427
94,820.0,828.6898008470585
95,940.0,812.798574201365
96,835.0,801.2709583788484
97,850.0,762.0295236681402
98,870.0,758.4404877834779
99,865.0,762.3068399906953
100,830.0,768.5293591403583
101,805.0,775.8013342628251
102,805.0,805.0910911989731
103,805.0,761.583406105769
104,820.0,749.0707246946038
105,820.0,739.8836593156516
106,800.0,751.300903786751
107,800.0,762.2118807783047
108,800.0,736.079023784493
109,800.0,748.0781488813022
110,800.0,755.1443676902643
111,800.0,742.5293701119465
112,800.0,735.8853587623794
113,800.0,732.2457778737045
114,800.0,739.9005530636234
115,820.0,734.5497989932772
116,800.0,734.2284771820534
117,800.0,731.9993198891788
118,800.0,737.6259597630985
119,790.0,739.0165604530125
120,790.0,746.4070302311128
121,790.0,752.0810134713249
122,790.0,747.9425901778179
123,790.0,737.5040931698657
124,760.0,730.7485694596936
125,760.0,743.129711244513
126,780.0,726.4007454352768
127,760.0,721.4158636244351
128,755.0,727.7666185827964
129,760.0,718.8664063196092
130,760.0,711.6738250006154
131,750.0,712.2892887624147
132,800.0,709.3208937558659
133,785.0,693.9981962253884
134,775.0,677.1376226698549
135,790.0,680.7641926477934
136,800.0,690.6746237917203
137,790.0,692.6876364784866
138,785.0,707.0222541124615
139,760.0,712.0693975589738
140,725.0,729.0744535316381
141,685.0,730.0475470388108
142,690.0,723.7070100731745
143,715.0,718.6575505483113
144,710.0,705.1086284349333
145,685.0,689.5072521828708
146,720.0,663.9459897020926
147,685.0,647.8284004575657
148,690.0,628.0078787694692
149,690.0,630.0990250406055
150,690.0,643.2978106032753
151,690.0,633.91483224381
152,685.0,625.6315823813552
153,700.0,615.1582079582352
154,670.0,627.9593773640014
155,700.0,616.1129771984542
156,680.0,622.4782417064848
157,680.0,622.9187734328332
158,725.0,618.531780436304
159,725.0,614.9919271566246
160,730.0,601.9378964908915
161,675.0,602.9640554402823
162,685.0,608.821213230077
163,680.0,616.9669970304054
164,680.0,628.9738196817343
165,700.0,637.5236910343588
166,725.0,638.3916073364157
167,690.0,620.3157057261769
168,690.0,608.9584749323487
169,690.0,610.7868144305994
170,695.0,620.878240285661
171,695.0,629.6341744915719
172,695.0,636.882137331135
173,700.0,633.7073388715421
174,700.0,632.954340927665
175,700.0,625.7088985263074
176,680.0,625.2663913213656
177,730.0,623.6176841352196
178,745.0,624.1529707141038
179,710.0,616.4373644074956
180,780.0,622.5178193983061
181,780.0,631.0885354560894
182,730.0,628.7608767133463
183,760.0,629.1659860649147
184,750.0,640.7549609337448
185,750.0,666.9949706112654
186,770.0,660.5835207761181
187,770.0,656.5962556549889
188,780.0,652.2762926907355
189,780.0,666.5814143857111
190,780.0,674.9583973014294
191,780.0,676.0181393869095
192,780.0,688.5367472338553
193,780.0,699.3445224988872
194,780.0,705.0680289438394
195,780.0,710.5070664713293
196,780.0,715.9896326478273
197,780.0,717.0845927482328
198,775.0,717.9224681516785
199,775.0,718.8381365397368
200,800.0,719.6352080922343
201,750.0,716.5211045094277
202,840.0,720.4690644185415
203,830.0,719.5153169775949
204,820.0,696.254329019057
205,820.0,701.1511317326094
206,820.0,704.8206853999443
207,820.0,701.4065134307816
208,820.0,719.8484916603796
209,840.0,730.0538821943002
210,850.0,744.6457888850894
211,850.0,744.5320966860363
212,900.0,746.3852318466329
213,900.0,746.081348742993
214,900.0,744.7451077743758
215,895.0,749.4285587998314
216,895.0,767.5308228313006
217,900.0,767.865836752776
218,900.0,784.7579839058296
219,895.0,808.5258013335128
220,875.0,786.2142692589771
221,725.0,790.0684620548517
222,800.0,787.3419099061144
223,890.0,784.586525987905
224,920.0,816.6163057931994
225,800.0,754.6173236255115
226,850.0,742.717858017746
227,755.0,740.3241910419998
228,840.0,724.7092589195888
229,890.0,732.1925761915833
230,890.0,715.1181059883407
231,885.0,744.7096172796445
232,890.0,738.4971458228276
233,890.0,729.5102849813329
234,890.0,739.3916970259211
235,890.0,753.434556907623
236,890.0,782.3544735970916
237,890.0,787.2652238707137
238,890.0,793.7463093262816
239,890.0,811.905181037447
240,890.0,814.2659290466311
241,890.0,820.869681504862
242,890.0,822.4140459552984
243,890.0,830.5861410868937
244,890.0,830.5889169749173
245,890.0,830.5860559369544
246,845.0,830.5858686070877
247,825.0,837.9612668459188
248,800.0,835.2554742524011
249,800.0,835.3966017619205
250,850.0,832.5265719653371
251,850.0,809.7546171386151
252,850.0,792.4880657021315
253,850.0,773.3028306817207
254,850.0,755.869232094172
255,850.0,746.0260353423753
256,850.0,761.5858243640472
257,850.0,771.1024200083789
258,830.0,779.4506563045644
259,860.0,786.015920990198
260,890.0,790.7384898978023
261,890.0,787.665871365459
262,890.0,757.3241380183017
263,890.0,696.1775578337167
264,890.0,743.4059376478441
265,960.0,723.4791488354082
266,960.0,753.149474910597
267,950.0,772.3056227117173
268,890.0,741.1138375197838
269,900.0,779.6453090659747
270,890.0,767.9756801745691
271,890.0,769.6177456654441
272,900.0,764.3205679369523
273,835.0,762.470668474052
274,835.0,797.9676856907272
275,790.0,813.6494775455351
276,790.0,833.4031735612103
277,805.0,810.3390522625064
278,805.0,832.5794500776886
279,810.0,812.672654471018
280,780.0,792.5120268950715
281,705.0,779.9416649149739
282,705.0,733.6933949630236
283,705.0,711.5044788011871
284,760.0,719.1738997806785
285,950.0,719.5023741868099
286,885.0,711.8709641402553
287,885.0,635.7414687432733
288,825.0,622.0263339482362
289,880.0,635.1487570452748
290,820.0,650.4764273322116
291,800.0,685.3960768699637
292,800.0,754.3841490315282
293,815.0,799.1373904079155
294,830.0,778.5948653538743
295,790.0,773.5246292438037
296,800.0,776.5109397975968
297,800.0,756.7853773218909
298,805.0,743.6495345944069
299,805.0,728.0425725063214
300,805.0,735.4823611293075
301,800.0,720.25687076962
302,795.0,718.596855671525
303,785.0,716.8006687903821
304,780.0,724.4668881321531
305,810.0,732.5717999615817
306,800.0,733.523163204226
307,790.0,737.3581802337535
308,740.0,737.5525945753334
309,790.0,732.9844025078153
310,800.0,728.440188663225
311,800.0,694.4995590684258
312,900.0,667.6969467114694
313,900.0,683.0261156373393
314,900.0,747.8435437683374
315,900.0,669.7978341356702
316,910.0,706.0080842745347
317,910.0,678.2320378106483
318,900.0,736.24196670848
319,905.0,797.9262687602154
320,960.0,791.7097611962722
321,940.0,790.7754960614545
322,900.0,782.2208903722008
323,900.0,809.4381318439478
324,940.0,826.8271799832156
325,930.0,846.3080726231227
326,910.0,856.3848186286361
327,900.0,870.0083320889062
328,900.0,874.4757917781443
329,890.0,837.801934279361
330,890.0,834.8996667157305
331,890.0,843.1145922668311
332,900.0,848.8031361466763
333,900.0,830.1553845735857
334,920.0,831.3764006442411
335,895.0,837.8600576279781
336,870.0,834.6652489326323
337,875.0,829.9371793389444
338,895.0,825.7771790508
339,890.0,830.198095783176
340,885.0,834.521396625053
341,930.0,828.9334659135727
342,880.0,831.026247063545
343,875.0,801.1828111616078
344,865.0,815.7630352807148
345,890.0,809.218087370616
346,875.0,802.9788107128841
347,885.0,806.7220190777778
348,885.0,820.5562956679878
349,920.0,818.2832180363838
350,860.0,815.9599870904881
351,860.0,814.317427729965
352,865.0,819.2788422175148
353,870.0,811.3647173422488
354,890.0,819.3404056236826
355,875.0,823.7919763342335
356,885.0,820.3044562072936
357,890.0,804.7468129640938
358,875.0,800.4441865274971
359,875.0,810.7032726131872
360,880.0,821.8127341134232
361,870.0,822.5563655639692
362,870.0,819.8138052266295
363,870.0,820.7649641094191
364,845.0,810.3816612921694
365,830.0,815.1671219449958
366,830.0,809.8743549833637
367,840.0,804.9437136839036
368,855.0,805.1297322414614
369,835.0,791.3744407350152
370,885.0,797.3540611676183
371,860.0,784.5846526892387
372,865.0,768.1199241718697
373,875.0,762.493658957683
374,845.0,777.2071257019234
375,840.0,778.3116225955387
376,875.0,784.7174184747116
377,850.0,787.9016856075629
378,840.0,791.028238111506
379,840.0,791.9962566822919
380,860.0,795.0969917246167
381,835.0,793.9551480675916
382,845.0,798.408966736542
383,810.0,795.4461745960039
384,830.0,796.6636313991936
385,835.0,795.8727587622826
386,845.0,782.6817218440959
387,865.0,779.6019507168452
388,830.0,774.2772525279476
389,830.0,769.0001361251725
390,825.0,758.7661692715978
391,830.0,762.3109953077368
392,830.0,775.9753807389066
393,810.0,770.8464933505948
394,835.0,779.6001795981061
395,835.0,772.5400915847791
396,825.0,762.3277868757814
397,835.0,769.8897486317821
398,825.0,765.4262569297189
399,825.0,757.945323856027
400,790.0,759.8389222678144
401,815.0,755.0370787666523
402,810.0,767.6705368518265
403,790.0,756.1911669849594
404,840.0,759.1475728800444
405,835.0,743.7546436795708
406,790.0,734.5209161338414
407,815.0,682.1867415949606
408,800.0,698.5286498397759
409,805.0,723.9462473428413
410,810.0,759.6123553091265
411,810.0,712.5965778636296
412,780.0,722.6687938923683
413,780.0,711.7747106487864
414,795.0,710.3451453466146
415,810.0,744.1929955674711
416,800.0,727.2991113556542
417,785.0,731.4602185930105
418,810.0,721.3937246401978
419,795.0,710.1237555042408
420,800.0,718.881801428648
421,810.0,729.900476063523
422,815.0,722.0758097145638
423,815.0,724.2706345518826
424,800.0,723.895361739071
425,820.0,724.7290818254753
426,825.0,728.1238396084605
427,830.0,740.3087278130095
428,810.0,744.8412931458934
429,820.0,753.2994750437992
430,825.0,754.6485225632983
431,815.0,748.2165005027981
432,805.0,745.6060758413798
433,800.0,748.12665028677
434,805.0,756.0656219143456
435,810.0,748.6496752743844
436,815.0,745.0523968755907
437,805.0,745.995994443764
438,825.0,737.7106328628126
439,805.0,738.3552519638538
440,800.0,736.9854278591473
441,800.0,741.3339330830792
442,810.0,741.3803227700505
443,810.0,749.134961808868
444,800.0,739.1812744957386
445,815.0,741.0953770129274
446,815.0,733.5989125902936
447,815.0,731.3712539363519
448,815.0,740.4260984894433
449,820.0,743.7359106929084
450,850.0,738.3032764408597
451,870.0,732.5661460056074
452,870.0,729.9550401446742
453,835.0,719.3754667171661
454,830.0,732.5803149555193
455,850.0,739.6025282758126
456,850.0,755.3058800952699
457,860.0,759.3421915814789
458,860.0,781.7824363043733
459,870.0,775.1134589925815
460,850.0,762.7391292029121
461,850.0,758.935379231123
462,900.0,759.5132407796946
463,880.0,763.0295926761066
464,895.0,781.2219112834584
465,865.0,784.0758988314636
466,865.0,796.5325515825205
467,830.0,787.3763275116096
468,825.0,797.728499511024
469,820.0,807.9420644391245
470,830.0,808.1441082152725
471,840.0,797.3220447904134
472,830.0,774.8158429244795
473,870.0,773.1033754637298
474,850.0,753.1511097894329
475,850.0,755.6757033119616
476,830.0,766.706162698446
477,830.0,773.4671700647136
478,825.0,766.8873958294107
479,825.0,768.3268044645741
480,820.0,769.4434267095564
481,860.0,767.9538136701378
482,900.0,770.1719695908453
483,950.0,750.5710666263835
484,970.0,730.388283036212
485,975.0,716.1614311655094
486,975.0,728.1590576233858
487,995.0,744.3406115023708
488,1000.0,772.6248328044447
489,995.0,808.5795650052339
490,990.0,849.1473973515676
491,955.0,874.3633257382184
492,945.0,899.4556845328487
493,945.0,909.5951349537175
494,945.0,916.6247222587606
495,945.0,915.9137543249587
496,945.0,914.498357972699
497,945.0,906.7137802151974
498,1000.0,875.6459733349932
499,960.0,858.8476443851424
500,995.0,856.932554128657
501,995.0,863.552348835466
502,985.0,854.7387681205985
503,985.0,862.7731928302129
504,975.0,894.523783014286
505,995.0,906.3589433878357
506,980.0,909.1462415033227
507,1000.0,911.0168153715032
508,1000.0,915.3471666283604
509,985.0,906.7821726465031
510,985.0,915.3803751047164
511,970.0,916.7187277918301
512,970.0,912.1111623923451
513,1000.0,910.1795189876452
514,995.0,908.6067655474212
515,970.0,917.2532309912722
516,990.0,914.0640081319493
517,990.0,904.6714418893106
518,980.0,909.5778154560488
519,980.0,910.7841857371319
520,915.0,909.7301997875535
521,920.0,902.0396445931093
522,900.0,911.7932806386721
523,915.0,920.2802943060501
524,900.0,922.9751536473522
525,900.0,907.7120781044248
526,910.0,876.7390090467687
527,895.0,849.4525236443225
528,880.0,840.1254377050627
529,890.0,847.0807402029955
530,920.0,827.059128418072
531,930.0,819.3063626779207
532,930.0,822.2887052445392
533,900.0,829.1786636789957
534,885.0,832.5921714786313
535,880.0,839.0975587268965
536,930.0,847.6927809372319
537,900.0,853.2857184651473
538,905.0,839.8930124305459
539,930.0,825.8126184555676
540,900.0,811.3773195332762
541,925.0,815.3283107802318
542,935.0,827.032016677375
543,935.0,832.4660984783933
544,950.0,838.8411211694761
545,925.0,844.86040444384
546,890.0,852.370050077089
547,920.0,857.778825316125
548,960.0,861.6372585789804
549,945.0,854.7961762097249
550,920.0,849.5485898059248
551,970.0,842.1568768387096
552,925.0,838.1848024667648
553,930.0,835.6255529189108
554,945.0,852.0256866922704
555,935.0,869.6847112293192
556,940.0,867.1413847201281
557,920.0,871.8731327911971
558,940.0,877.233185234923
559,940.0,872.4171557538612
560,940.0,870.6273040282078
561,945.0,864.8461851342746
562,920.0,863.1786938715024
563,950.0,865.3472584675183
564,985.0,861.0685421338977
565,965.0,861.310981041285
566,925.0,859.3156795419087
567,985.0,852.292989381955
568,1110.0,866.1350827365995
569,1385.0,861.707711638819
570,1730.0,851.4346439330836
571,1610.0,897.5820963568144
572,1500.0,997.8570832225817
573,1395.0,1119.75669760195
574,1405.0,993.1859448783596
575,1360.0,1298.768419918385
576,1275.0,1444.5585357580876
577,1295.0,1357.2291666552414
578,1330.0,1394.0631911899884
579,1335.0,1463.9543976685352
580,1415.0,1401.1597233773678
581,1500.0,1506.788631891226
582,1480.0,1464.2080082479683
583,1455.0,1386.4455413736366
584,1495.0,1370.1960719030064
585,1490.0,1381.3300054958188
586,1525.0,1415.435757853053
587,1515.0,1441.9244053535474
588,1475.0,1439.7785587613569
589,1480.0,1438.7733126370765
590,1435.0,1451.6908990399556
591,1440.0,1460.2123643728048
592,1410.0,1462.6810314151521
593,1360.0,1475.0367644580622
594,1480.0,1469.752291100525
595,1385.0,1464.542000370171
596,1575.0,1486.7014887129599
597,1530.0,1493.9784025319102
598,1540.0,1479.4296157704202
599,1635.0,1426.6730975322416
600,1560.0,1479.367013534992
601,1585.0,1490.865593228182
602,1620.0,1491.650198829555
603,1695.0,1532.8884507085604
604,1705.0,1536.1797342852176
605,1810.0,1558.9563212686417
606,1880.0,1631.3906498965248
607,1755.0,1657.9414227927873
608,1810.0,1642.8514911365842
609,1900.0,1648.079629294231
610,1885.0,1675.821820142222
611,1900.0,1724.9906648947685
612,1900.0,1745.5480400982367
613,1900.0,1812.3845435916846
614,1850.0,1835.7276160917795
615,1930.0,1840.0603856069151
616,1835.0,1837.6148793480775
617,1735.0,1819.5535554074595
618,1785.0,1812.2736443106432
619,1825.0,1814.1348176255167
620,1740.0,1801.099111226737
621,1835.0,1822.449470785613
622,1830.0,1836.3774123091348
623,1825.0,1808.5149897467468
624,1825.0,1794.5215849498336
625,1810.0,1802.9356932391192
626,1790.0,1769.6945193063186
627,1790.0,1756.297504684785
628,1790.0,1774.9736111876873
629,1790.0,1777.414894009532
630,1805.0,1761.3579315218396
631,1730.0,1763.037224566209
632,1725.0,1773.5766072223323
633,1765.0,1766.9156340048416
634,1800.0,1760.8026857971659
635,1790.0,1761.785247977597
636,1765.0,1767.255961282534
637,1775.0,1777.707741681029
638,1775.0,1770.0705414385966
639,1805.0,1764.6725802418614
640,1800.0,1748.7213399188965
641,1760.0,1754.0430067699524
642,1790.0,1754.431767333161
643,1800.0,1750.3286982944824
644,1795.0,1738.4153362166112
645,1845.0,1731.383722343011
646,1760.0,1759.0934199741366
647,1795.0,1783.037242326507
648,1820.0,1777.1086267075893
649,1760.0,1768.513932426878
650,1800.0,1752.0299259632347
651,1800.0,1760.559225090506
652,1810.0,1769.4452002838298
653,1770.0,1769.0922026951587
654,1820.0,1775.3170719831485
655,1760.0,1764.7887247591682
656,1800.0,1773.7339643102964
657,1785.0,1770.6543975429004
658,1725.0,1756.2058833500178
659,1790.0,1747.7851674254368
660,1765.0,1759.8022080694905
661,1800.0,1767.3494218559917
662,1830.0,1764.9150872692
663,1830.0,1766.5683584920966
664,1820.0,1768.5021476752686
665,1810.0,1773.8460897504651
666,1810.0,1765.4699242741647
667,1865.0,1750.5645976865258
668,1810.0,1752.444163388304
669,1855.0,1782.534312724585
670,1850.0,1791.5054378572836
671,1795.0,1793.1045537187379
672,1800.0,1796.5422951911194
673,1820.0,1779.7787244465212
674,1820.0,1785.3644923495413
675,1860.0,1788.8958306352833
676,1870.0,1812.4555927010988
677,1805.0,1816.535705316122
678,1840.0,1811.630660088438
679,1830.0,1801.718594065675
680,1775.0,1788.0335001692492
681,1800.0,1787.8165381237227
682,1810.0,1806.8753425141501
683,1805.0,1796.1704283758827
684,1870.0,1796.1989025156095
685,1860.0,1813.9473515189898
686,1860.0,1804.9000001605632
687,1840.0,1796.7832354595735
688,1880.0,1811.9107693290046
689,1880.0,1809.0263662226548
690,1850.0,1802.1722048227111
691,1825.0,1815.1401999897
692,1875.0,1824.2500173436515
693,1860.0,1815.5929251873667
694,1865.0,1812.904298821627
695,1880.0,1819.0854351007538
696,1880.0,1833.0210060588438
697,1870.0,1837.7393344994675
698,1835.0,1838.9324554499838
699,1880.0,1840.6244869252837
700,1865.0,1833.6801347095545
701,1865.0,1837.9654246184946
702,1875.0,1846.0516715812125
703,1880.0,1846.7333479358695
704,1870.0,1845.7281699315408
705,1860.0,1843.6669964390642
706,1810.0,1854.9768157466485
707,1810.0,1843.876397169974
708,1800.0,1831.8885118651622
709,1800.0,1830.6706633722515
710,1740.0,1824.0358482161369
711,1750.0,1828.6386452190168
712,1800.0,1819.4140457467884
713,1765.0,1799.7980201530936
714,1765.0,1787.6939903309749
715,1800.0,1789.0040051182648
716,1800.0,1787.5193307753298
717,1790.0,1780.1967765888746
718,1810.0,1771.8917964618913
719,1840.0,1765.448125889685
720,1850.0,1761.7258473798893
721,1875.0,1787.4388811126087
722,1890.0,1791.4243069950476
723,1900.0,1779.8022258297888
724,1875.0,1783.9204856176516
725,1875.0,1795.368929026538
726,1880.0,1808.7688046860344
727,1880.0,1815.4093419180751
728,1880.0,1835.1683512899676
729,1880.0,1841.494583065789
730,1885.0,1857.556313950086
731,1875.0,1858.740783666762
732,1875.0,1859.7705529735822
733,1875.0,1858.129475222004
734,1875.0,1855.2081511019414
735,1850.0,1857.9245022879416
736,1890.0,1858.0180309813504
737,1850.0,1860.2940548008569
738,1830.0,1849.6509935785512
739,1825.0,1839.5261208273032
740,1860.0,1844.7019428621984
741,1860.0,1833.8528187866063
742,1840.0,1823.4168422168595
743,1840.0,1843.9281002131625
744,1840.0,1848.5285811376914
745,1830.0,1842.6438347675394
746,1830.0,1831.051930740795
747,1860.0,1811.60123226939
748,1855.0,1801.919956642308
749,1800.0,1807.4262966818794
750,1785.0,1816.1316858837777
751,1775.0,1831.8363319823134
752,1760.0,1820.2663625799519
753,1810.0,1804.2928470328468
754,1800.0,1803.067232865465
755,1700.0,1801.3899152996892
756,1585.0,1789.948692605662
757,1500.0,1775.6860096404707
758,1570.0,1760.216854214269
759,1620.0,1704.6621046083876
760,1585.0,1673.8665731743276
761,1635.0,1675.411738034194
762,1705.0,1723.5677753478437
763,1755.0,1705.8992310475728
764,1735.0,1660.0839315073542
765,1725.0,1635.2040047814755
766,1725.0,1628.2919414227572
767,1725.0,1586.4060050448932
768,1680.0,1598.3596941340522
769,1710.0,1647.0247237253072
770,1720.0,1672.2857815798266
771,1735.0,1676.6160306567565
772,1700.0,1692.099763752579
773,1700.0,1704.1759325145345
774,1700.0,1712.3057762462122
775,1700.0,1703.4151688961865
776,1700.0,1686.500508099162
777,1700.0,1676.5636464140532
778,1630.0,1663.6044387208078
779,1730.0,1677.348933214941
780,1720.0,1685.6188996868536
781,1635.0,1698.5565133554737
782,1700.0,1684.0952607316608
783,1700.0,1703.8574036213222
784,1675.0,1686.4344317462073
785,1735.0,1676.8670526780327
786,1710.0,1672.7308092229737
787,1720.0,1653.9698933804543
788,1750.0,1671.4765165560107
789,1725.0,1668.6211325489999
790,1740.0,1672.8090109272953
791,1720.0,1679.7528181834125
792,1750.0,1692.2443142896614
793,1750.0,1676.813237916348
794,1750.0,1688.1168583083459
795,1740.0,1705.4890808195933
796,1730.0,1706.3634685170427
797,1720.0,1693.1387973728033
798,1725.0,1688.691109499488
799,1725.0,1691.9596410123443
800,1720.0,1691.818360232934
801,1720.0,1708.122189424861
802,1725.0,1695.0751751141324
803,1700.0,1683.183747660644
804,1700.0,1692.1464259193563
805,1710.0,1710.2161967339603
806,1710.0,1700.506446967151
807,1660.0,1681.4638551251808
808,1710.0,1687.8768035992612
809,1710.0,1688.4937659999935
810,1715.0,1688.6952648165293
811,1645.0,1709.772803969649
812,1620.0,1719.7970635525319
813,1620.0,1672.7454550125462
814,1600.0,1646.607761502178
815,1600.0,1625.131243793125
816,1600.0,1644.7081685346586
817,1600.0,1656.0036145324766
818,1560.0,1637.1553689121347
819,1565.0,1631.2650367059596
820,1595.0,1611.766109308893
821,1595.0,1589.8814168504541
822,1600.0,1583.9655396624667
823,1600.0,1589.8126156994394
824,1600.0,1596.5165044863747
825,1600.0,1577.888354429328
826,1600.0,1578.2382185002302
827,1600.0,1557.5894263218495
828,1600.0,1573.7706396010772
829,1600.0,1572.6826277357245
830,1600.0,1571.048021379539
831,1600.0,1570.8046969127822
832,1600.0,1575.3866492105033
833,1600.0,1587.5204474514276
834,1600.0,1582.8075004869725
835,1600.0,1581.3055917963081
836,1600.0,1579.8371981217817
837,1600.0,1570.3001324320244
838,1600.0,1564.6139557204938
839,1600.0,1574.5170299096587
840,1595.0,1578.9401264804828
841,1600.0,1589.4842094132596
842,1595.0,1599.8101722613344
843,1595.0,1597.401927615967
844,1600.0,1582.9318193984595
845,1600.0,1584.6927201447254
846,1600.0,1578.4579734637682
847,1600.0,1580.8118583878386
848,1600.0,1582.310361080928
849,1600.0,1583.5910161691215
850,1595.0,1579.061788713861
851,1595.0,1593.9032187869934
852,1600.0,1606.7109958280553
853,1540.0,1600.3735242602365
854,1595.0,1570.157353013681
855,1600.0,1561.8014872829276
856,1600.0,1562.5845942453675
857,1760.0,1580.357498311336
858,1700.0,1589.3910894395594
859,1700.0,1579.8976886387134
860,1630.0,1561.2010780304097
861,1645.0,1604.0101759909971
862,1640.0,1611.7664499086504
863,1610.0,1617.328307708694
864,1630.0,1644.4581001927033
865,1655.0,1661.0857716340597
866,1620.0,1673.3551966984196
867,1620.0,1637.6999879243745
868,1600.0,1640.433164738395
869,1665.0,1635.1929693493325
870,1630.0,1613.1771459842566
871,1645.0,1627.2125807912453
872,1645.0,1633.7839762725139
873,1690.0,1637.5597289442367
874,1640.0,1628.2768187935244
875,1645.0,1635.1289365949228
876,1605.0,1637.4884754749678
877,1650.0,1634.6128598423616
878,1640.0,1629.3873102428715
879,1605.0,1627.4174174854047
880,1600.0,1618.068022262029
881,1595.0,1637.3481483748787
882,1645.0,1642.2664088731535
883,1645.0,1636.6719216163415
884,1600.0,1630.415853390565
885,1625.0,1615.0332103027677
886,1605.0,1606.5535706201395
887,1600.0,1585.7703096574983
888,1550.0,1576.1055190586792
889,1600.0,1604.5806124648552
890,1600.0,1603.3891263931746
891,1600.0,1592.1798521340038
892,1595.0,1583.5445583621988
893,1595.0,1596.4330575457875
894,1600.0,1592.2691573904199
895,1600.0,1590.672289487365
896,1600.0,1588.3941539493621
897,1605.0,1591.4316225867315
898,1590.0,1579.571257831127
899,1585.0,1573.7771109964697
900,1600.0,1584.4552539937977
901,1655.0,1594.291706870396
902,1610.0,1595.0077156806087
903,1585.0,1605.5900139061769
904,1630.0,1601.6968905580202
905,1585.0,1603.1084040730445
906,1595.0,1597.927064322078
907,1600.0,1596.432171986418
908,1600.0,1609.3606575815372
909,1625.0,1594.7929334735304
910,1625.0,1599.513169272796
911,1615.0,1608.6842264631457
912,1615.0,1597.750769887597
913,1600.0,1604.4734597811462
914,1590.0,1603.6551348037808
915,1600.0,1589.5672476341376
916,1600.0,1593.5477688800684
917,1590.0,1589.48468625292
918,1585.0,1593.1745396658016
919,1620.0,1604.319781170563
920,1600.0,1602.1977084414457
921,1615.0,1600.2267257647547
922,1595.0,1598.3449802245284
923,1600.0,1601.7731167837483
924,1625.0,1611.0567081339755
925,1680.0,1601.630201125502
926,1595.0,1612.7908377393023
927,1600.0,1603.147981764866
928,1580.0,1586.8842752243722
929,1600.0,1584.5479652477886
930,1600.0,1608.460656782324
931,1600.0,1631.6344512029423
932,1600.0,1642.7760142303223
933,1600.0,1643.643862412428
934,1605.0,1632.8338391889965
935,1610.0,1600.632243836032
936,1600.0,1581.5126083289156
937,1525.0,1583.5770515790641
938,1550.0,1586.3051875166739
939,1550.0,1589.2701765256475
940,1495.0,1575.0954364178424
941,1445.0,1573.670707632227
942,1545.0,1584.7776657242455
943,1565.0,1577.329498347225
944,1580.0,1548.3010665750173
945,1575.0,1537.1646125439997
946,1465.0,1547.370411797629
947,1565.0,1544.4739514598639
948,1500.0,1549.5373755747846
949,1500.0,1548.4403718758342
950,1450.0,1505.068262516102
951,1500.0,1525.3450516393434
952,1520.0,1518.8754954855667
953,1525.0,1508.3558676153784
954,1520.0,1515.377740335914
955,1520.0,1513.2075068010868
956,1530.0,1499.316554411229
957,1525.0,1494.685010788816
958,1520.0,1478.8964409100327
959,1440.0,1502.951230663396
960,1520.0,1512.4730374840174
961,1510.0,1508.3295051941482
962,1490.0,1506.383045699997
963,1500.0,1501.480997750179
964,1500.0,1504.3344743985479
965,1500.0,1509.4818904136678
966,1500.0,1507.9793005234883
967,1500.0,1500.2843345621845
968,1510.0,1488.6666130738217
969,1500.0,1485.962182879334
970,1520.0,1483.4738291710032
971,1500.0,1488.9494471124483
972,1495.0,1492.3504719309715
973,1495.0,1493.1331701737026
974,1495.0,1492.1493137141929
975,1495.0,1488.8662726516673
976,1490.0,1484.0152465455226
977,1500.0,1494.7093296115015
978,1490.0,1498.6867173396631
979,1495.0,1501.5243220393327
980,1500.0,1492.3813983889522
981,1500.0,1481.4769609127425
982,1500.0,1482.9600003768414
983,1495.0,1478.7587704880518
984,1500.0,1474.786423636301
985,1495.0,1488.7071444449641
986,1500.0,1500.31546538002
987,1500.0,1502.561448300915
988,1500.0,1511.7508978781696
989,1500.0,1511.1568237811412
990,1490.0,1502.7927836562078
991,1500.0,1496.7698900244145
992,1500.0,1493.6675030732658
993,1500.0,1494.9702971456966
994,1495.0,1491.2254028120033
995,1490.0,1489.1084390792485
996,1460.0,1485.284185002058
997,1460.0,1482.4941961484867
998,1465.0,1481.4289363469352
999,1410.0,1478.5231435758144
1000,1430.0,1479.0599287936318
1001,1425.0,1476.7052945500948
1002,1410.0,1469.7809696001066
1003,1410.0,1459.66297696396
1004,1330.0,1462.1933606823661
1005,1420.0,1454.9629046703385
1006,1415.0,1438.8207241233204
1007,1360.0,1421.4915534214206
1008,1450.0,1407.9555740988276
1009,1460.0,1426.8732339497476
1010,1385.0,1429.364653055896
1011,1400.0,1417.6212502570163
1012,1445.0,1433.796196500706
1013,1445.0,1399.4075419848937
1014,1445.0,1391.382534858574
1015,1445.0,1411.5835064757962
1016,1405.0,1430.2245993236274
1017,1400.0,1434.2096846063087
1018,1305.0,1416.5679114469772
1019,1215.0,1410.6548271770014
1020,1220.0,1377.4278903140641
1021,1390.0,1372.8869462271457
1022,1400.0,1362.8673188009648
