,y_actual,y_predict
0,339.88421630859375,406.6458127280498
1,331.169189453125,360.66701392523873
2,326.8116760253906,358.46566120069224
3,313.73919677734375,356.04709442402293
4,318.09661865234375,354.4004553467963
5,318.09661865234375,351.5654078326256
6,326.8116760253906,349.2267768454278
7,313.73919677734375,346.837485915221
8,305.0242004394531,344.34840253446373
9,296.3092346191406,341.44411127909484
10,296.3092346191406,338.7032556187602
11,296.3092346191406,336.0820490700547
12,348.5991516113281,333.02418690704667
13,370.38653564453125,331.70664652994526
14,352.95660400390625,329.8740421845373
15,352.95660400390625,330.02481279381914
16,348.5991516113281,329.1336814847584
17,348.5991516113281,328.3088026891053
18,387.8164978027344,327.33627179825
19,357.3140869140625,330.0929109584167
20,348.5991516113281,329.9478682321384
21,348.5991516113281,328.8105652402147
22,348.5991516113281,329.0040403994452
23,326.8116760253906,329.46367118890646
24,344.24163818359375,330.47139673866127
25,335.5267028808594,331.38213013622294
26,339.88421630859375,331.8328508854564
27,335.5267028808594,332.37986371229374
28,331.169189453125,333.3213367486411
29,322.45416259765625,334.59884558786223
30,313.73919677734375,335.8990750296641
31,322.45416259765625,337.1959950279528
32,335.5267028808594,337.9029430768777
33,322.45416259765625,338.134031334498
34,331.169189453125,337.42625592469483
35,309.3816833496094,336.18247795205
36,313.73919677734375,334.57548855383675
37,313.73919677734375,333.1699297079143
38,335.5267028808594,332.12382734203584
39,318.09661865234375,329.7274720227913
40,300.666748046875,327.997714998869
41,296.3092346191406,326.71689671613467
42,278.8792724609376,325.0948875358233
43,278.8792724609376,323.1914483706049
44,296.3092346191406,321.5492006703478
45,261.4493408203125,318.972289750203
46,261.4493408203125,317.1833446019108
47,230.94691467285156,314.68560575350375
48,200.44451904296875,311.32015627320607
49,165.5845947265625,307.5335164627153
50,200.44451904296875,304.00660432486234
51,209.15948486328125,299.65576803852366
52,187.3720245361328,294.3016612225439
53,235.30441284179688,290.06226408219607
54,209.15948486328125,286.80386237092
55,230.94691467285156,283.981925344513
56,235.30441284179688,281.37160177351427
57,244.01937866210938,279.0992869428685
58,222.23194885253906,275.68807804168694
59,178.65704345703125,273.1560355384032
60,217.8744354248047,270.5656322716279
61,152.51210021972656,267.7311575457576
62,152.51210021972656,265.4374586185653
63,152.51210021972656,261.8281286086061
64,144.66864013671875,258.95012197190897
65,158.61260986328125,255.35574810090338
66,156.86959838867188,252.6382494745941
67,141.18263244628884,250.60962424417642
68,141.18263244628884,248.76276383440404
69,130.72467041015625,247.5164401359799
70,130.72467041015625,246.22588445213955
71,117.65220642089844,244.86525766622265
72,117.65220642089844,243.3609883032061
73,106.3227310180664,241.85487328899944
74,95.86476135253906,239.5849132546996
75,86.27827453613281,237.19377667330264
76,78.43479919433594,234.476468976427
77,86.27827453613281,231.52368164496147
78,102.83674621582031,228.29111905034574
79,121.13819122314453,225.76544086151034
80,121.13819122314453,223.9680311750019
81,122.00968933105469,222.2306369737414
82,130.72467041015625,221.4973406630004
83,122.00968933105469,220.9887682954311
84,122.00968933105469,220.5868618380166
85,113.29470825195312,220.05945109968025
86,102.83674621582031,219.33652862149006
87,93.25025939941406,218.4571076510142
88,91.50727081298828,217.59747969847308
89,87.14978790283203,216.73696074190912
90,104.57974243164062,216.04210489043612
91,94.12175750732422,215.5647813068083
92,85.40676879882812,215.0772111769188
93,78.43479919433594,214.40119369621289
94,74.07730865478516,213.9919046340383
95,87.14978790283203,213.64587685748052
96,82.79229736328125,213.48225033301287
97,78.43479919433594,213.54328410857283
98,91.50727081298828,213.8362971457757
99,91.50727081298828,213.45641121635254
100,87.14978790283203,212.94802977821678
101,78.43479919433594,212.40559925778234
102,87.14978790283203,211.7186987993698
103,87.14978790283203,210.82578548226365
104,87.14978790283203,210.19800950507647
105,82.79229736328125,209.52561968360624
106,82.79229736328125,209.03785862428322
107,78.43479919433594,208.69533122067196
108,82.79229736328125,208.66885567256668
109,82.79229736328125,208.35293110334965
110,79.30630493164062,208.19592346590844
111,79.30630493164062,207.96330777282037
112,81.9207763671875,207.60117828070815
113,82.79229736328125,207.51487817678844
114,81.04930114746094,207.69148790273061
115,81.04930114746094,207.79395336534935
116,82.79229736328125,207.78192481104202
117,82.79229736328125,207.57699388580454
118,81.04930114746094,207.56203774685082
119,79.30630493164062,207.48031994933376
120,74.07730865478516,207.46122700598858
121,74.07730865478516,207.22148328071853
122,74.07730865478516,207.13537410623212
123,78.43479919433594,206.91427782229584
124,76.69181060791016,206.79666529128986
125,76.69181060791016,206.61012723480826
126,76.69181060791016,206.45222859334422
127,76.69181060791016,206.311831816613
128,76.69181060791016,206.24290629113716
129,76.69181060791016,206.15768812067358
130,76.69181060791016,206.05356793629835
131,78.43479919433594,206.01945521085509
132,78.43479919433594,205.9851515559783
133,81.04930114746094,205.89579658112325
134,81.04930114746094,205.8157335053627
135,77.56330108642578,205.75508158866978
136,77.56330108642578,205.7466806935979
137,77.56330108642578,205.689847365574
138,74.07730865478516,205.60023781814084
139,74.07730865478516,205.51909280892414
140,74.07730865478516,205.4297378340691
141,74.07730865478516,205.4276376103012
142,80.17780303955078,205.4269375357119
143,80.17780303955078,205.44634869477932
144,71.46282958984375,205.48720759353796
145,71.46282958984375,205.56389758264072
146,71.46282958984375,205.47963405934433
147,76.69181060791016,205.38722421355396
148,73.20582580566406,205.31467102884267
149,76.69181060791016,205.2731756986393
150,69.71981811523438,205.2281799954892
151,67.9768295288086,205.21716973149364
152,67.9768295288086,205.09688418841938
153,69.71981811523438,204.89844486391917
154,72.33432006835938,204.63967183844852
155,67.9768295288086,204.748947117527
156,67.9768295288086,204.6766485053936
157,69.71981811523438,204.53516979520623
158,69.71981811523438,204.37860765977643
159,69.71981811523438,204.30739098109916
160,69.71981811523438,204.23611065927753
161,69.71981811523438,204.16393933343284
162,73.20582580566406,204.09208622331084
163,73.20582580566406,203.9282051262653
164,73.20582580566406,203.8135201799057
165,73.20582580566406,203.81842070203083
166,73.20582580566406,203.84394160296893
167,61.8763427734375,203.87385388087614
168,63.619346618652344,203.82344851044513
169,76.69181060791016,203.61826301262977
170,76.69181060791016,203.52127086043652
171,74.94882202148438,203.4891947156168
172,78.43479919433594,203.7107365015645
173,83.6637954711914,203.9012840761486
174,87.14978790283203,203.821857431833
175,83.6637954711914,204.32960243852403
176,86.27827453613281,204.68428568273157
177,85.40676879882812,205.00485620149607
178,89.76427459716797,205.25758312824064
179,88.02127838134766,205.5413679094936
180,87.14978790283203,205.86652073466075
181,85.40676879882812,206.23055952110735
182,108.06573486328125,206.52299977001007
183,108.06573486328125,206.7699351706067
184,112.42322540283203,207.79293507503758
185,135.08216857910156,208.2242446652035
186,148.1546173095703,209.49844406091165
187,156.86959838867188,210.6624135303739
188,154.255126953125,212.50812836354544
189,139.43963623046875,214.68313282627582
190,139.43963623046875,216.18924784048227
191,130.72467041015625,217.20817458366628
192,130.72467041015625,218.37443520632996
193,131.59619140625,219.2999974565564
194,117.65220642089844,219.84580106364842
195,122.00968933105469,220.4619939885397
196,130.72467041015625,221.0494838552686
197,130.72467041015625,221.8142198793846
198,139.43963623046875,222.64629035036455
199,134.210693359375,223.57694405214943
200,134.210693359375,224.43638107525726
201,138.5681610107422,225.60887872608032
202,161.22708129882812,226.48301731556398
203,172.55654907226562,227.0475956502787
204,174.29957580566406,228.43628906291292
205,183.01454162597656,229.08487634834637
206,174.29957580566406,229.91134622261166
207,143.797119140625,230.42844677154153
208,165.5845947265625,230.8863591961017
209,174.29957580566406,230.21085086055177
210,235.30441284179688,230.73558858681986
211,235.30441284179688,233.2511475156823
212,278.8792724609376,233.92188261539604
213,278.8792724609376,236.65077336456784
214,261.4493408203125,240.1250526219327
215,278.8792724609376,244.05934452762563
216,278.8792724609376,247.56468163949853
217,309.3816833496094,250.92561245653792
218,326.8116760253906,254.24606623368572
219,318.09661865234375,258.5351050267308
220,322.45416259765625,263.2149127269057
221,322.45416259765625,268.1339550071949
222,374.7440490722656,272.9728069254346
223,361.6716613769531,278.4174779360146
224,370.38653564453125,282.836412386951
225,400.8890380859375,288.22367728120673
226,387.8164978027344,293.99171910890834
227,383.45904541015625,303.0375738069537
228,366.0290832519531,307.9936563973323
229,348.5991516113281,315.1349899967031
230,361.6716613769531,321.2559967037114
231,339.88421630859375,325.4406607398032
232,366.0290832519531,330.0408508662291
233,357.3140869140625,332.4765376487645
234,348.5991516113281,334.9027416027719
235,374.7440490722656,337.5788721851667
236,392.17401123046875,340.99848198142
237,422.6764221191406,343.72820009147017
238,431.39141845703125,345.7807551442138
239,470.60882568359375,351.5154479642059
240,453.1788330078125,354.8002615804429
241,465.47442626953125,362.73337954033525
242,465.47442626953125,368.4817556363914
243,447.90936279296875,375.11241664442514
244,491.822021484375,380.20851415266793
245,491.822021484375,390.3776067077059
246,491.822021484375,396.7032261242292
247,483.0395202636719,406.7436958842658
248,456.69189453125,413.55497613634407
249,447.90936279296875,419.08422888594293
250,474.2569580078125,425.5258061117155
251,500.6045837402344,430.6197397530459
252,509.3871154785156,436.4021012882564
253,509.3871154785156,446.36836314182483
254,526.9522094726562,456.61382747024334
255,509.3871154785156,461.13261801487454
256,544.5172729492188,469.188503600476
257,553.2998046875,473.1387699354344
258,526.9522094726562,481.4808587417791
259,544.5172729492188,486.51445868213887
260,535.7347412109375,484.51281814498225
261,553.2998046875,493.7739776008159
262,562.0821533203125,492.36612760169214
263,535.7347412109375,495.4760498568878
264,526.9522094726562,505.66359892382616
265,500.6045837402344,503.1782068454489
266,509.3871154785156,503.3935752463817
267,509.3871154785156,507.3410412829828
268,491.822021484375,517.6043256918567
269,483.0395202636719,517.2822277376248
270,474.2569580078125,530.5510596447411
271,483.0395202636719,529.5122762404783
272,474.2569580078125,531.2296864943708
273,456.69189453125,526.1649014132139
274,447.90936279296875,527.3076777155632
275,491.822021484375,522.3507041211617
276,500.6045837402344,510.7033722492009
277,509.3871154785156,501.94773029000123
278,518.1696166992188,491.04737800484554
279,526.9522094726562,497.2517572311274
280,535.7347412109375,496.5707119420074
281,614.777587890625,480.66482634320914
282,588.4299926757814,507.71284453305657
283,579.6473388671875,586.3572509598573
284,579.6473388671875,616.423417990555
285,597.2125244140625,628.2453230078345
286,597.2125244140625,627.6393766292053
287,579.6473388671875,634.1032925986916
288,597.2125244140625,643.229146729353
289,588.4299926757814,642.5085790475086
290,570.8648071289062,653.831521812036
291,562.0821533203125,660.1741339481365
292,544.5172729492188,670.318023817959
293,544.5172729492188,672.5981667553763
294,570.8648071289062,678.7958634514873
295,562.0821533203125,688.3475538618891
296,553.2998046875,685.9496711071769
297,553.2998046875,677.9224249365931
298,544.5172729492188,672.4762264905455
299,553.2998046875,674.2377414435651
300,562.0821533203125,673.5094092980938
301,579.6473388671875,658.8873332098207
302,570.8648071289062,589.6580390053596
303,597.2125244140625,559.0487413796382
304,597.2125244140625,545.4654486956279
305,570.8648071289062,551.089338801074
306,579.6473388671875,546.8204748848302
307,570.8648071289062,539.9266494743565
308,588.4299926757814,550.8515043701384
309,570.8648071289062,556.8682636064823
310,597.2125244140625,561.7310453470479
311,632.3425903320312,561.4016284312003
312,623.5599975585938,526.7809034086716
313,605.9951171875,555.8240068917938
314,623.5599975585938,550.6897871400054
315,614.777587890625,556.988358220123
316,597.2125244140625,566.53941219908
317,597.2125244140625,567.4099231293279
318,632.3425903320312,571.4236416793365
319,632.3425903320312,570.0274383756532
320,597.2125244140625,576.2523106944589
321,614.777587890625,579.2691230292749
322,649.90771484375,575.3289759542894
323,711.3853759765625,585.2400592015906
324,693.8203735351562,606.2951206911309
325,702.6028442382812,616.5535045778796
326,702.6028442382812,619.0629537648717
327,702.6028442382812,614.4772106322437
328,693.8203735351562,628.9270047283994
329,685.037841796875,618.5590909899943
330,693.8203735351562,619.1283152742565
331,667.4728393554688,619.7804665757809
332,676.25537109375,626.9801609386432
333,676.25537109375,625.1942070181418
334,676.25537109375,653.8837728336571
335,667.4728393554688,662.7564545355623
336,676.25537109375,665.9176095220674
337,746.515625,661.1466011958473
338,746.515625,633.8697859015809
339,728.9505615234375,646.9690088286483
340,711.3853759765625,659.7980029642379
341,685.037841796875,660.7273838031332
342,720.1679077148438,673.9856509482653
343,711.3853759765625,699.7893183771675
344,728.9505615234375,703.8245483100117
345,737.7330322265625,701.543578011716
346,728.9505615234375,704.1009504865043
347,711.3853759765625,710.6794241160613
348,720.1679077148438,709.8722381145747
349,720.1679077148438,704.0771479504674
350,720.1679077148438,713.5930709136693
351,764.0806884765625,712.0164392953748
352,772.8632202148438,696.1218821762947
353,772.8632202148438,715.8259906378797
354,790.4282836914062,713.9406897688392
355,781.6456909179688,720.4637302195509
356,772.8632202148438,732.7421793337843
357,755.298095703125,743.316105930883
358,764.0806884765625,745.3750889412196
359,746.515625,742.1498771297917
360,772.8632202148438,743.1777457347755
361,772.8632202148438,743.6240114638953
362,764.0806884765625,746.9536616754209
363,755.298095703125,747.6513814683956
364,737.7330322265625,748.4003021711075
365,755.298095703125,744.6695410414733
366,746.515625,739.3334452353826
367,746.515625,743.1454150173778
368,737.7330322265625,743.0431404841926
369,737.7330322265625,730.3029921783022
370,737.7330322265625,735.0200629395724
371,737.7330322265625,745.4614526882839
372,746.515625,731.4389268426195
373,772.8632202148438,732.0840773982507
374,772.8632202148438,743.978981102253
375,772.8632202148438,752.4214033258762
376,772.8632202148438,757.6394729205219
377,781.6456909179688,757.7112942090719
378,764.0806884765625,757.7629087992482
379,764.0806884765625,757.4137306870384
380,764.0806884765625,753.0021151977177
381,737.7330322265625,741.7583126833557
382,799.2108154296875,732.5272564348628
383,816.7759399414062,718.4056382132372
384,807.993408203125,732.5172962827512
385,807.993408203125,738.2275183136894
386,799.2108154296875,746.187780074704
387,764.0806884765625,753.321635604598
388,764.0806884765625,767.3496984038327
389,746.515625,781.4850635446667
390,702.6028442382812,777.8821933138726
391,711.3853759765625,783.6797655606147
392,711.3853759765625,785.0152851260327
393,720.1679077148438,770.6840263864779
394,711.3853759765625,737.7051990269117
395,720.1679077148438,734.3675297791812
396,711.3853759765625,737.2463001336121
397,702.6028442382812,761.357855458554
398,693.8203735351562,763.6770434651121
399,685.037841796875,759.3382675546529
400,535.7347412109375,750.3247753955776
401,535.7347412109375,734.4491202904092
402,535.7347412109375,752.3961369975161
403,535.7347412109375,738.4043507906373
404,535.7347412109375,714.3700264215262
405,526.9522094726562,688.8201042096805
406,526.9522094726562,664.633099936953
407,544.5172729492188,648.7660366562899
408,544.5172729492188,667.7007631442116
409,535.7347412109375,675.3138197304954
410,544.5172729492188,664.8168376950774
411,535.7347412109375,649.3926670568763
412,535.7347412109375,646.4700465758962
413,544.5172729492188,646.1183545594793
414,535.7347412109375,649.3717921054856
415,526.9522094726562,645.7175936786654
416,535.7347412109375,640.3870348261447
417,535.7347412109375,641.0629886637059
418,535.7347412109375,642.0684230602594
419,544.5172729492188,638.3317431181882
420,535.7347412109375,632.7384653652389
421,535.7347412109375,527.7461153379113
422,535.7347412109375,524.0693235947994
423,597.2125244140625,521.0309362340033
424,614.777587890625,567.0343012905852
425,597.2125244140625,629.7838960257278
426,614.777587890625,689.1959169778567
427,597.2125244140625,720.5856068412372
428,605.9951171875,726.5865825777491
429,605.9951171875,731.4923870839857
430,597.2125244140625,738.986144595935
431,632.3425903320312,740.4657522404641
432,649.90771484375,768.49670697529
433,667.4728393554688,793.194956627655
434,649.90771484375,804.1768357808943
435,702.6028442382812,806.8979302448668
436,693.8203735351562,804.9712295103398
437,737.7330322265625,806.9210008847422
438,737.7330322265625,821.1850524637223
439,737.7330322265625,827.0211606344492
440,764.0806884765625,830.6582708769756
441,746.515625,842.3344330933876
442,755.298095703125,923.2738749534147
443,737.7330322265625,958.7052227072322
444,737.7330322265625,900.3523509656011
445,693.8203735351562,836.4488741993968
446,641.1251220703125,840.2148299879303
447,641.1251220703125,819.7541636462954
448,597.2125244140625,819.554769674628
449,632.3425903320312,819.7935587527309
450,658.690185546875,820.4157023116311
451,658.690185546875,825.4134075185023
452,649.90771484375,816.8096181020405
453,641.1251220703125,816.1339506586294
454,641.1251220703125,813.5400151973353
455,605.9951171875,810.9452205535906
456,588.4299926757814,799.9120450258974
457,553.2998046875,782.684036743595
458,535.7347412109375,755.1115354000574
459,500.6045837402344,747.1667389231523
460,553.2998046875,743.6048548774056
461,579.6473388671875,711.2685687045469
462,605.9951171875,692.033955719818
463,597.2125244140625,676.2659211719715
464,605.9951171875,660.5658575024336
465,614.777587890625,651.7953230474247
466,597.2125244140625,591.6551608792579
467,553.2998046875,584.7136031104214
468,562.0821533203125,580.9720862893696
469,588.4299926757814,578.4411893626865
470,614.777587890625,572.2625219667761
471,605.9951171875,563.3174143664485
472,614.777587890625,563.03000192596
473,623.5599975585938,566.2574094258727
474,641.1251220703125,555.630213516841
475,667.4728393554688,558.2665671339336
476,676.25537109375,556.7510329343434
477,676.25537109375,569.157945735717
478,667.4728393554688,573.0172660172083
479,649.90771484375,580.4936807722856
480,641.1251220703125,595.310123023812
481,649.90771484375,601.9380473766328
482,641.1251220703125,618.950496328569
483,632.3425903320312,630.423255055211
484,632.3425903320312,629.238792493225
485,605.9951171875,632.1427655328715
486,629.0298461914062,631.118238192973
487,620.1703491210938,631.0824071026286
488,629.0298461914062,637.0587529422254
489,637.8895263671875,640.7181064637489
490,655.6087036132812,642.7641699157551
491,637.8895263671875,635.8341315560701
492,646.7490844726564,645.0474313672521
493,664.4682006835938,644.6416426780241
494,708.7660522460938,640.7041686151069
495,682.1873779296875,630.686801316518
496,699.906494140625,643.447315428643
497,682.1873779296875,657.1374649522414
498,682.1873779296875,653.497713519219
499,682.1873779296875,649.3286420535258
500,691.0469360351562,657.1352374421846
501,708.7660522460938,656.0450303771789
502,708.7660522460938,659.73302331372
503,691.0469360351562,661.860104488654
504,726.4852294921875,661.8189273741731
505,717.6256103515625,645.9993418792948
506,717.6256103515625,648.8736572136118
507,744.204345703125,654.5148582543575
508,708.7660522460938,642.3299963840874
509,699.906494140625,667.702799724835
510,717.6256103515625,705.0036012047166
511,744.204345703125,688.291484251599
512,744.204345703125,707.4868930593258
513,744.204345703125,717.2466329090447
514,717.6256103515625,717.9971128687964
515,726.4852294921875,681.6713880055496
516,735.3448486328125,716.2610551735702
517,735.3448486328125,713.6968728823222
518,761.9235229492188,718.9298667943494
519,761.9235229492188,724.4862951666428
520,744.204345703125,731.0721514009599
521,753.0640258789062,744.3773235435765
522,735.3448486328125,775.5643099917764
523,735.3448486328125,743.8467942911603
524,726.4852294921875,769.6868019555628
525,726.4852294921875,739.8780078011572
526,735.3448486328125,728.9659451774165
527,726.4852294921875,726.3122169818799
528,717.6256103515625,709.8959770074671
529,717.6256103515625,701.3656317797396
530,717.6256103515625,701.9163359089571
531,735.3448486328125,701.0957848471288
532,735.3448486328125,700.5754384978301
533,753.0640258789062,700.9196842663424
534,735.3448486328125,701.1118865626831
535,770.783203125,702.3539461704269
536,779.6427001953125,704.4023007756346
537,770.783203125,705.953920638147
538,779.6427001953125,708.2919151939001
539,753.0640258789062,707.8904542384969
540,761.9235229492188,773.6055649340018
541,770.783203125,726.5277763122463
542,797.3618774414062,715.7783855658059
543,850.5193481445312,718.2549312470999
544,850.5193481445312,725.2772521662862
545,868.238525390625,743.178986776093
546,912.5363159179688,755.4450572987242
547,947.9746704101562,769.8853685663519
548,1001.1321411132812,787.9150577181433
549,974.5534057617188,803.4595457209907
550,965.69384765625,860.6783284494948
551,939.1151123046876,833.3327467376139
552,894.8172607421875,1128.5943598782933
553,903.6766967773438,914.6115338440281
554,877.0980834960938,922.6047945754576
555,903.6766967773438,922.4173018718087
556,939.1151123046876,928.273075774181
557,930.2555541992188,922.3333247426624
558,779.6427001953125,921.7247689951093
559,761.9235229492188,926.2825409657369
560,779.6427001953125,937.6148392725033
561,770.783203125,940.0913849537974
562,735.3448486328125,940.3436663785308
563,699.906494140625,935.392325202416
564,744.204345703125,925.257695410116
565,744.204345703125,921.6720406499046
566,761.9235229492188,919.2302441254988
567,770.783203125,906.5991483476813
568,770.783203125,893.2409296441376
569,770.783203125,883.0549080126668
570,770.783203125,874.4135054978154
571,753.0640258789062,869.9519619616473
572,788.502197265625,833.6741922077689
573,806.221435546875,825.3596927045579
574,815.0810546875,811.7038786574085
575,823.9406127929688,809.1836419574265
576,823.9406127929688,808.2958837350234
577,788.502197265625,803.3541208521535
578,770.783203125,799.6067806833814
579,797.3618774414062,753.1887805404883
580,815.0810546875,777.0432493832885
581,815.0810546875,782.2813665684466
582,779.6427001953125,773.9650214140456
583,823.9406127929688,786.6753210851732
584,832.8001708984375,799.5538614087432
585,859.0457763671875,797.1438228134348
586,944.9503173828124,811.92249285871
587,916.3155517578124,806.3268284878425
588,906.7705078125,1204.2022325508813
589,925.8604736328124,922.3619323361079
590,906.7705078125,916.21807774023
591,868.5906982421875,907.9369272447285
592,859.0457763671875,900.7088162178543
593,839.9559326171875,901.3626858842797
594,839.9559326171875,893.8376795883889
595,887.6807250976562,907.9374363898844
596,859.0457763671875,884.3351216855286
597,868.5906982421875,896.8188517622941
598,935.4053955078124,903.6275544670209
599,868.5906982421875,910.246696065903
600,839.9559326171875,925.7052340021253
601,839.9559326171875,921.8593424241201
602,849.5008544921875,927.6860632310359
603,830.410888671875,929.1458778576305
604,839.9559326171875,934.0050001173884
605,839.9559326171875,931.6094721590221
606,859.0457763671875,937.9018380325526
607,839.9559326171875,924.8106977848347
608,868.5906982421875,891.509422433742
609,887.6807250976562,890.6548222896149
610,878.1356811523438,883.7772258809846
611,839.9559326171875,878.3626898993176
612,782.6861572265625,865.6308788453547
613,725.4163818359375,867.5734903660027
614,773.1412353515625,875.1739137881066
615,801.7760620117188,873.1651452187677
616,782.6861572265625,869.6816058838806
617,754.0512084960938,866.3278985637401
618,782.6861572265625,856.1313121702851
619,744.5062866210938,843.39606438652
620,734.9613647460938,832.7026477856531
621,706.3265991210938,827.2249778046582
622,687.2366333007812,819.1062446138792
623,706.3265991210938,811.053954865941
624,725.4163818359375,778.5379404530603
625,715.8715209960938,773.6526608609197
626,706.3265991210938,758.7099187891655
627,687.2366333007812,756.5888518913853
628,706.3265991210938,742.6856569416276
629,706.3265991210938,731.8252725512077
630,696.7815551757812,740.380215854278
631,696.7815551757812,727.2286782624452
632,677.691650390625,733.7128645734496
633,668.1467895507812,711.4670080290471
634,649.0568237304688,735.9966351701024
635,620.4218749999999,725.1511114539195
636,610.876953125,715.832354952328
637,620.4218749999999,709.9393179888605
638,610.876953125,702.5609136762879
639,649.0568237304688,693.9480869333096
640,639.5118408203125,678.440289203257
641,629.9669799804688,682.9608617559337
642,620.4218749999999,679.6763663554192
643,610.876953125,672.8444657245282
644,629.9669799804688,664.6387005336676
645,639.5118408203125,664.5161874805365
646,668.1467895507812,656.5499750855125
647,668.1467895507812,652.4784685603126
648,677.691650390625,649.6810977876764
649,696.7815551757812,649.6637868523768
650,696.7815551757812,647.783959293762
651,763.5962524414062,646.8751351905348
652,763.5962524414062,644.8470827484174
653,754.0512084960938,653.2826633340086
654,734.9613647460938,661.9751712938805
655,744.5062866210938,663.7014915880007
656,734.9613647460938,668.2981176983354
657,734.9613647460938,673.330890277817
658,696.7815551757812,680.2436813453469
659,744.5062866210938,684.18904715818
660,744.5062866210938,681.6172913327384
661,734.9613647460938,685.0956437513502
662,744.5062866210938,708.2746042586004
663,754.0512084960938,696.3515066415919
664,773.1412353515625,686.6727845148006
665,773.1412353515625,694.6624175869946
666,754.0512084960938,703.1766610991676
667,773.1412353515625,707.1040159021119
668,801.7760620117188,708.7812036886907
669,801.7760620117188,715.4284755574346
670,792.2310791015625,720.9339894141409
671,782.6861572265625,723.4205270691189
672,820.8660278320312,813.0245693701619
673,811.321044921875,731.8475794733492
674,820.8660278320312,733.1884768844762
675,830.410888671875,744.8295717282775
676,830.410888671875,739.5090684925852
677,830.410888671875,742.5789910314729
678,820.8660278320312,748.0232483616138
679,820.8660278320312,788.594098248212
680,830.410888671875,918.785283080841
681,830.410888671875,754.5480708203711
682,849.5008544921875,789.7982265418435
683,878.1356811523438,798.6447190897936
684,878.1356811523438,809.2874439260793
685,878.1356811523438,807.80570423621
686,897.2256469726562,1125.605789188842
687,878.1356811523438,888.5739142160039
688,878.1356811523438,893.8856346977575
689,859.0457763671875,885.123182922098
690,868.5906982421875,883.8592618942241
691,859.0457763671875,886.1473602247017
692,878.1356811523438,881.4503052323718
693,839.9559326171875,1103.0771343319261
694,868.5906982421875,932.8982140132446
695,868.5906982421875,952.0803850469189
696,887.6807250976562,1005.7820089494621
697,887.6807250976562,953.5087281385664
698,887.6807250976562,972.8670315745993
699,868.5906982421875,972.8292593683482
700,887.6807250976562,1021.6026127346522
701,868.5906982421875,960.7639511449908
702,859.0457763671875,979.3963090534704
703,859.0457763671875,972.1972829436252
704,868.5906982421875,954.5817515545615
705,868.5906982421875,952.6134600251144
706,868.5906982421875,923.4780739824907
707,878.1356811523438,909.771059025604
708,868.5906982421875,908.0828609750297
709,868.5906982421875,1056.5639081340992
710,868.5906982421875,938.192018949826
711,868.5906982421875,1060.834856363325
712,849.5008544921875,893.3910001788302
713,868.5906982421875,907.736196767027
714,859.0457763671875,876.180525582833
715,868.5906982421875,896.1505032804987
716,859.0457763671875,907.300018476308
717,839.9559326171875,1006.295147712648
718,830.410888671875,901.2813181240573
719,839.9559326171875,917.1080316511177
720,830.410888671875,915.2402326468103
721,782.6861572265625,911.5914438872712
722,811.321044921875,916.6535241347874
723,839.9559326171875,908.3146493072393
724,849.5008544921875,912.4775473879176
725,849.5008544921875,910.7038447727293
726,859.0457763671875,915.1724845195074
727,839.9559326171875,914.4812563272701
728,849.5008544921875,905.9653580933405
729,859.0457763671875,883.3578493804093
730,859.0457763671875,848.8012766475201
731,859.0457763671875,867.1693245769591
732,830.410888671875,1080.9123432428096
733,826.56640625,919.3954935501507
734,816.9552001953125,924.5027286086781
735,855.4002075195312,917.4750616653553
736,845.7889404296875,906.0254690433053
737,855.4002075195312,862.3108069270738
738,855.4002075195312,886.7330680833852
739,855.4002075195312,1053.852471517302
740,855.4002075195312,920.7205756398735
741,865.0113525390625,930.6753499058626
742,922.6788330078124,921.4525036230082
743,989.95751953125,945.7109473254186
744,961.1237182617188,967.3158537617259
745,970.7349243164062,993.4317226358928
746,989.95751953125,1001.7280679321398
747,980.3462524414062,1004.8951099095096
748,999.5687866210938,1014.2930066612665
749,989.95751953125,997.9325021706352
750,980.3462524414062,1001.5078944737985
751,1028.40234375,1005.4424250412833
752,1009.179931640625,981.5925066833138
753,980.3462524414062,989.1617449646207
754,980.3462524414062,993.2183589940113
755,922.6788330078124,999.4360237267041
756,884.2338256835938,1007.2854827731727
757,855.4002075195312,1011.1611434320101
758,913.0675659179688,998.5398805200153
759,970.7349243164062,959.5201095292015
760,980.3462524414062,958.3333239924418
761,989.95751953125,964.2770527204907
762,1009.179931640625,969.4215190185412
763,1009.179931640625,1163.3214007736822
764,961.1237182617188,974.7377263419808
765,941.9013061523438,1131.6689522329075
766,961.1237182617188,908.2297811740702
767,999.5687866210938,1117.6328465312888
768,999.5687866210938,1168.9213133244439
769,999.5687866210938,1186.3387076939437
770,980.3462524414062,1246.899141344405
771,961.1237182617188,1215.9512383238512
772,970.7349243164062,1152.2592914814281
773,961.1237182617188,1216.0368940409332
774,951.5125732421876,1142.8140203639962
775,941.9013061523438,1117.600499903105
776,941.9013061523438,1172.3091095038485
777,893.844970703125,1120.6828169443809
778,893.844970703125,1058.109895578325
779,922.6788330078124,1030.830359539632
780,893.844970703125,1019.3307593168039
781,865.0113525390625,1082.2162480762054
782,845.7889404296875,1097.6443805001506
783,788.1214599609375,1043.884570852763
784,768.8990478515625,1044.6459337902215
785,711.231689453125,998.1923093972038
786,768.8990478515625,1001.274928743416
787,788.1214599609375,1003.0330387882058
788,816.9552001953125,1005.5361873038939
789,836.1776733398438,999.0936236093819
790,778.51025390625,983.6053165923272
791,749.6763916015625,986.5296872597808
792,759.2877807617188,982.3312763044805
793,807.3438720703125,948.6182298085782
794,768.8990478515625,939.7514350975378
795,778.51025390625,930.9464697013632
796,807.3438720703125,903.4862348646948
797,845.7889404296875,859.6881684076175
798,865.0113525390625,851.8737767337594
799,865.0113525390625,850.240852754169
800,913.0675659179688,853.8559742902763
801,865.0113525390625,812.5866408929696
802,884.2338256835938,801.7748798649352
803,893.844970703125,804.9207604967642
804,884.2338256835938,811.5546673051665
805,874.6226196289062,1174.0095668151291
806,893.844970703125,899.0686369197927
807,884.2338256835938,896.7951128694017
808,893.844970703125,887.6907064784314
809,884.2338256835938,882.9785998824309
810,884.2338256835938,877.1806775983941
811,865.0113525390625,1182.6545651676438
812,884.2338256835938,1238.2233715315324
813,865.0113525390625,1215.6784001634496
814,884.2338256835938,1267.4853214139912
815,893.844970703125,1169.3931954192183
816,903.4563598632812,1140.4674737607031
817,932.2900390625,1091.7301821911421
818,922.6788330078124,1048.3997814705172
819,913.0675659179688,1013.600696535573
820,941.9013061523438,1037.931088812822
821,941.9013061523438,1008.1610692441932
822,932.2900390625,968.8084764293019
823,932.2900390625,1092.2445619956457
824,932.2900390625,1009.2215390499389
825,884.2338256835938,1075.2217551219446
826,893.844970703125,1093.4303292420934
827,865.0113525390625,1025.8994000805383
828,874.6226196289062,1049.865514909549
829,865.0113525390625,994.3640310594344
830,845.7889404296875,982.9980655292361
831,836.1776733398438,1031.7561604516502
832,816.9552001953125,1028.5559763067904
833,816.9552001953125,1135.17818748738
834,874.6226196289062,1193.4950292538404
835,865.0113525390625,1138.5586408389897
836,855.4002075195312,1121.1179292124298
837,855.4002075195312,1121.2890656279465
838,855.4002075195312,1081.676983802209
839,845.7889404296875,1063.5804534379238
840,884.2338256835938,999.4857926656903
841,922.6788330078124,1008.7938252974362
842,913.0675659179688,1066.1973958959486
843,893.844970703125,1038.836842134328
844,941.9013061523438,1114.5545390081154
845,941.9013061523438,1071.9075065513841
846,932.2900390625,1164.3803908763184
847,951.5125732421876,1119.2574809913103
848,951.5125732421876,1099.3747739555179
849,932.2900390625,1228.004418550488
850,932.2900390625,1124.0765398916155
851,941.9013061523438,1182.0966057199553
852,961.1237182617188,1116.562893897015
853,941.9013061523438,1093.3836151740425
854,913.0675659179688,1081.6290605144127
855,941.9013061523438,1137.2058898922028
856,961.1237182617188,1085.3929479007506
857,961.1237182617188,1107.0423568058382
858,970.7349243164062,1162.4181534009904
859,989.95751953125,1213.8697693950294
860,1009.179931640625,1200.8368387583348
861,1009.179931640625,1167.5799624559127
862,1018.7910766601562,1112.3236558645285
863,1018.7910766601562,1164.0021835348311
864,1009.179931640625,1222.6145681534877
865,1009.179931640625,1151.3709047829732
866,989.95751953125,1204.9136117537407
867,999.5687866210938,1137.5018702910172
868,980.3462524414062,1173.3885529220433
869,989.95751953125,1106.761945111243
870,970.7349243164062,1190.7832266889625
871,980.3462524414062,1220.8468798154531
872,1009.179931640625,1090.5508588130733
873,1009.179931640625,1106.9621505330026
874,1009.179931640625,1193.0260588329263
875,1057.2362060546875,1234.213592889937
876,1114.903564453125,1258.7564523357123
877,1086.0699462890625,1209.2757407205288
878,1057.2362060546875,1183.3487368553137
879,1114.903564453125,1102.8237709737366
880,1162.959716796875,1174.1960730500386
881,1153.348388671875,1284.235984732547
882,1143.7374267578125,1260.6979918671454
883,1162.959716796875,1214.196433744878
884,1143.7374267578125,1146.1065188899295
885,1182.18212890625,1148.9506753291541
886,1182.18212890625,1132.8111318807773
887,1172.5709228515625,1131.7358173115808
888,1153.348388671875,1189.9034875027644
889,1143.7374267578125,1159.1771501343374
890,1134.1260986328125,1128.2377673397511
891,1162.959716796875,1201.7169041156485
892,1134.1260986328125,1175.303089860581
893,1086.0699462890625,1191.629593001272
894,1105.2923583984375,1162.642853477983
895,1105.2923583984375,1110.6199925298445
896,1095.68115234375,1088.3643508519776
897,1134.1260986328125,1062.204711405192
898,1182.18212890625,1057.162933320766
899,1162.959716796875,1067.8421575004131
900,1182.18212890625,1074.461267277723
901,1182.18212890625,1006.5459494342722
902,1191.7933349609375,1046.15938367683
903,1172.5709228515625,1118.696403029542
904,1172.5709228515625,1224.6247925597565
905,1162.959716796875,1297.5810611267548
906,1211.0159912109375,1258.4057229218558
907,1191.7933349609375,1286.786318673325
908,1182.18212890625,1364.5945556128715
909,1182.18212890625,1413.048253330613
910,1182.18212890625,1427.4460509777257
911,1191.7933349609375,1381.841648883126
912,1191.7933349609375,1351.6940265828823
913,1201.4046630859375,1348.8722566197298
914,1230.2384033203125,1303.0022398616275
915,1268.6834716796875,1292.6568796625486
916,1239.849609375,1268.3626391774264
917,1268.6834716796875,1232.0458159018021
918,1268.6834716796875,1230.831291898289
919,1297.51708984375,1285.4093853204824
920,1287.9058837890625,1236.317440339438
921,1335.9619140625,1237.0518901821729
922,1355.1844482421875,1258.083409177587
923,1307.128173828125,1200.9398054107164
924,1345.5732421875,1218.5866611599556
925,1335.9619140625,1174.3194850625855
926,1278.2945556640625,1138.9156629687573
927,1345.5732421875,1199.475289146823
928,1355.1844482421875,1222.7370652958325
929,1384.018310546875,1225.190973906173
930,1393.62939453125,1247.0270799756036
931,1374.4071044921875,1279.687759233592
932,1393.62939453125,1350.995304410382
933,1403.24072265625,1336.830456582866
934,1364.7955322265625,1352.4466783649395
935,1393.62939453125,1367.977331939255
936,1374.4071044921875,1373.7402743600048
937,1393.62939453125,1414.7243114513774
938,1403.24072265625,1514.378688199852
939,1432.074462890625,1476.6512389901377
940,1412.8519287109375,1476.8477849310896
941,1355.1844482421875,1465.1996416090365
942,1345.5732421875,1463.5552141310807
943,1345.5732421875,1460.198976995947
944,1335.9619140625,1448.7200607950763
945,1326.3507080078125,1467.1451170711864
946,1297.51708984375,1530.0840024288098
947,1345.5732421875,1480.7320215036461
948,1220.6270751953125,1443.6501842623607
949,1191.7933349609375,1474.5882941940572
950,1230.2384033203125,1451.407615321906
951,1230.2384033203125,1443.2792401947374
952,1249.4609375,1422.01428361469
953,1182.18212890625,1378.2277683883362
954,1211.0159912109375,1331.3637411781153
955,1211.0159912109375,1301.650694156889
956,1182.18212890625,1432.2342429529565
957,1153.348388671875,1359.4472412841055
958,1114.903564453125,1313.0919097500462
959,1047.6248779296875,1285.0073475990826
960,1076.45849609375,1265.865399529934
961,1143.7374267578125,1262.911355246365
962,1162.959716796875,1233.3964009928286
963,1143.7374267578125,1224.8324084301519
964,1211.0159912109375,1378.8447648079266
965,1201.4046630859375,1249.2614575255923
966,1220.6270751953125,1434.774829548387
967,1201.4046630859375,1353.1137539838455
968,1230.2384033203125,1325.8020940679744
969,1220.6270751953125,1269.6743621733524
970,1230.2384033203125,1392.9586424321042
971,1239.849609375,1441.3178221248945
972,1201.4046630859375,1308.14372288728
973,1162.959716796875,1250.9870837116678
974,1114.903564453125,1104.9375666422595
975,1086.0699462890625,1103.0504678543875
976,1105.2923583984375,1100.2041873252153
977,1124.514892578125,1106.8398920524494
978,1134.1260986328125,1116.8790253064517
979,1153.348388671875,1116.7282069648115
980,1143.7374267578125,1098.7897661714237
981,1162.959716796875,1112.2219541196437
982,1162.959716796875,1131.1397594865257
983,1134.1260986328125,1206.1748756803324
984,1105.2923583984375,1168.4041570877625
985,1095.68115234375,1155.3499537300243
986,1057.2362060546875,1150.2629412806566
987,1057.2362060546875,1166.8702061532374
988,1057.2362060546875,1179.0990136147734
989,1076.45849609375,1177.1756064129734
990,1095.68115234375,1174.0465912144325
991,1153.348388671875,1160.1920832702049
992,1201.8084716796875,1202.868331907951
993,1182.4244384765625,1195.0076836011428
994,1124.2724609375,1191.4393079546587
995,1114.5804443359375,1170.1211138842505
996,1124.2724609375,1167.4521829325754
997,1104.8885498046875,1165.4199698198875
998,1133.9644775390625,1168.8184819137443
999,1095.196533203125,1165.2733519257831
1000,1114.5804443359375,1170.7680941802857
1001,1104.8885498046875,1173.3661823567572
1002,1066.1204833984375,1159.1518997167634
1003,1075.8123779296875,1142.905173257683
1004,1056.428466796875,1137.3482039186615
1005,1056.428466796875,1137.2732959376042
1006,1037.04443359375,1137.3087451690815
1007,1017.660400390625,1142.928991704506
1008,1037.04443359375,1134.034225831465
1009,1027.352294921875,1131.8197148867964
1010,1046.736572265625,1131.500990019222
1011,1046.736572265625,1132.0330626178918
1012,1037.04443359375,1078.8664707202367
1013,1046.736572265625,1064.439047189367
1014,1037.04443359375,1058.6186906968999
1015,1027.352294921875,1228.228092381776
1016,1027.352294921875,1259.6624880736717
1017,998.2764892578124,1222.4895093745772
1018,949.81640625,1192.0755962024207
1019,969.200439453125,1179.4295045086842
1020,978.892333984375,1147.351951584331
1021,959.5083618164062,1106.6247464025223
1022,920.7403564453124,1090.8694404835726
1023,949.81640625,1077.6537983344583
1024,998.2764892578124,1063.0471875302949
1025,988.58447265625,1070.4837616769255
1026,978.892333984375,1051.9558103469712
1027,978.892333984375,1043.4440011850747
1028,969.200439453125,1039.162647301726
1029,1017.660400390625,1040.5350639801586
1030,1007.9685668945312,1039.2545480023605
1031,998.2764892578124,1034.3799922800654
1032,998.2764892578124,1031.793232583312
1033,978.892333984375,1029.1345720440777
1034,1007.9685668945312,1029.0851372316001
1035,1027.352294921875,1004.4660119186144
1036,1095.196533203125,980.2869630389475
1037,1046.736572265625,979.4685758440316
1038,1066.1204833984375,984.4820963723068
1039,1095.196533203125,990.4670340364089
1040,1056.428466796875,995.5450250700462
1041,1095.196533203125,999.930483226984
1042,1114.5804443359375,1004.7973699503689
1043,1095.196533203125,1011.7286652621573
1044,1075.8123779296875,1276.8425785375107
1045,1037.04443359375,1099.80823150181
1046,1007.9685668945312,1098.6179455921038
1047,1007.9685668945312,1087.937305352492
1048,1027.352294921875,1075.108915826775
1049,1037.04443359375,1066.6447276477384
1050,1037.04443359375,1057.7727301096365
1051,1075.8123779296875,1051.726551829755
1052,1124.2724609375,1054.847723010738
1053,1124.2724609375,1077.6488341691886
1054,1163.04052734375,1078.7233054667208
1055,1221.1925048828125,1152.2017660342078
1056,1211.50048828125,1156.0065123193042
1057,1201.8084716796875,1156.9758769637215
1058,1221.1925048828125,1150.991535954099
1059,1182.4244384765625,1378.476804012701
1060,1172.732666015625,1286.1946104594258
1061,1201.8084716796875,1253.6944948995765
1062,1192.116455078125,1233.0844501424451
1063,1221.1925048828125,1220.348796633634
1064,1211.50048828125,1189.7058437175704
1065,1221.1925048828125,1187.2815888348628
1066,1240.5765380859375,1185.7170732801992
1067,1221.1925048828125,1189.9432326464944
1068,1211.50048828125,1189.6653269007134
1069,1211.50048828125,1379.6937245783738
1070,1211.50048828125,1462.193569054852
1071,1211.50048828125,1369.3094545518363
1072,1211.50048828125,1332.2596377676193
1073,1221.1925048828125,1290.4922331215832
1074,1221.1925048828125,1431.009319261865
1075,1211.50048828125,1314.2719411580977
1076,1182.4244384765625,1385.9235769732352
1077,1172.732666015625,1202.8715936191056
1078,1163.04052734375,1177.0498077825082
1079,1163.04052734375,1270.82467223293
1080,1163.04052734375,1290.3577730569234
1081,1172.732666015625,1248.7193133993078
1082,1201.8084716796875,1156.6514083023576
1083,1182.4244384765625,1148.93641926479
1084,1201.8084716796875,1118.238108746115
1085,1211.50048828125,1080.6046604608032
1086,1201.8084716796875,1122.290156379889
1087,1201.8084716796875,1160.6762484918647
1088,1182.4244384765625,1122.670058220098
1089,1172.732666015625,1158.7896588491485
1090,1182.4244384765625,1163.4663639460298
1091,1172.732666015625,1239.9815531748598
1092,1163.04052734375,1222.5649782108453
1093,1133.9644775390625,1251.9218702401479
1094,1104.8885498046875,1217.8741005812267
1095,1066.1204833984375,1214.3336085874196
1096,1075.8123779296875,1237.8864327915462
1097,1095.196533203125,1220.0098054022383
1098,1066.1204833984375,1302.7351415173189
1099,1075.8123779296875,1241.5075725825036
1100,1075.8123779296875,1193.6717105783202
1101,1104.8885498046875,1174.2277355144192
1102,1124.2724609375,1179.3775637473923
1103,1104.8885498046875,1186.0920905090695
1104,1085.50439453125,1194.3179589781937
1105,1085.50439453125,1206.9389275406454
1106,1095.196533203125,1194.2868693021135
1107,1104.8885498046875,1181.9725174989983
1108,1201.8084716796875,1185.2560662077385
1109,1230.884521484375,1231.3442834867033
1110,1230.884521484375,1210.7832678170037
1111,1221.1925048828125,1195.2225030799543
1112,1250.2685546875,1179.442129717471
1113,1279.3447265625,1171.7702191333258
1114,1279.3447265625,1177.4617141689998
1115,1308.4205322265625,1352.6288568660243
1116,1279.3447265625,1283.8559178179319
1117,1289.0364990234375,1252.6126489526773
1118,1327.8045654296875,1232.6641627493646
1119,1395.648681640625,1205.7962228368337
1120,1356.8804931640625,1212.7911493600163
1121,1347.1884765625,1204.7312264124366
1122,1327.8045654296875,1378.4572417011652
1123,1289.0364990234375,1283.3286363547327
1124,1337.49658203125,1264.8522961344704
1125,1318.112548828125,1250.3151354145125
1126,1298.728515625,1394.1220391132663
1127,1308.4205322265625,1319.2174311426163
1128,1376.2645263671875,1483.7716339949734
1129,1385.9566650390625,1416.6726031226706
1130,1376.2645263671875,1386.630127252507
1131,1356.8804931640625,1449.6436341970375
1132,1385.9566650390625,1532.38455890482
1133,1376.2645263671875,1545.1947146696425
1134,1424.724609375,1495.296309616728
1135,1405.3406982421875,1524.8853280824453
1136,1434.4166259765625,1465.5091541314468
1137,1405.3406982421875,1435.7409006600774
1138,1424.724609375,1460.6531185641966
1139,1492.568603515625,1469.541488301217
1140,1550.720703125,1411.717825216754
1141,1531.3367919921875,1467.6003723944643
1142,1531.3367919921875,1491.4553981147787
1143,1560.4127197265625,1513.142276921181
1144,1570.104736328125,1534.6406447336226
1145,1599.1806640625,1516.0428450525976
1146,1599.1806640625,1546.4002112908804
1147,1579.796630859375,1555.791234583033
1148,1550.720703125,1535.6832467265544
1149,1541.0286865234375,1519.5534486346764
1150,1599.1806640625,1514.7931641783018
1151,1599.1806640625,1530.695485761009
1152,1599.1806640625,1536.2216359073143
1153,1667.024658203125,1545.366773910754
1154,1686.4088134765625,1572.54351036032
1155,1637.9486083984375,1571.2063360731452
1156,1686.4088134765625,1586.922851495532
1157,1676.7166748046875,1540.6146357768735
1158,1696.100830078125,1631.8600347741508
1159,1696.100830078125,1665.1266882546445
1160,1657.332763671875,1645.3581092876975
1161,1637.9486083984375,1577.6283112104168
1162,1599.1806640625,1596.059970462767
1163,1560.4127197265625,1593.5460662556611
1164,1589.4886474609375,1610.2341579217364
1165,1570.104736328125,1639.0016229460996
1166,1570.104736328125,1620.1845089891838
1167,1560.4127197265625,1599.1106091288761
1168,1608.872802734375,1600.6052683770758
1169,1647.6407470703125,1611.4294079967121
1170,1647.6407470703125,1615.8486924849433
1171,1676.7166748046875,1566.2847480670766
1172,1676.7166748046875,1580.7279869193508
1173,1676.7166748046875,1582.911678671303
1174,1657.332763671875,1483.110286259071
1175,1657.332763671875,1436.7298673929956
1176,1628.256591796875,1412.0037897757052
1177,1657.332763671875,1483.2831092179165
1178,1637.9486083984375,1494.4166499844605
1179,1628.256591796875,1541.6001498692035
1180,1628.256591796875,1538.1534280934002
1181,1676.7166748046875,1553.7717739654208
1182,1734.8687744140625,1650.0875268189975
1183,1705.792724609375,1659.5732829317142
1184,1696.100830078125,1683.2398453904261
1185,1696.100830078125,1640.2575249377687
1186,1744.560791015625,1636.0751838764504
1187,1734.8687744140625,1651.9265591219983
1188,1744.560791015625,1632.4744775125687
1189,1705.792724609375,1662.6254490332908
1190,1725.1768798828125,1663.714415056979
1191,1725.1768798828125,1651.1128815197744
1192,1783.3287353515625,1605.710625962841
1193,1763.9447021484375,1582.3258435263306
1194,1763.9447021484375,1550.5282011068095
1195,1763.9447021484375,1583.2914373144372
1196,1783.3287353515625,1617.5982107052278
1197,1734.8687744140625,1673.2193913993299
1198,1744.560791015625,1691.9082007769666
1199,1744.560791015625,1618.711138372814
1200,1783.3287353515625,1737.4467799493839
1201,1860.8648681640625,1809.2391426900645
1202,1841.480712890625,1837.168873003589
1203,2132.240966796875,1798.9120242072736
1204,1928.7088623046875,1752.302521842629
1205,1938.40087890625,1783.9325918627244
1206,1938.40087890625,1791.878502094658
1207,1880.248779296875,1731.2701173125247
1208,1802.712646484375,1758.577704067149
1209,1676.7166748046875,1801.8090601441713
1210,1773.6368408203125,1821.8698884305873
1211,1734.8687744140625,1802.6631511431424
1212,1812.40478515625,1822.932601657176
1213,1851.1727294921875,1751.3603487316923
1214,1831.788818359375,1807.4573255739547
1215,1802.712646484375,1807.2212731510645
1216,1763.9447021484375,1837.7087577982443
1217,1725.1768798828125,1825.137582040958
1218,1661.643310546875,1745.5707318780107
1219,1671.417724609375,1660.5338489114065
1220,1710.5152587890625,1576.6802829301878
1221,1710.5152587890625,1559.7362821801437
1222,1759.3870849609375,1515.2525085736129
1223,1778.935791015625,1461.3457469056125
1224,1739.83837890625,1510.0944385534292
1225,1671.417724609375,1595.3488537878786
1226,1651.868896484375,1337.1786561817294
1227,1632.320068359375,1498.7450361515826
1228,1466.15576171875,1483.7267496673262
1229,1358.6376953125,1493.069229151024
1230,1417.2840576171875,1556.5658034729718
1231,1475.93017578125,1571.7588540319803
1232,1417.2840576171875,1538.6444985962362
1233,1417.2840576171875,1575.6620880831654
1234,1466.15576171875,1622.5929883274525
1235,1524.802001953125,1585.107048940268
1236,1563.899658203125,1629.8734458406648
1237,1573.674072265625,1613.8958662396055
1238,1563.899658203125,1604.965778421376
1239,1612.771484375,1547.4462181920421
1240,1563.899658203125,1613.3196412094503
1241,1534.576416015625,1577.8875297378988
1242,1485.70458984375,1537.3460511624799
1243,1515.0277099609375,1532.4693315732725
1244,1515.0277099609375,1561.7185115582329
1245,1544.3509521484375,1687.7901074700046
1246,1534.576416015625,1740.738212452647
1247,1515.0277099609375,1723.6226616066474
1248,1534.576416015625,1757.7122845884596
1249,1612.771484375,1766.5155634413054
1250,1593.22265625,1562.4562628890878
1251,1622.5458984375,1652.087321704964
1252,1563.899658203125,1595.0769066314997
1253,1466.15576171875,1525.6008997774477
1254,1348.8634033203125,1573.9155292690994
1255,1368.412109375,1582.9271121338402
1256,1309.765869140625,1377.6696577881796
1257,1319.540283203125,1324.0115976180355
1258,1280.44287109375,1287.603934195114
1259,1182.69921875,1341.049511783158
1260,1202.247802734375,1252.1455122498635
1261,1251.11962890625,1225.040772107495
1262,1280.44287109375,1229.5944390953032
1263,1212.0220947265625,1206.6007636701277
1264,1231.5709228515625,1146.9274040782661
1265,1231.5709228515625,1136.3614806065862
1266,1212.0220947265625,1147.4162470710455
1267,1212.0220947265625,1226.3658144202525
1268,1221.7965087890625,1118.4146707396987
1269,1368.412109375,1121.1397747217738
1270,1348.8634033203125,1175.038215048633
1271,1387.9608154296875,1173.8692495923287
1272,1378.1864013671875,1199.1528650214755
1273,1427.058349609375,1313.262385867939
1274,1436.832763671875,1277.004958054116
1275,1397.7353515625,1219.3604225774989
1276,1622.5458984375,1272.6137640587817
1277,1563.899658203125,1281.6188891332056
1278,1534.576416015625,1322.1277326974423
1279,1466.15576171875,1378.2444508475842
1280,1446.607177734375,1379.0854313587915
1281,1427.058349609375,1319.9583487199093
1282,1427.058349609375,1328.7651359010947
1283,1407.509765625,1368.7184324905884
1284,1436.832763671875,1407.2322723043292
1285,1475.93017578125,1430.4077324386328
1286,1456.381591796875,1436.8334943430011
1287,1436.832763671875,1463.6866054028674
1288,1368.412109375,1485.9366464840198
1289,1397.7353515625,1487.712560698479
1290,1387.9608154296875,1454.885076736495
1291,1417.2840576171875,1464.0327763765004
1292,1456.381591796875,1478.2704319613058
1293,1427.058349609375,1477.7237850825493
1294,1475.93017578125,1489.7436839223176
1295,1515.0277099609375,1502.7313245063187
1296,1563.899658203125,1461.6706133366297
1297,1554.125244140625,1466.4793302259563
1298,1573.674072265625,1480.1810628018507
1299,1583.4483642578125,1549.2720763641348
1300,1583.4483642578125,1553.9438332065326
1301,1593.22265625,1576.4776749797238
1302,1593.22265625,1548.7583807234346
1303,1593.22265625,1527.765419032124
1304,1534.576416015625,1517.2504100760311
1305,1505.2532958984375,1508.8949402985588
1306,1475.93017578125,1516.324736450302
1307,1475.93017578125,1513.3119654551606
1308,1505.2532958984375,1511.5019226044722
1309,1466.15576171875,1513.436228694765
1310,1427.058349609375,1519.1556630708674
1311,1387.9608154296875,1522.9567976075143
1312,1329.314697265625,1403.6882878929687
1313,1417.2840576171875,1554.459820000434
1314,1397.7353515625,1562.1817063637852
1315,1387.9608154296875,1547.5992799545254
1316,1378.1864013671875,1546.4383971775706
1317,1348.8634033203125,1539.0322762755754
1318,1368.412109375,1518.3467587044795
1319,1368.412109375,1525.8367771816904
1320,1348.8634033203125,1535.2083415824172
1321,1329.314697265625,1519.504554788927
1322,1358.6376953125,1505.5936590186868
1323,1329.314697265625,1493.120939205917
1324,1319.540283203125,1485.7705537877034
1325,1446.607177734375,1473.7699388207136
1326,1427.058349609375,1558.9276960294783
1327,1417.2840576171875,1527.5112601346286
1328,1417.2840576171875,1495.7977857736873
1329,1407.509765625,1476.084035375713
1330,1358.6376953125,1461.817915394537
1331,1339.0889892578125,1450.1200349550702
1332,1339.0889892578125,1443.5591109226045
1333,1309.765869140625,1450.533174427486
1334,1299.991455078125,1316.2215295584597
1335,1260.89404296875,1414.3348313179233
1336,1309.765869140625,1397.332756198538
1337,1290.21728515625,1413.503222259741
1338,1270.66845703125,1412.3517427573836
1339,1241.3453369140625,1408.0103733887868
1340,1221.7965087890625,1403.398218351198
1341,1202.247802734375,1394.0920472814282
1342,1212.0220947265625,1393.4752179250922
1343,1260.89404296875,1391.6675139599636
1344,1290.21728515625,1376.7053925507141
1345,1260.89404296875,1373.868968753544
1346,1221.7965087890625,1367.9926222047172
1347,1182.69921875,1370.1720419105961
1348,1236.4581298828125,1367.5074068711735
1349,1241.3453369140625,1298.000879151645
1350,1339.0889892578125,1330.2699382754463
1351,1490.5919189453125,1294.462487381606
1352,1456.381591796875,1345.582462927437
1353,1402.62255859375,1207.8893464164892
1354,1422.1712646484375,1145.5397210005506
1355,1422.1712646484375,1232.3969609849462
1356,1480.8173828125,1289.1877316337077
1357,1471.0430908203125,1241.912657219446
1358,1441.719970703125,1222.1017794275963
1359,1407.509765625,1244.657401078139
1360,1309.765869140625,1259.9251592417422
1361,1348.8634033203125,1222.4396608816603
1362,1427.058349609375,1108.3389267668322
1363,1407.509765625,1151.1083370350127
1364,1407.509765625,1204.8127095258583
1365,1387.9608154296875,1237.9210347736628
1366,1402.62255859375,1251.837431698204
1367,1466.15576171875,1276.810900162344
1368,1505.2532958984375,1311.8733543510996
1369,1500.3660888671875,1313.9686855523294
1370,1529.6893310546875,1339.6667610491402
1371,1510.1405029296875,1346.3330701734776
1372,1519.914794921875,1357.8301883136708
1373,1519.914794921875,1387.3422940392795
1374,1539.463623046875,1414.1881656914607
1375,1515.0277099609375,1375.4112569399965
1376,1510.1405029296875,1420.7929239396894
1377,1519.914794921875,1467.5373656814254
1378,1544.3509521484375,1489.8502861893278
1379,1524.802001953125,1477.2779330338687
1380,1495.47900390625,1472.6810841725282
1381,1427.058349609375,1489.3097172308694
1382,1480.8173828125,1488.3482125147957
1383,1500.3660888671875,1494.853560171341
1384,1475.93017578125,1501.2409134380136
1385,1495.47900390625,1502.609256955199
1386,1505.2532958984375,1507.317608605675
1387,1539.463623046875,1500.2915804733225
1388,1583.4483642578125,1600.4619440156985
1389,1602.9970703125,1700.4946792581286
1390,1637.2073974609375,1735.671677185017
1391,1637.2073974609375,1714.3356630341532
1392,1632.320068359375,1653.1939168796744
1393,1651.868896484375,1698.3278529394645
1394,1671.417724609375,1631.9924443362493
1395,1646.981689453125,1622.6462576393853
1396,1666.5303955078125,1547.3295603082036
1397,1583.4483642578125,1555.8472087286063
1398,1637.2073974609375,1573.6803042070876
1399,1642.094482421875,1574.4250562838358
1400,1646.981689453125,1581.0785333591668
1401,1646.981689453125,1630.299823087133
1402,1637.2073974609375,1654.0633458764662
1403,1598.1099853515625,1655.417003738062
1404,1646.981689453125,1646.3929786385747
1405,1632.320068359375,1653.6564434322097
1406,1627.4329833984375,1661.723657497529
1407,1602.9970703125,1660.0217443493184
1408,1607.8841552734375,1622.00161622891
1409,1612.771484375,1554.5242905057962
1410,1612.771484375,1559.302108648476
1411,1471.0430908203125,1585.8118967654248
1412,1456.381591796875,1606.7216291345367
1413,1505.2532958984375,1563.2072519939954
1414,1549.238037109375,1496.5845582365807
1415,1583.4483642578125,1346.4645171330158
1416,1578.5611572265625,1303.7693306820893
1417,1568.786865234375,1398.246035321879
1418,1593.22265625,1454.256155182707
1419,1583.4483642578125,1387.172899854843
1420,1578.5611572265625,1470.0110474212177
1421,1583.4483642578125,1528.0811526719078
1422,1515.0277099609375,1556.9186092444172
1423,1529.6893310546875,1557.6047459850959
1424,1524.802001953125,1568.4048921392618
1425,1505.2532958984375,1592.6335826716263
1426,1505.2532958984375,1581.7361261495446
1427,1490.5919189453125,1573.540352932368
1428,1529.6893310546875,1570.1779583230054
1429,1539.463623046875,1575.6616744027262
1430,1539.463623046875,1589.2824847204097
1431,1539.463623046875,1574.1835305505201
1432,1544.3509521484375,1578.850832372804
1433,1563.899658203125,1584.6561690831732
1434,1563.899658203125,1581.393535102789
1435,1495.47900390625,1577.6574597705903
1436,1490.5919189453125,1694.9133664163421
1437,1524.802001953125,1687.2061497977945
1438,1554.125244140625,1651.0943295431573
1439,1544.3509521484375,1652.9367985759602
1440,1524.802001953125,1636.5978213789506
1441,1568.786865234375,1624.0041159485172
1442,1573.674072265625,1531.2010191684292
1443,1519.914794921875,1582.3059232221071
1444,1510.1405029296875,1583.8186889449123
1445,1539.463623046875,1692.6727140500768
1446,1549.238037109375,1691.5677099539787
1447,1563.899658203125,1652.4546381133518
1448,1534.576416015625,1630.1737141963388
1449,1544.3509521484375,1615.9026618714654
1450,1559.0123291015625,1603.163945536326
1451,1544.3509521484375,1594.2663793649276
1452,1554.2188720703125,1590.9471348075251
1453,1554.2188720703125,1586.3115590927664
1454,1559.1529541015625,1590.8339136534887
1455,1549.2847900390625,1587.3940335157172
1456,1504.878662109375,1598.726872789212
1457,1544.350830078125,1599.0709276282907
1458,1495.010498046875,1597.4083141217986
1459,1480.2083740234375,1595.0767793452108
1460,1450.604248046875,1590.7564599466518
1461,1450.604248046875,1588.9023123968364
1462,1416.066162109375,1594.235353331992
1463,1465.4063720703125,1593.6414673292422
1464,1450.604248046875,1590.277004317684
1465,1480.2083740234375,1597.213120597667
1466,1485.1424560546875,1596.6426870936598
1467,1534.482666015625,1593.6898042974776
1468,1569.02099609375,1591.3407676561567
1469,1569.02099609375,1712.5780303129472
1470,1569.02099609375,1713.098281197529
1471,1598.6251220703125,1668.0724430186447
1472,1534.482666015625,1725.4246535995587
1473,1578.8890380859375,1724.0783783427228
1474,1608.4931640625,1651.2723712398506
1475,1638.097412109375,1621.5051997019373
1476,1598.6251220703125,1683.2887869685342
1477,1613.42724609375,1682.5998499294983
1478,1643.0313720703125,1640.4855265028814
1479,1628.2293701171875,1623.3106284246505
1480,1628.2293701171875,1445.1245890798282
1481,1588.7572021484375,1540.2468420449022
1482,1564.0869140625,1551.4497538389332
1483,1554.2188720703125,1546.1470706836965
1484,1578.8890380859375,1535.8827043413664
1485,1549.2847900390625,1526.0107138955643
1486,1578.8890380859375,1513.4329669836102
1487,1578.8890380859375,1495.777213127233
1488,1593.691162109375,1500.0253611999472
1489,1598.6251220703125,1540.5756861724494
1490,1608.4931640625,1539.5137048420222
1491,1618.3612060546875,1536.2654542122914
1492,1608.4931640625,1588.4507324651522
1493,1603.5592041015625,1592.3263772132034
1494,1593.691162109375,1592.7852761065033
1495,1608.4931640625,1587.2042178372947
1496,1608.4931640625,1632.1089431122266
1497,1618.3612060546875,1627.0971409488525
1498,1608.4931640625,1626.750381276133
1499,1608.4931640625,1658.9108532623557
1500,1608.4931640625,1584.5063212994864
1501,1603.5592041015625,1648.0585197297128
1502,1583.8231201171875,1653.2623969031388
1503,1598.6251220703125,1655.641727681234
1504,1608.4931640625,1654.2019606451515
1505,1618.3612060546875,1654.3571862745473
1506,1608.4931640625,1652.9343164933255
1507,1623.295166015625,1651.2191337494899
1508,1588.7572021484375,1653.6714313927355
1509,1569.02099609375,1653.7342153547688
1510,1509.8126220703125,1650.957051280506
1511,1519.6806640625,1643.6052816238998
1512,1529.5487060546875,1642.7753750198326
1513,1499.944580078125,1642.2827770815288
1514,1499.944580078125,1640.799669064053
1515,1583.8231201171875,1637.3059468260483
1516,1573.9549560546875,1604.1030319547551
1517,1569.02099609375,1626.4355068188
1518,1578.8890380859375,1628.5618879191447
1519,1534.482666015625,1629.9237239248068
1520,1549.2847900390625,1633.7644285865365
1521,1613.42724609375,1630.4490662609473
1522,1578.8890380859375,1727.8251775447668
1523,1549.2847900390625,1748.4014834799286
1524,1524.6146240234375,1778.5496547022935
1525,1544.350830078125,1723.3100783025156
1526,1480.2083740234375,1680.504717613095
1527,1430.8681640625,1644.5290300445085
1528,1455.538330078125,1696.2129276051269
1529,1460.472412109375,1678.9829145637732
1530,1425.9342041015625,1622.3363791688944
1531,1480.2083740234375,1592.9103348854137
1532,1440.7362060546875,1563.8921158717844
1533,1416.066162109375,1538.9059764553476
1534,1435.80224609375,1520.6440216477629
1535,1455.538330078125,1504.9365594626788
1536,1475.2744140625,1496.1248638039751
1537,1519.6806640625,1476.97390973267
1538,1559.1529541015625,1532.6097283500035
1539,1549.2847900390625,1508.700765064739
1540,1578.8890380859375,1486.4907077891087
1541,1578.8890380859375,1461.9183283657462
1542,1564.0869140625,1503.0717039538038
1543,1504.878662109375,1544.0644442451844
1544,1499.944580078125,1534.586229845089
1545,1544.350830078125,1528.8091984232292
1546,1549.2847900390625,1524.2129859933334
1547,1583.8231201171875,1526.6058727612035
1548,1573.9549560546875,1553.6055380720295
1549,1569.02099609375,1559.4799275941634
1550,1554.2188720703125,1564.9161658880994
1551,1544.350830078125,1571.2450947481357
1552,1519.6806640625,1573.4557075502046
1553,1504.878662109375,1578.4912804280434
1554,1514.74658203125,1582.0509369637332
1555,1524.6146240234375,1587.1988399915858
1556,1529.5487060546875,1590.8416462955433
1557,1499.944580078125,1593.3909360909822
1558,1529.5487060546875,1609.6121098275526
1559,1559.1529541015625,1604.5643811091174
1560,1618.3612060546875,1603.9357141279074
1561,1613.42724609375,1722.1214789361381
1562,1647.96533203125,1739.3290577690614
1563,1662.7674560546875,1696.475296468261
1564,1682.5035400390625,1674.2064011055552
1565,1692.37158203125,1662.2941228231089
1566,1712.1077880859375,1653.4759196528817
1567,1746.64599609375,1654.2694860214488
1568,1795.9862060546875,1656.4019450420917
1569,1810.788330078125,1663.4197472980195
1570,1795.9862060546875,1656.5270356425744
1571,1805.8543701171875,1684.5620635386472
1572,1820.6563720703125,1720.9253060355672
1573,1815.7222900390625,1753.3474786319066
1574,1815.7222900390625,1786.335279674845
1575,1800.9202880859375,1806.2472784678862
1576,1786.1181640625,1822.1780485361774
1577,1761.4481201171875,1842.8053008084985
1578,1672.6356201171875,1857.161284909685
1579,1638.097412109375,1831.3151038602678
1580,1741.7119140625,1800.5717737722637
1581,1815.7222900390625,1873.1419512032517
1582,1805.8543701171875,1904.6381160473534
1583,1771.316162109375,1915.435811940457
1584,1771.316162109375,1938.1580055997479
1585,1766.382080078125,1955.4228632627064
1586,1766.382080078125,1957.36754318555
1587,1781.1842041015625,1956.3785287202734
1588,1840.3924560546875,1946.1699137725109
1589,1899.600830078125,1935.1438662770001
1590,1874.9306640625,1875.8845252284875
1591,1904.534912109375,1974.8946106037813
1592,1948.941162109375,1942.5139969807897
1593,1934.1390380859373,1862.635677268739
1594,1909.4688720703125,1945.9398438052024
1595,1944.007080078125,1907.292353388046
1596,1934.1390380859373,1885.8864272429669
1597,1944.007080078125,1875.1561294398716
1598,1953.8751220703125,1867.160068410085
1599,1978.5452880859373,1904.3242917019043
1600,1993.3472900390625,1939.6780584625963
1601,2032.8197021484373,1959.9263794526614
1602,2116.697998046875,1966.7361959124166
1603,2032.8197021484373,1902.28662914497
1604,2037.7535400390625,1867.0231720063005
1605,2072.291748046875,1809.0921906694516
1606,1963.7431640625,1758.9997217582202
1607,1968.6771240234373,1728.4884982181482
1608,1993.3472900390625,1823.6734715021107
1609,1978.5452880859373,1812.1738553684966
1610,2062.423828125,1853.231957169262
1611,2018.017578125,1823.469686153474
1612,2003.2154541015625,1812.113903526393
1613,2042.687744140625,1849.7180918760282
1614,2067.35791015625,1932.0548826163395
1615,2072.291748046875,1887.8449177281636
1616,2057.48974609375,1868.9912089631698
1617,2067.35791015625,1861.0021486792762
1618,2082.159912109375,1858.0032837112044
1619,2027.8856201171875,1850.298835569442
1620,1993.3472900390625,1839.1127255655545
1621,2096.9619140625,1832.1373096438526
1622,2092.02783203125,1824.3771101075224
1623,2067.35791015625,1898.1617260215485
1624,2052.555908203125,1920.1044184472028
1625,2092.02783203125,1962.5195193746495
1626,2170.972412109375,2026.5135921570263
1627,2190.708251953125,1889.7337189701507
1628,2170.972412109375,2073.306132205206
1629,2161.104248046875,2071.52934289751
1630,2121.6318359375,2070.935743288911
1631,2111.763916015625,2061.447632379848
1632,2062.423828125,2058.7277153140485
1633,2022.95166015625,1862.362520892615
1634,2032.8197021484373,2085.773696923273
1635,1973.611328125,2071.6609569203024
1636,2003.2154541015625,1872.8220171159323
1637,1998.2813720703125,2049.926059361387
1638,1988.413330078125,2032.991764190877
1639,2042.687744140625,2014.2135361952407
1640,2022.95166015625,1880.958347636161
1641,2008.1495361328125,1815.886096343086
1642,1993.3472900390625,1994.8614379657952
1643,1993.3472900390625,1981.0718778505131
1644,2027.8856201171875,1960.9194670791849
1645,2013.08349609375,1948.48003263098
1646,1978.5452880859373,1938.0385474175519
1647,1978.5452880859373,2016.4229715991366
1648,2072.291748046875,2003.5767938145366
1649,2106.829833984375,1986.1351354962023
1650,2121.6318359375,1993.9847536505322
1651,2141.3681640625,1990.6592084218257
1652,2141.3681640625,1983.6167762689824
1653,2166.038330078125,2062.516009846296
1654,2126.566162109375,2058.5344310842515
1655,2126.566162109375,2061.0895124058384
1656,2121.6318359375,2101.0394597748536
1657,2042.687744140625,2100.014486932944
1658,2032.8197021484373,2100.4204665516054
1659,2121.6318359375,2103.6079697999267
1660,2111.763916015625,2062.7325238238295
1661,2106.829833984375,2018.9113549053045
1662,2072.291748046875,2010.9378235486652
1663,2087.093994140625,2012.9698218657404
1664,2111.763916015625,2016.6637336147185
1665,2096.9619140625,2054.581873596092
1666,2082.159912109375,2054.4215565151376
1667,2008.1495361328125,2048.0738529274786
1668,1934.1390380859373,2046.6576020332827
1669,1835.4583740234373,1878.7332560187222
1670,1840.3924560546875,1730.4915707260557
1671,1865.062744140625,1665.7949412717232
1672,1909.4688720703125,2045.4942689952652
1673,1879.86474609375,2039.9619613747313
1674,1830.5244140625,2019.3699674044542
1675,1781.1842041015625,1862.8441085669233
1676,1810.788330078125,1788.4889955057456
1677,1815.7222900390625,2000.8612044825618
1678,1919.3369140625,1964.9925010398524
1679,1909.3922119140625,1907.44286942475
1680,1939.2264404296875,1890.3849156245078
1681,1964.0882568359373,1860.1584951560003
1682,1969.0606689453125,1842.3605625148464
1683,1969.0606689453125,1826.307152107135
1684,1939.2264404296875,1811.9717247416165
1685,1919.3369140625,1796.6923740786879
1686,1964.0882568359373,1779.1663885939129
1687,1939.2264404296875,1765.1003308374216
1688,1889.502685546875,1753.2171374720042
1689,1894.4749755859373,1803.822156447335
1690,1874.58544921875,1872.184758310217
1691,1874.58544921875,1967.305165624101
1692,1869.6131591796875,1960.1376110492029
1693,1909.3922119140625,1941.8053942101083
1694,1799.9998779296875,1936.1146788029541
1695,1730.38671875,1952.978775585099
1696,1760.220947265625,1883.1003213069043
1697,1750.276123046875,1983.1998500294699
1698,1705.5247802734375,1989.2405390881397
1699,1606.0772705078125,1974.6016612097228
1700,1655.801025390625,1859.1753995031606
1701,1755.24853515625,1914.9002548796266
1702,1790.05517578125,1900.6693295573505
1703,1809.944580078125,1891.0219835007897
1704,1770.1656494140625,1880.8096136075028
1705,1750.276123046875,1868.2901797266818
1706,1795.027587890625,1860.838331225375
1707,1790.05517578125,1846.3653073814828
1708,1745.3037109375,1836.9282382742963
1709,1665.745849609375,1826.09019262759
1710,1660.7733154296875,1814.8619508620543
1711,1650.82861328125,1801.1003300872007
1712,1705.5247802734375,1783.68412902666
1713,1765.1932373046875,1775.607495775957
1714,1700.552490234375,1773.2597638190978
1715,1690.6075439453125,1768.3238561055205
1716,1710.4971923828125,1790.0635269002719
1717,1710.4971923828125,1792.386247101349
1718,1775.1380615234375,1798.1304863930136
1719,1854.696044921875,1790.4017902132027
1720,1790.05517578125,1826.067153809287
1721,1859.66845703125,1842.6963437451423
1722,1854.696044921875,1845.838914933458
1723,1859.66845703125,1840.8643758311791
1724,1814.9171142578125,1843.9472497499692
1725,1750.276123046875,1842.1778430470335
1726,1665.745849609375,1840.537377354822
1727,1705.5247802734375,1832.2673325880328
1728,1725.414306640625,1831.6202727380671
1729,1780.1103515625,1830.7021567357453
1730,1834.8065185546875,1826.5239206572464
1731,1809.944580078125,1824.3660998435266
1732,1829.8341064453125,1827.9853581840255
1733,1790.05517578125,1822.7326985403529
1734,1780.1103515625,1822.0027753162694
1735,1735.3590087890625,1826.92780005214
1736,1670.7181396484375,1822.8069700899653
1737,1581.2154541015625,1815.2763313757878
1738,1660.7733154296875,1810.0561933789463
1739,1680.662841796875,1800.024060870837
1740,1640.8839111328125,1786.6118091376266
1741,1670.7181396484375,1775.9876044563857
1742,1620.994384765625,1770.3613277330214
1743,1531.4915771484375,1759.17757252548
1744,1387.2928466796875,1751.6898292906844
1745,1432.044189453125,1819.5716708401367
1746,1402.2098388671875,1896.3483419057743
1747,1566.2982177734375,1844.5890272189429
1748,1576.2430419921875,1793.331125045926
1749,1596.1324462890625,1773.8908492397982
1750,1566.2982177734375,1775.6225792011996
1751,1566.2982177734375,1792.0821283354335
1752,1576.2430419921875,1752.4992746238004
1753,1526.519287109375,1718.5337557737312
1754,1432.044189453125,1689.7802285980097
1755,1486.740234375,1660.6048110175059
1756,1456.906005859375,1636.307481353816
1757,1471.8231201171875,1616.6393949120086
1758,1491.712646484375,1609.9348760348016
1759,1491.712646484375,1601.2012864251656
1760,1432.044189453125,1592.6117848946406
1761,1412.154541015625,1580.960634434011
1762,1441.9888916015625,1568.0494451773206
1763,1521.546875,1554.4258982044244
1764,1501.6573486328125,1649.3742144556243
1765,1471.8231201171875,1653.231657264353
1766,1412.154541015625,1627.9205559521824
1767,1362.430908203125,1611.4946422198082
1768,1307.7347412109375,1583.8828094129794
1769,1407.1822509765625,1566.409520451837
1770,1397.237548828125,1672.6182818996813
1771,1397.237548828125,1649.113659422108
1772,1422.099365234375,1603.425264287576
1773,1471.8231201171875,1566.4086930909586
1774,1521.546875,1533.7698474092244
1775,1566.2982177734375,1515.724342936029
1776,1620.994384765625,1531.5682401121
1777,1725.414306640625,1488.1685956502768
1778,1750.276123046875,1537.3946108817208
1779,1616.02197265625,1476.8666869450012
1780,1640.8839111328125,1464.9137725148018
1781,1611.0496826171875,1480.455046538853
1782,1675.6905517578125,1496.1527076796867
1783,1650.82861328125,1511.9346323438167
1784,1655.801025390625,1543.5575902425162
1785,1690.6075439453125,1550.0054681395927
1786,1735.3590087890625,1554.6506221475963
1787,1755.24853515625,1575.4108249487438
1788,1695.580078125,1631.7839493949207
1789,1665.745849609375,1636.6561184992975
1790,1606.0772705078125,1637.118008620388
1791,1611.0496826171875,1644.6683767093555
1792,1616.02197265625,1650.966502287462
1793,1690.6075439453125,1656.6654276602542
1794,1720.44189453125,1662.1073301940492
1795,1700.552490234375,1678.30225113352
1796,1695.580078125,1685.6359143155205
1797,1635.91162109375,1687.531334444534
1798,1630.9390869140625,1721.148566186416
1799,1630.9390869140625,1709.506325766014
1800,1660.7733154296875,1700.6895863881098
1801,1640.8839111328125,1698.6624249500153
1802,1630.9390869140625,1698.4150758689793
1803,1635.91162109375,1693.9757756118083
1804,1625.9666748046875,1688.9804252012832
1805,1640.8839111328125,1685.5933688734333
1806,1665.745849609375,1681.109709344557
1807,1660.7733154296875,1698.9382225166353
1808,1645.8563232421875,1693.769285429531
1809,1700.552490234375,1688.5564027511605
1810,1725.414306640625,1689.0182292291065
1811,1705.5247802734375,1691.7639854115664
1812,1675.6905517578125,1699.5355134276147
1813,1730.38671875,1709.7447966283944
1814,1755.24853515625,1706.6415887249416
1815,1760.220947265625,1704.6748882741065
1816,1725.414306640625,1705.537443811294
1817,1735.3590087890625,1713.0176771550405
1818,1645.8563232421875,1720.9425533277222
1819,1645.8563232421875,1723.5195597125837
1820,1640.8839111328125,1724.489449412943
1821,1640.8839111328125,1724.4846761771068
1822,1596.1324462890625,1725.2176860936977
1823,1606.0772705078125,1726.3695951872803
1824,1670.7181396484375,1725.4366185107215
1825,1720.44189453125,1727.9635377408745
1826,1640.8839111328125,1727.2559214389325
1827,1685.63525390625,1733.1297381727659
1828,1730.38671875,1733.0623719043301
1829,1730.38671875,1735.0978705943521
1830,1790.05517578125,1733.770529173
1831,1790.05517578125,1732.961465698751
1832,1790.05517578125,1739.539271075291
1833,1780.1103515625,1637.743811660096
1834,1809.944580078125,1732.7484202725918
1835,1829.8341064453125,1737.390869446955
1836,1804.9722900390625,1740.7344256855504
1837,1824.86181640625,1746.3709489551763
1838,1755.24853515625,1755.431314290164
1839,1780.1103515625,1762.9685400697956
1840,1809.944580078125,1778.0144795003303
1841,1799.9998779296875,1826.6050020233188
1842,1799.9998779296875,1900.9111098632438
1843,1765.1932373046875,1888.709700775408
1844,1770.1656494140625,1882.0537734390145
1845,1700.552490234375,1873.5529586303273
1846,1640.8839111328125,1849.7250289787771
1847,1645.8563232421875,1849.9624179077011
1848,1640.8839111328125,1856.059813008106
1849,1675.6905517578125,1852.134112926918
1850,1690.6075439453125,1851.472669726299
1851,1715.469482421875,1836.2527299387461
1852,1720.44189453125,1829.4326669327293
1853,1650.82861328125,1849.449772378885
1854,1645.8563232421875,1840.338428885166
1855,1665.745849609375,1836.6238967573752
1856,1685.63525390625,1809.7746361077502
1857,1760.220947265625,1794.4914668561528
1858,1725.414306640625,1837.9492015981036
1859,1725.414306640625,1896.6003051147854
1860,1755.24853515625,1857.9960920358778
1861,1745.3037109375,1849.8050284113929
1862,1750.276123046875,1877.1509601605685
1863,1770.1656494140625,1855.141951578362
1864,1790.05517578125,1844.109857984125
1865,1760.220947265625,1828.8509049490037
1866,1720.44189453125,1782.6695618388733
1867,1720.44189453125,1837.703857276119
1868,1650.82861328125,1814.316656400118
1869,1685.63525390625,1788.0735648801283
1870,1670.7181396484375,1768.6678154798826
1871,1675.6905517578125,1749.3127896657907
1872,1675.6905517578125,1733.0677815716112
1873,1715.469482421875,1717.7112635959961
1874,1720.44189453125,1707.150033806222
1875,1730.38671875,1701.8129197098192
1876,1735.3590087890625,1701.771169807038
1877,1715.469482421875,1696.872429689839
1878,1705.5247802734375,1747.9165545405351
1879,1695.580078125,1742.7841804399368
1880,1695.580078125,1738.1483501526
1881,1695.580078125,1759.1335314694973
1882,1765.1932373046875,1740.7358576563013
1883,1804.9722900390625,1730.9107562971976
1884,1864.6407470703125,1805.9730401583058
1885,1889.502685546875,1802.3750386280647
1886,1899.4473876953125,1767.6636539462188
1887,1854.696044921875,1763.0709737108423
1888,1854.696044921875,1845.2103115953928
1889,1834.8065185546875,1754.5971754169884
1890,1814.9171142578125,1802.3407986163324
1891,1814.9171142578125,1770.5988439482346
1892,1829.8341064453125,1749.9572083252604
1893,1824.86181640625,1736.022064516972
1894,1804.9722900390625,1724.8778317021547
1895,1804.9722900390625,1714.6834409971843
1896,1814.9171142578125,1707.9728760212515
1897,1824.86181640625,1700.9087097345673
1898,1824.86181640625,1695.8801057810492
1899,1839.7789306640625,1643.6428310791453
1900,1839.7789306640625,1744.259205778063
1901,1834.8065185546875,1748.2718423946153
1902,1834.8065185546875,1723.3416771237519
1903,1834.8065185546875,1724.0598900092502
1904,1834.8065185546875,1745.3987044584712
1905,1834.8065185546875,1777.6254926012457
1906,1834.8065185546875,1835.974163895341
1907,1959.1158447265625,1884.744987446652
1908,1899.4473876953125,1854.4325214468022
1909,1924.309326171875,1974.257606370644
1910,1929.2816162109373,1931.8558705035389
1911,1929.2816162109373,1905.83422530478
1912,1929.2816162109373,1885.217219578721
1913,1899.4473876953125,1866.273010262271
1914,1839.7789306640625,1853.8691523318325
1915,1750.276123046875,1845.2994119976697
1916,1755.24853515625,1836.4603338760521
1917,1785.0828857421875,1826.750044749597
1918,1720.44189453125,1819.0520245654272
1919,1710.4971923828125,1815.289378220407
1920,1750.276123046875,1850.0747480577147
1921,1705.5247802734375,1849.2266395143251
1922,1710.4971923828125,1859.685053804186
1923,1705.5247802734375,1855.5502859933695
1924,1710.4971923828125,1850.1582478632774
1925,1765.1932373046875,1848.1634171425806
1926,1785.0828857421875,1850.0127596349878
1927,1790.05517578125,1863.1072729693633
1928,1795.027587890625,1914.4375692192302
1929,1760.220947265625,1897.786040539661
1930,1804.9722900390625,1894.0879919862916
1931,1804.9722900390625,1834.8616180866215
1932,1809.9583740234373,1970.1628700977076
1933,1814.9444580078125,1949.8861006220584
1934,1824.916748046875,1931.635347007903
1935,1844.8612060546875,1911.1550467561947
1936,1834.888916015625,1924.5891599095353
1937,1849.8472900390625,1925.7690401651184
1938,1864.8055419921875,1914.8728883274987
1939,1869.791748046875,1933.658498927895
1940,1874.77783203125,1940.6753465366558
1941,1844.8612060546875,1947.1012675488855
1942,1849.8472900390625,1952.8545441670667
1943,1824.916748046875,1961.4079918562418
1944,1829.90283203125,1963.448136495811
1945,1859.8194580078125,1968.3660331994995
1946,1849.8472900390625,1969.263847038731
1947,1959.541748046875,1966.6871270480196
1948,1964.52783203125,1860.6505839491483
1949,2084.194580078125,2009.8168132017292
1950,2074.22216796875,1852.7079831607277
1951,2014.388916015625,1857.831510864243
1952,2034.3333740234373,1932.1495836153313
1953,2094.166748046875,1937.1462705318904
1954,2074.22216796875,1879.404945765603
1955,2094.166748046875,1789.7011746571543
1956,2104.138916015625,1899.5902600426293
1957,2084.194580078125,1771.0547516137435
1958,2134.0556640625,1823.7254679511539
1959,2104.138916015625,1823.3450092334303
1960,2094.166748046875,1822.0489802391644
1961,2044.3055419921875,1825.7827962397337
1962,1994.4444580078125,1830.3594384027006
1963,2044.3055419921875,1840.303679728278
1964,1994.4444580078125,1848.9930691740701
1965,2054.27783203125,1864.1011243136206
1966,2034.3333740234373,1868.4569247652291
1967,2024.3612060546875,1868.6268519610005
1968,2074.22216796875,1999.9878296108122
1969,2084.194580078125,1980.010564773103
1970,2074.22216796875,2039.818255154487
1971,2054.27783203125,2062.320370820153
1972,2084.194580078125,2065.2457915994905
1973,2074.22216796875,2064.681722409932
1974,2054.27783203125,2063.3997585505967
1975,2014.388916015625,2050.574837576254
1976,2054.27783203125,2070.2382144253697
1977,2094.166748046875,2078.2111729937087
1978,2213.83349609375,2073.384413272921
1979,2303.58349609375,1831.7637243857334
1980,2263.694580078125,1750.8635503458527
1981,2323.52783203125,2047.3475573626304
1982,2303.58349609375,1835.3978115788968
1983,2203.861083984375,2012.802122180026
1984,2243.75,1996.2216192497006
1985,2223.8056640625,1982.3281935226214
1986,2213.83349609375,1971.3200933938547
1987,2203.861083984375,2021.4094119694341
1988,2183.916748046875,2021.1230178192575
1989,2233.77783203125,2024.4261606611058
1990,2213.83349609375,2030.3745671602742
1991,2223.8056640625,2029.0924123715056
1992,2124.08349609375,2032.5708920764064
1993,2094.166748046875,2037.3546926746676
1994,2144.02783203125,2040.4376302366022
1995,2054.27783203125,2052.9592279843355
1996,2114.111083984375,1945.195219014743
1997,2144.02783203125,2058.3063976975664
1998,2173.944580078125,2043.530305199643
1999,2183.916748046875,2119.672135899056
2000,2124.08349609375,2113.411050631039
2001,2074.22216796875,2107.639126571524
2002,2064.25,2107.0334347654725
2003,1989.4583740234373,2099.7049903213197
2004,2124.08349609375,1814.4402513867053
2005,2064.25,1741.3731164620165
2006,2114.111083984375,1656.9459666411383
2007,2114.111083984375,2024.1463217548107
2008,2144.02783203125,2062.027739641817
2009,2173.944580078125,2066.9064321685037
2010,2203.861083984375,1879.3283194196447
2011,2154.0,2023.9515737326908
2012,2203.861083984375,2009.5811426377063
2013,2213.83349609375,1986.8404288233705
2014,2203.861083984375,1970.612381627196
2015,2193.888916015625,1961.9668423079531
2016,2243.75,2025.2744601339289
2017,2203.861083984375,2022.5130477379257
2018,2173.944580078125,2005.9807226679745
2019,2193.888916015625,2008.7742112087974
2020,2163.97216796875,2009.9458814987422
2021,2134.0556640625,2001.8888503365401
2022,2173.944580078125,2003.9251763874404
2023,2173.944580078125,1992.5532284016604
2024,2134.0556640625,2054.3159088952943
2025,2173.944580078125,2094.6710721652375
2026,2163.97216796875,2118.989881390191
2027,2223.8056640625,2119.559296603886
2028,2213.83349609375,2115.2147609888516
2029,2213.83349609375,2122.3319101933184
2030,2183.916748046875,2061.6181960070644
2031,2193.888916015625,2060.9580256693353
2032,2193.888916015625,2063.1062363682377
2033,2173.944580078125,2060.269152273444
2034,2163.97216796875,2055.977885970342
2035,2163.97216796875,2051.93374599727
2036,2163.97216796875,2046.7827880984821
2037,2124.08349609375,2040.5927922228534
2038,2094.166748046875,2037.8290250305047
2039,2054.27783203125,2032.5745833787864
2040,2054.27783203125,2034.451101493888
2041,2064.25,2038.145649674311
2042,2114.111083984375,2040.6945576108828
2043,2064.25,2035.7042986519166
2044,2094.166748046875,2037.7186041748255
2045,1904.6944580078125,2040.6408427969386
2046,1775.0555419921875,1821.9635711392673
2047,1760.0972900390625,1714.3903961384092
2048,1829.90283203125,1932.640590475023
2049,1814.9444580078125,1974.0488568567375
2050,1819.9305419921875,2025.5634000098848
2051,1785.02783203125,2017.1721150528542
2052,1819.9305419921875,1996.7558398044966
2053,1809.9583740234373,1984.2194768472432
2054,1755.1112060546875,1967.0795506769061
2055,1720.2083740234375,1948.421608224344
2056,1675.3333740234375,1939.3034549141653
2057,1720.2083740234375,1920.7375404485265
2058,1695.27783203125,1899.6374832558363
2059,1770.0694580078125,1862.0183387672473
2060,1804.9722900390625,1851.8715213127784
2061,1844.8612060546875,1826.8147061843924
2062,1859.8194580078125,1810.7579226900234
2063,1829.90283203125,1795.1713029255275
2064,1829.90283203125,1761.5077389744615
2065,1809.9583740234373,1733.1548135716926
2066,1775.0555419921875,1807.9811086530553
2067,1765.0833740234375,1874.764596815008
2068,1745.138916015625,1887.8268430751302
2069,1755.1112060546875,1887.5045541914649
2070,1720.2083740234375,1881.2969928079588
2071,1740.15283203125,1880.6729081331519
2072,1705.25,1873.205403418302
2073,1655.388916015625,1875.8659414302983
2074,1595.5555419921875,1872.7592649754713
2075,1620.4862060546875,1835.255187292109
2076,1700.263916015625,1958.5509874572244
2077,1720.2083740234375,1927.4712397074793
2078,1750.125,1908.4362752669958
2079,1750.125,1892.4487991569695
2080,1725.1944580078125,1879.2404282371126
2081,1804.9722900390625,1861.662128087572
2082,1804.9722900390625,1839.9342949176944
2083,1839.875,1833.7337979232261
2084,1790.013916015625,1831.5737495994495
2085,1735.166748046875,1819.203686178732
2086,1715.2222900390625,1817.2350127904178
2087,1730.1805419921875,1812.4386744926933
2088,1725.1944580078125,1813.2829644474139
2089,1725.1944580078125,1813.2489153651152
2090,1760.0972900390625,1812.2917224720804
2091,1795.0,1812.7778924527913
2092,1864.8055419921875,1849.2556607882098
2093,1839.875,1812.5858174427394
2094,1799.9862060546875,1925.435804660602
2095,1839.875,1925.064128696817
2096,1854.8333740234373,1921.9234031596911
2097,1869.791748046875,1915.9617588864703
2098,1854.8333740234373,1926.4711513350626
2099,1834.888916015625,1926.8736305807774
2100,1824.916748046875,1936.7078329095423
2101,1829.90283203125,1937.565933426616
2102,1854.8333740234373,1937.0932557925355
2103,1889.7362060546875,1937.838835230162
2104,1884.75,1935.01257046993
2105,1874.77783203125,1946.4366421910422
2106,1899.7083740234373,1945.709519265316
2107,1894.7222900390625,1948.9054870518535
2108,1899.7083740234373,1954.5356778286036
2109,1899.7083740234373,1967.790190028211
2110,1879.763916015625,1981.3212316906001
2111,1879.763916015625,1991.1447419710917
2112,1894.7222900390625,1987.978750105606
2113,1884.75,1975.6978507303102
2114,1884.75,1967.9184309643456
2115,1894.7222900390625,1963.7659703593627
2116,1899.7083740234373,1961.062091365973
2117,1904.6944580078125,1945.502297186877
2118,1894.7222900390625,1927.4385907743592
2119,1849.8472900390625,1921.9256306697482
2120,1824.916748046875,1920.5367463276807
2121,1785.02783203125,1916.7958659380733
2122,1780.041748046875,1907.9587607539347
2123,1760.0972900390625,1914.4572349508758
2124,1760.0972900390625,1900.9336395363912
2125,1780.041748046875,1899.554556238574
2126,1760.0972900390625,1889.6930510008256
2127,1760.0972900390625,1885.0679764049066
2128,1755.1112060546875,1872.502783103202
2129,1725.1944580078125,1860.1166179669299
2130,1735.166748046875,1855.9638391462245
2131,1735.166748046875,1856.2435507662303
2132,1770.0694580078125,1859.484386969629
2133,1834.888916015625,1859.9386717349535
2134,1829.90283203125,1860.7021348961798
2135,1829.90283203125,1869.4137994425414
2136,1879.763916015625,1867.8996017489853
2137,1839.875,1870.9683468897001
2138,1859.8194580078125,1873.5747882288854
2139,1834.888916015625,1877.2584534316015
2140,1834.888916015625,1881.4633559876393
2141,1854.8333740234373,1884.5935167627808
2142,1879.763916015625,1870.7525966299004
2143,1874.77783203125,1866.9517643981899
2144,1874.77783203125,1864.9939103444378
2145,1874.77783203125,1863.9947766191883
2146,1829.90283203125,1861.5520890907596
2147,1809.9583740234373,1858.9491481245211
2148,1819.9305419921875,1866.9570467791818
2149,1770.0694580078125,1867.504823323753
2150,1775.0555419921875,1864.923266454061
2151,1760.0972900390625,1868.629652259358
2152,1760.0972900390625,1880.1143122540184
2153,1814.9444580078125,1662.2568597620136
2154,1814.9444580078125,1826.169237413039
2155,1799.9862060546875,1848.4617762039202
2156,1814.9444580078125,1852.9382440574695
2157,1804.9722900390625,1853.1802152927967
2158,1819.9305419921875,1853.3202302106608
2159,1795.0,1853.2329754595737
2160,1785.02783203125,1848.1093841129139
2161,1770.0694580078125,1848.7397058158804
2162,1760.0972900390625,1852.0075267125403
2163,1770.0694580078125,1849.9230864444103
2164,1809.9583740234373,1852.6374029134954
2165,1824.916748046875,1856.6442480038995
2166,1819.9305419921875,1866.437209575039
2167,1755.1112060546875,1865.2300264104724
2168,1804.9722900390625,1866.228396417988
2169,1795.0,1872.799487442785
2170,1799.9862060546875,1874.8184389152411
2171,1695.27783203125,1870.241351250263
2172,1700.263916015625,1854.0306149893877
2173,1780.041748046875,1978.0599660378223
2174,1795.0,1864.4577804953074
2175,1795.0,1805.4653587947594
2176,1819.9305419921875,1965.2926421092375
2177,1814.9444580078125,1949.089606668845
2178,1795.0,1928.1431203837938
2179,1785.02783203125,1914.5784114979726
2180,1804.9722900390625,1899.3018293118294
2181,1804.9722900390625,1883.4021807411905
2182,1795.0,1871.872270470802
2183,1804.9722900390625,1861.586074529914
2184,1775.0555419921875,1845.7120741465021
2185,1795.0,1836.6907857022275
2186,1795.0,1827.1690075697331
2187,1795.0,1814.9122289461966
2188,1765.0,1806.5948336799115
2189,1800.0,1798.7813648316483
2190,1840.0,1790.7290750837103
2191,1800.0,1789.1702953674435
2192,1780.0,1822.9316470100089
2193,1815.0,1825.0466996306354
2194,1815.0,1833.4116363258497
2195,1805.0,1844.5046364093575
2196,1830.0,1833.2807223776467
2197,1830.0,1830.667534865146
2198,1830.0,1822.096012522938
2199,1830.0,1817.164623472619
2200,1830.0,1816.266236845087
2201,1830.0,1808.5351858689305
2202,1830.0,1809.549212089989
2203,1870.0,1803.0946516627419
2204,1885.0,1805.329926183298
2205,1845.0,1811.8215269206348
2206,1870.0,1818.518822300943
2207,1795.0,1818.8285098420006
2208,1805.0,1818.0752932270361
2209,1780.0,1821.995519997798
2210,1790.0,1822.6409887691516
2211,1800.0,1820.442754558685
2212,1830.0,1820.6716153062484
2213,1775.0,1818.0847760555641
2214,1755.0,1820.2693269899669
2215,1750.0,1821.2431307437118
2216,1730.0,1825.8126448744965
2217,1740.0,1829.8550664826676
2218,1760.0,1836.9349208044669
2219,1760.0,1843.4146202737852
2220,1760.0,1849.1397029789605
2221,1770.0,1856.7499592668871
2222,1750.0,1865.1500906210008
2223,1790.0,1872.2982340368314
2224,1765.0,1858.1347068045634
2225,1795.0,1844.3097611009484
2226,1805.0,1840.5753086689342
2227,1790.0,1840.014357993455
2228,1765.0,1835.3093476080644
2229,1805.0,1832.266950729166
2230,1820.0,1826.6466882829554
2231,1850.0,1828.115317485061
2232,1770.0,1833.623377067547
2233,1810.0,1840.8288629565573
2234,1820.0,1841.1896559426355
2235,1825.0,1835.3433330472187
2236,1825.0,1830.5437489491255
2237,1815.0,1822.8674947203692
2238,1850.0,1820.6023079219055
2239,1850.0,1827.7010006144724
2240,1850.0,1825.4813186643146
2241,1820.0,1974.2969378339349
2242,1830.0,1943.677966450252
2243,1825.0,1922.7062774799851
2244,1845.0,1905.7304869792715
2245,1825.0,1895.1015727053389
2246,1835.0,1888.684943592204
2247,1835.0,1881.2685443223745
2248,1820.0,1875.7317180385821
2249,1820.0,1870.4991696285665
2250,1825.0,1865.8255353134064
2251,1840.0,1852.6438945142327
2252,1840.0,1836.5368329357216
2253,1845.0,1832.6321350922135
2254,1785.0,1830.806595135843
2255,1780.0,1832.7635581855723
2256,1790.0,1988.3326059889355
2257,1795.0,1940.1409350524261
2258,1800.0,1911.183495241779
2259,1810.0,1884.4957608928537
2260,1800.0,1880.6949923042876
2261,1800.0,1867.0805781226247
2262,1765.0,1857.0129327398936
2263,1780.0,1849.7914087784734
2264,1780.0,1843.157374683782
2265,1770.0,1837.785575073636
2266,1765.0,1833.5606249270859
2267,1770.0,1828.7175725613104
2268,1790.0,1825.7977523786876
2269,1800.0,1822.2938154159933
2270,1800.0,1819.9696950657376
2271,1805.0,1816.949255071686
2272,1805.0,1813.6365657581653
2273,1805.0,1811.4565971301654
2274,1795.0,1808.7712382918203
2275,1770.0,1819.3836053481873
2276,1775.0,1809.8615089999705
2277,1750.0,1808.4597050995726
2278,1765.0,1808.5014550023539
2279,1785.0,1811.5738914454487
2280,1780.0,1805.9481556888127
2281,1790.0,1806.0065800954487
2282,1780.0,1810.3483154121263
2283,1770.0,1808.8441733353986
2284,1770.0,1807.3220202487823
2285,1760.0,1801.9850334386686
2286,1750.0,1801.4422847025116
2287,1725.0,1806.4809760944302
2288,1725.0,1809.8426706292034
2289,1720.0,1810.7209460230783
2290,1725.0,1813.6477669515943
2291,1740.0,1812.7579085054235
2292,1770.0,1815.6786833352135
2293,1765.0,1815.4537684626082
2294,1760.0,1816.6936642034395
2295,1770.0,1815.0870566640933
2296,1730.0,1810.3279496058915
2297,1690.0,1802.5429292432127
2298,1655.0,1796.8415536093576
2299,1670.0,1796.1412880906037
2300,1640.0,1792.7014397744044
2301,1635.0,1788.5822963555586
2302,1670.0,1787.2688927828485
2303,1640.0,1780.4695456203608
2304,1625.0,1775.455134088063
2305,1695.0,1770.6522723680287
2306,1695.0,1763.415696802938
2307,1685.0,1756.6187680799408
2308,1680.0,1749.0384558914936
2309,1670.0,1745.4744398004068
2310,1630.0,1737.010347086087
2311,1650.0,1731.645293649256
2312,1650.0,1728.991756383153
2313,1630.0,1724.8084606746675
2314,1560.0,1721.1923526698208
2315,1590.0,1715.5539201058602
2316,1610.0,1711.8754418194194
2317,1630.0,1705.5328615048911
2318,1585.0,1696.5207376734222
2319,1600.0,1692.32996389546
2320,1610.0,1685.4550086773256
2321,1635.0,1681.5261900820583
2322,1680.0,1677.7423505699248
2323,1670.0,1676.0207716900686
2324,1720.0,1675.776477479968
2325,1660.0,1678.6332591279797
2326,1685.0,1679.4458866183197
2327,1690.0,1680.4438111238242
2328,1690.0,1677.7034646086452
2329,1690.0,1677.6559868228603
2330,1690.0,1677.6669016221394
2331,1690.0,1676.8545923475217
2332,1700.0,1675.4192166884086
2333,1700.0,1678.3512563547724
2334,1700.0,1678.772892186977
2335,1700.0,1680.5951545214064
2336,1710.0,1683.9483845179632
2337,1695.0,1687.3162206161792
2338,1705.0,1691.8041442357357
2339,1700.0,1697.1300889602812
2340,1665.0,1702.5837972973782
2341,1670.0,1709.403828481823
2342,1685.0,1712.7602724571761
2343,1700.0,1712.3932106213665
2344,1710.0,1713.5812053778714
2345,1715.0,1711.6959045088308
2346,1725.0,1712.3679761145786
2347,1690.0,1716.984522529137
2348,1665.0,1720.9184007543906
2349,1690.0,1725.183000579954
2350,1735.0,1728.1584130492834
2351,1725.0,1730.2142775455402
2352,1770.0,1735.0958021921563
2353,1840.0,1739.2797343320865
2354,1780.0,1798.7284773785825
2355,1820.0,1902.066996653357
2356,1875.0,1866.4796595524097
2357,1885.0,1821.0120424860916
2358,1835.0,1839.3193112125487
2359,1760.0,1847.8408100431927
2360,1800.0,1849.2888188664856
2361,1795.0,1852.8080938270004
2362,1760.0,1855.5262288847546
2363,1760.0,1856.479284973398
2364,1785.0,1855.41218036984
2365,1800.0,1856.3186496767212
2366,1795.0,1857.1351912204468
2367,1795.0,1852.590497916011
2368,1820.0,1850.3230836074904
2369,1790.0,1850.5609180384258
2370,1790.0,1855.7540713420062
2371,1760.0,1849.0347554337068
2372,1770.0,1848.0613971819732
2373,1750.0,1834.1949561481551
2374,1790.0,1843.4123291205838
2375,1935.0,1835.5363627044378
2376,1850.0,1800.3087366561126
2377,1845.0,1845.788764135605
2378,1825.0,1977.8794104369222
2379,1785.0,1933.2410635432266
2380,1750.0,1902.2585625182528
2381,1780.0,1878.0711127435138
2382,1800.0,1859.841234080749
2383,1785.0,1846.9450327845848
2384,1745.0,1838.2901379231027
2385,1720.0,1829.6045670659796
2386,1745.0,1820.3183322112195
2387,1755.0,1813.8982663682823
2388,1770.0,1812.9808504405498
2389,1715.0,1811.6327613540961
2390,1780.0,1807.7565119961723
2391,1760.0,1797.500260154764
2392,1740.0,1794.3606165510942
2393,1760.0,1788.9967086908641
2394,1730.0,1784.4129703172873
2395,1740.0,1781.2884419604325
2396,1780.0,1855.9038873041209
2397,1780.0,1862.8500273793602
2398,1775.0,1842.420387070661
2399,1765.0,1832.7879335099096
2400,1720.0,1818.4107562416098
2401,1735.0,1805.2748748633198
2402,1760.0,1799.1919903998573
2403,1795.0,1798.6414772000733
2404,1760.0,1793.4340360105562
2405,1775.0,1784.6522048974016
2406,1775.0,1790.5318449789552
2407,1770.0,1788.1486319690466
2408,1770.0,1778.1486392489019
2409,1770.0,1773.9089238928316
2410,1830.0,1768.6422309358002
2411,1830.0,1769.3570070914966
2412,1830.0,1769.2930457312905
2413,1825.0,1773.0592879139742
2414,1820.0,1775.5306148574205
2415,1820.0,1777.4875142640053
2416,1820.0,1778.0487831552068
2417,1820.0,1778.3058696373487
2418,1690.0,1780.027734911355
2419,1690.0,1777.9761981489232
2420,1655.0,1772.9301241522446
2421,1605.0,1768.6748162257759
2422,1595.0,1767.7767796355388
2423,1565.0,1761.6910312305745
2424,1485.0,1756.247219402445
2425,1520.0,1739.4953573055973
2426,1520.0,1727.5183857667832
2427,1675.0,1721.1119395567657
2428,1675.0,1806.0481390687964
2429,1635.0,1844.2976052603522
2430,1645.0,1807.4717725677524
2431,1625.0,1775.7101839895813
2432,1610.0,1751.926199929297
2433,1560.0,1731.6378792229239
2434,1565.0,1713.5584529537184
2435,1580.0,1697.7615244182764
2436,1660.0,1681.950244353753
2437,1720.0,1667.745253612854
2438,1750.0,1655.3059782725102
2439,1750.0,1652.890052686337
2440,1705.0,1651.571398554207
2441,1705.0,1654.1288664937122
2442,1705.0,1656.206210551232
2443,1700.0,1660.9636947092495
2444,1730.0,1666.9443682826711
2445,1750.0,1673.4769233834832
2446,1750.0,1686.3665376141935
2447,1720.0,1703.6100748237498
2448,1720.0,1718.4090152105432
2449,1720.0,1724.1074314381797
2450,1720.0,1726.469005778964
2451,1720.0,1726.434543016226
2452,1720.0,1727.4137882588243
2453,1720.0,1730.0870230781452
2454,1720.0,1732.597395090732
2455,1670.0,1736.6035401065471
2456,1615.0,1743.4682487784196
2457,1645.0,1746.71379457451
2458,1660.0,1742.3888610479762
2459,1660.0,1737.8859176463213
2460,1650.0,1737.3656985833118
2461,1550.0,1729.86637229622
2462,1565.0,1717.5815588675384
2463,1520.0,1717.3276227210486
2464,1475.0,1710.5858726043184
2465,1465.0,1702.011168104886
2466,1445.0,1688.04028867097
2467,1430.0,1677.732008558946
2468,1470.0,1671.55311841203
2469,1550.0,1663.4514734055447
2470,1550.0,1654.37780665336
2471,1490.0,1647.2966794686708
2472,1440.0,1639.9968107963912
2473,1450.0,1637.1982944471542
2474,1410.0,1662.2630013254563
2475,1405.0,1633.3256091053213
2476,1395.0,1594.0252036689067
2477,1395.0,1590.7181467736727
2478,1410.0,1582.255390565387
2479,1450.0,1569.7807296367105
2480,1485.0,1553.7746060853506
2481,1480.0,1539.433928160412
2482,1490.0,1530.2563162424992
2483,1425.0,1527.1579770395997
2484,1350.0,1518.334427845236
2485,1380.0,1611.9294521829206
2486,1330.0,1584.2724009219364
2487,1340.0,1541.8832663974392
2488,1350.0,1540.2342088807222
2489,1335.0,1504.7700689967094
2490,1260.0,1474.121439907697
2491,1260.0,1503.526609239787
2492,1265.0,1481.5536385881444
2493,1240.0,1482.9978924659129
2494,1200.0,1443.2400678393078
2495,1180.0,1452.3020083421213
2496,1165.0,1319.1652875188015
2497,1165.0,1403.3236604074355
2498,1200.0,1408.481300836394
2499,1200.0,1401.6108006383736
2500,1200.0,1428.8328828283838
2501,1290.0,1424.2303697271843
2502,1250.0,1375.4512248347323
2503,1270.0,1345.7931058248919
2504,1265.0,1349.1611487633272
2505,1285.0,1362.111327401407
2506,1255.0,1339.2255390392208
2507,1200.0,1358.570867229172
2508,1195.0,1359.2199557043682
2509,1180.0,1357.421933452594
2510,1100.0,1347.9818492514376
2511,1130.0,1321.0930741644813
2512,1115.0,1285.035919393259
2513,1150.0,1289.1326166705849
2514,1150.0,1286.671218057678
2515,1170.0,1301.7807290341586
2516,1170.0,1311.7323131875307
2517,1155.0,1317.1619763491021
2518,1150.0,1295.1195471606486
2519,1140.0,1257.825121431093
2520,1145.0,1252.9840246003741
2521,1135.0,1227.3388862778359
2522,1160.0,1178.7752370726057
2523,1125.0,1246.5435670961747
2524,1125.0,1237.1002072619256
2525,1115.0,1218.6788045000785
2526,1155.0,1204.6998105652408
2527,1155.0,1172.319300362359
2528,1165.0,1169.7069004337714
2529,1120.0,1164.1895012198327
2530,1095.0,1129.772442215045
2531,1035.0,1046.2431539657566
2532,1005.0,1137.329190529247
2533,1005.0,1205.5225016278023
2534,1000.0,1227.2827848459735
2535,1005.0,1197.7018411042127
2536,965.0,1195.9980425278466
2537,990.0,1182.4513685180937
2538,995.0,1124.1970959180537
2539,1025.0,1095.9269702462582
2540,1090.0,1036.8098079825222
2541,1100.0,1007.2225556140645
2542,1105.0,993.7477744913989
2543,1130.0,993.4783730607994
2544,1135.0,989.765591119482
2545,1100.0,981.4280209763956
2546,1100.0,986.2329510986256
2547,1115.0,997.8225586385396
2548,1090.0,1004.8133443796343
2549,1080.0,1003.550966698014
2550,1100.0,1008.290503489287
2551,1090.0,1013.1431182375213
2552,1120.0,1017.234879193453
2553,1120.0,1020.9667699889018
2554,1160.0,1084.094054964983
2555,1215.0,1055.2955798184698
2556,1215.0,1070.8695027756412
2557,1200.0,1060.1045671911606
2558,1180.0,983.9154814569686
2559,1165.0,1027.5436366290605
2560,1175.0,1073.6773905779032
2561,1170.0,1071.547906874265
2562,1190.0,1040.222623873102
2563,1210.0,1104.1092352060182
2564,1210.0,1130.706405360343
2565,1240.0,1264.0217312216273
2566,1320.0,1234.7388894825676
2567,1310.0,1241.669329589602
2568,1270.0,1357.7547314104922
2569,1275.0,1443.9154488885688
2570,1270.0,1295.2460816649718
2571,1335.0,1416.7900565458153
2572,1350.0,1390.6526365118475
2573,1365.0,1329.6375083933187
2574,1350.0,1294.534332536335
2575,1315.0,1382.848085659205
2576,1300.0,1390.3916121101406
2577,1345.0,1417.8464691011
2578,1310.0,1391.478477910061
2579,1290.0,1436.5808947025455
2580,1285.0,1388.867995231201
2581,1310.0,1405.066734759341
2582,1320.0,1419.8138537157383
2583,1255.0,1360.8733966426614
2584,1240.0,1332.3309817325855
2585,1260.0,1320.4301870600218
2586,1250.0,1300.481692901316
2587,1230.0,1240.6271353105647
2588,1230.0,1231.9164492775494
2589,1230.0,1246.5470973018453
2590,1210.0,1277.7491970080118
2591,1255.0,1280.4446870394193
2592,1255.0,1293.591399685361
2593,1255.0,1315.7766878446978
2594,1255.0,1340.879648230531
2595,1255.0,1348.401663298631
2596,1320.0,1354.2797600339313
2597,1355.0,1340.0417623672242
2598,1405.0,1369.5618712182518
2599,1390.0,1389.4410778810975
2600,1410.0,1415.0631157310363
2601,1460.0,1426.9270570452475
2602,1480.0,1386.7359896679625
2603,1475.0,1224.579124625893
2604,1510.0,1332.1836319423196
2605,1480.0,1371.4814359652034
2606,1400.0,1395.3215373681364
2607,1400.0,1350.2342040008946
2608,1330.0,1383.4144460019656
2609,1400.0,1362.8623244617074
2610,1440.0,1333.2141019608343
2611,1395.0,1276.3643500279225
2612,1450.0,1314.4135948869323
2613,1385.0,1339.1951971700882
2614,1375.0,1266.9289739278215
2615,1325.0,1272.4959088882874
2616,1330.0,1243.946618529759
2617,1385.0,1275.0081543959402
2618,1365.0,1316.3485334309735
2619,1365.0,1341.6320693061896
2620,1430.0,1389.1130770252146
2621,1410.0,1340.4532868948488
2622,1400.0,1382.5333305327679
2623,1360.0,1412.9230036222693
2624,1335.0,1408.5183252356974
2625,1320.0,1403.7198230710603
2626,1345.0,1413.3809796899739
2627,1320.0,1425.6360876809679
2628,1300.0,1419.9073136734128
2629,1310.0,1421.832311953825
2630,1330.0,1426.8843524952988
2631,1315.0,1416.1276268764568
2632,1310.0,1421.3816389369497
2633,1325.0,1417.2199500760164
2634,1335.0,1422.642186878166
2635,1365.0,1422.5650513870517
2636,1355.0,1484.5393135145218
2637,1355.0,1318.1353783554976
2638,1365.0,1403.750817282424
2639,1330.0,1408.5493671794193
2640,1360.0,1394.9764642387458
2641,1360.0,1408.8582273595987
2642,1320.0,1405.3977427538007
2643,1325.0,1401.8753651899922
2644,1350.0,1401.2618293663834
2645,1355.0,1409.9064776816035
2646,1350.0,1405.3785066133805
2647,1355.0,1404.8944209456513
2648,1390.0,1414.2597005858604
2649,1420.0,1407.10659300476
2650,1400.0,1411.0120068336435
2651,1450.0,1420.5755985120636
2652,1455.0,1466.7028131278107
2653,1405.0,1476.9426768595147
2654,1480.0,1467.736505080515
2655,1485.0,1461.8347808278254
2656,1415.0,1467.0962232254367
2657,1420.0,1476.5836181491238
2658,1455.0,1475.6325827303178
2659,1425.0,1475.6542213994423
2660,1425.0,1479.2707908170867
2661,1465.0,1483.9352127870827
2662,1470.0,1487.7370792198913
2663,1450.0,1495.4878754816239
2664,1465.0,1502.437293178804
2665,1410.0,1510.2098872175225
2666,1420.0,1513.728462103448
2667,1425.0,1513.9492242608758
2668,1390.0,1517.683008439873
2669,1410.0,1518.3938864529698
2670,1410.0,1523.7807853991446
2671,1445.0,1520.157963042555
2672,1445.0,1653.1790243838652
2673,1450.0,1624.8587797357886
2674,1460.0,1595.799956395979
2675,1470.0,1574.7784666651537
2676,1395.0,1558.5947787406842
2677,1415.0,1544.9708817304934
2678,1425.0,1535.4730015987525
2679,1435.0,1530.9303130533676
2680,1435.0,1524.5523471505066
2681,1390.0,1520.122975223875
2682,1325.0,1522.9157636901084
2683,1265.0,1449.2967631488152
2684,1290.0,1485.7135772626043
2685,1280.0,1480.1931549993026
2686,1265.0,1473.6267417456252
2687,1250.0,1466.569830777412
2688,1205.0,1456.0873752897226
2689,1215.0,1440.3770491631367
2690,1210.0,1437.7389294487846
2691,1185.0,1425.1661785236724
2692,1150.0,1390.1761005121327
2693,1185.0,1397.05670405934
2694,1210.0,1395.541344878397
2695,1215.0,1390.82942921183
2696,1275.0,1383.4949386689514
2697,1275.0,1390.4985246374802
2698,1300.0,1382.3499746335106
2699,1275.0,1369.501259078524
2700,1310.0,1195.5063196827793
2701,1310.0,1258.3365244269555
2702,1350.0,1266.1050617124251
2703,1350.0,1270.8568736751904
2704,1350.0,1340.9695362167213
2705,1350.0,1356.3882812768552
2706,1350.0,1374.9851979092505
2707,1350.0,1403.6066496493822
2708,1425.0,1427.9714251354387
2709,1380.0,1421.817594476663
2710,1355.0,1461.7063489622572
2711,1400.0,1480.8577803571459
2712,1390.0,1492.903040989991
2713,1350.0,1503.1440025659372
2714,1420.0,1502.7978315923042
2715,1545.0,1487.055238391465
2716,1535.0,1576.0535252433124
2717,1520.0,1566.8282605209674
2718,1460.0,1538.5902109939916
2719,1515.0,1519.4674190141207
2720,1535.0,1518.813931206562
2721,1535.0,1510.869277926732
2722,1535.0,1503.940289678931
2723,1520.0,1510.9389830807277
2724,1515.0,1517.3428040110355
2725,1545.0,1521.5611989137037
2726,1525.0,1523.4928797242865
2727,1465.0,1528.2482477477497
2728,1465.0,1529.920375904342
2729,1480.0,1541.531287986872
2730,1500.0,1549.1554503018683
2731,1500.0,1550.0093821929784
2732,1500.0,1555.9566749371184
2733,1500.0,1557.1481382449977
2734,1485.0,1560.0095658425566
2735,1485.0,1570.7847957056574
2736,1495.0,1583.0592671233605
2737,1455.0,1583.9272323278292
2738,1460.0,1584.5529080812485
2739,1410.0,1586.1863093844224
2740,1400.0,1585.5511508024751
2741,1340.0,1582.7003197884726
2742,1375.0,1571.6428007580143
2743,1450.0,1567.578167692419
2744,1420.0,1551.5170246426526
2745,1385.0,1544.174928744008
2746,1335.0,1541.3985602090513
2747,1300.0,1534.5867389902448
2748,1305.0,1526.1441735695466
2749,1295.0,1516.850397002165
2750,1395.0,1510.2978579539852
2751,1370.0,1486.1189363606072
2752,1320.0,1490.4894702001636
2753,1340.0,1484.2813837607155
2754,1370.0,1472.4673068502075
2755,1345.0,1459.2956580247178
2756,1350.0,1447.8484997529442
2757,1360.0,1436.0531657484867
2758,1330.0,1427.0088225751228
2759,1325.0,1417.7891584494926
2760,1350.0,1416.4662561374682
2761,1400.0,1419.928268178734
2762,1375.0,1419.2907388896547
2763,1425.0,1419.1396659754364
2764,1380.0,1481.6678621217065
2765,1350.0,1478.7462917526104
2766,1350.0,1448.5786616388195
2767,1345.0,1436.3990980603278
2768,1345.0,1428.8794218777875
2769,1325.0,1418.89301696899
2770,1340.0,1411.3843669612315
2771,1325.0,1409.059180588306
2772,1320.0,1399.7722615697423
2773,1320.0,1395.0136318351244
2774,1355.0,1395.2655791333493
2775,1370.0,1437.751355772745
2776,1350.0,1404.8070707298475
2777,1370.0,1400.8097562003295
2778,1385.0,1389.4799399761978
2779,1405.0,1378.3415782414593
2780,1405.0,1351.1569659527636
2781,1415.0,1343.821043439134
2782,1385.0,1346.473785165931
2783,1350.0,1359.5800486158569
2784,1355.0,1379.2082705830383
2785,1390.0,1377.1158510556686
2786,1360.0,1388.2094080166908
2787,1390.0,1397.0877300922757
2788,1395.0,1408.0553372703646
2789,1350.0,1414.4096120126917
2790,1320.0,1421.2945432937238
2791,1320.0,1432.2417687547918
2792,1295.0,1434.0593374073153
2793,1325.0,1436.0377163751632
2794,1355.0,1443.5302487565812
2795,1410.0,1443.9103574370101
2796,1415.0,1453.9760776146204
2797,1390.0,1454.9983297121037
2798,1390.0,1461.6486564517827
2799,1410.0,1467.354932607763
2800,1410.0,1473.744863421787
2801,1410.0,1477.6693701940158
2802,1415.0,1480.6741857960965
2803,1420.0,1481.7198108383914
2804,1415.0,1484.0776620552233
2805,1450.0,1484.6678408448067
2806,1430.0,1487.5603899400182
2807,1410.0,1485.6653994022302
2808,1475.0,1487.656666106836
2809,1460.0,1604.1975420243134
2810,1415.0,1568.8472756365682
2811,1425.0,1539.1495705908587
2812,1385.0,1522.7094326156923
2813,1375.0,1515.5042649424042
2814,1415.0,1512.5924478852003
2815,1410.0,1509.8307650058332
2816,1405.0,1508.0841584594089
2817,1380.0,1505.6754563701345
2818,1395.0,1501.8668119424385
2819,1385.0,1501.2362515776802
2820,1380.0,1501.1722583959017
2821,1350.0,1500.2908644879471
2822,1370.0,1499.7442176091904
2823,1390.0,1497.3652686899622
2824,1370.0,1493.2481459409537
2825,1350.0,1491.189401592409
2826,1360.0,1495.034338523247
2827,1320.0,1490.1676427292957
2828,1340.0,1488.5958957223402
2829,1300.0,1490.220705201009
2830,1300.0,1484.1510107792408
2831,1250.0,1482.4095275059472
2832,1250.0,1478.2383239949138
2833,1245.0,1472.993683387446
2834,1220.0,1469.961103463584
2835,1225.0,1463.2239197424708
2836,1255.0,1455.8354279914977
2837,1280.0,1448.346205053593
2838,1280.0,1529.4213818300177
2839,1275.0,1492.3905863906082
2840,1265.0,1460.0445946382158
2841,1255.0,1437.806629843729
2842,1245.0,1418.6680225424539
2843,1240.0,1404.4451958103132
2844,1260.0,1384.171473250206
2845,1265.0,1352.2513495991261
2846,1280.0,1333.201707458446
2847,1270.0,1306.023399818751
2848,1285.0,1295.6854620013976
2849,1275.0,1304.9368562122495
2850,1255.0,1296.121485161952
2851,1270.0,1290.2225651853162
2852,1290.0,1292.3309631196475
2853,1280.0,1309.091607970434
2854,1250.0,1323.546278722536
2855,1220.0,1340.1072352521116
2856,1235.0,1351.2357561656345
2857,1225.0,1353.0192996020387
2858,1255.0,1361.1813101310665
2859,1290.0,1340.448036335429
2860,1265.0,1390.746255577383
2861,1275.0,1367.5751629538695
2862,1275.0,1359.9710243632064
2863,1265.0,1355.0184341903812
2864,1200.0,1359.6964041947592
2865,1170.0,1307.409706613467
2866,1210.0,1331.093019152268
2867,1185.0,1327.6810147117803
2868,1135.0,1315.5179028861376
2869,1180.0,1296.6303121020992
2870,1165.0,1261.5139705668123
2871,1135.0,1259.828257582145
2872,1115.0,1242.7958052915703
2873,1100.0,1220.0018977415361
2874,1150.0,1187.6973535869886
2875,1160.0,1180.6766317018075
2876,1195.0,1177.5974093084321
2877,1195.0,1180.3301504678452
2878,1140.0,1181.210398799199
2879,1135.0,1193.8554324256586
2880,1115.0,1200.1625794194954
2881,1100.0,1204.6313703187416
2882,1065.0,1193.1931061764099
2883,1095.0,1149.7274160413986
2884,1155.0,1128.3644967512043
2885,1155.0,1130.2226060867642
2886,1140.0,1149.641314822305
2887,1100.0,1013.6728201290591
2888,1085.0,895.9608467099372
2889,1085.0,1052.9483251851946
2890,1060.0,1053.019828258022
2891,1030.0,1033.3292757862118
2892,1000.0,1020.0761796465692
2893,965.0,1083.99812883546
2894,1050.0,1068.2855115556727
2895,1115.0,1035.3744164126233
2896,1100.0,998.1189606731863
2897,1015.0,1037.2324302834663
2898,940.0,1039.588404027536
2899,940.0,1010.4469559754002
2900,900.0,996.5160285254339
2901,855.0,945.7539700910895
2902,815.0,873.6811320126693
2903,760.0,861.098214095226
2904,800.0,874.8557298872604
2905,745.0,896.9595031116031
2906,695.0,919.4487946836557
2907,675.0,938.0906672422357
2908,630.0,951.4212966426458
2909,595.0,955.6923562473742
2910,600.0,946.2427494407243
2911,740.0,928.6542027449218
