,y_actual,y_predict
0,150.82423400878906,255.94635234797767
1,153.7247314453125,254.1347463332579
2,153.7247314453125,251.10496039040567
3,153.7247314453125,252.34796941857803
4,153.7247314453125,252.56747561594386
5,153.7247314453125,254.55274405583617
6,153.7247314453125,255.8515920700159
7,150.82423400878906,254.00897616932878
8,150.82423400878906,252.4026428849533
9,150.82423400878906,251.5277967853957
10,150.82423400878906,251.86721022975377
11,150.82423400878906,251.8968426834287
12,150.82423400878906,250.9388561834529
13,150.82423400878906,249.98747429472525
14,150.82423400878906,250.3157270056372
15,150.82423400878906,251.40266235944767
16,147.92379760742188,251.8011994360487
17,142.12286376953125,246.54403483883226
18,145.02334594726562,246.4976966037649
19,147.92379760742188,250.62946369931382
20,147.92379760742188,253.85452715869633
21,145.02334594726562,255.86533107416318
22,145.02334594726562,252.34023460647455
23,147.92379760742188,248.3393235787036
24,145.02334594726562,250.3157270056372
25,145.02334594726562,251.64272408486926
26,142.12286376953125,250.44704221751266
27,145.02334594726562,249.10295085034414
28,142.12286376953125,247.49428652670463
29,139.22239685058594,246.79698791775968
30,136.32192993164057,248.24382160643057
31,133.42144775390625,247.12644146708038
32,124.72006225585938,245.947359424786
33,127.62054443359375,244.71568772394335
34,124.72006225585938,244.56717226780125
35,121.81961059570312,243.65852609891476
36,121.81961059570312,241.04267621931706
37,136.32192993164057,239.60227054801072
38,147.92379760742188,239.21266912192186
39,142.12286376953125,241.68222862831135
40,142.12286376953125,244.4387531956175
41,139.22239685058594,247.8937418915006
42,136.32192993164057,249.81663737169094
43,142.12286376953125,249.6931276094724
44,147.92379760742188,247.81971373547827
45,142.12286376953125,245.77486251924546
46,150.82423400878906,246.15792997163953
47,153.7247314453125,246.59111476821096
48,150.82423400878906,249.04661740146264
49,147.92379760742188,250.6281569045749
50,153.7247314453125,250.98801992065853
51,174.02798461914062,250.96647546685438
52,214.634521484375,248.27825741374056
53,214.634521484375,250.91123690005145
54,229.1368865966797,269.1874323809348
55,205.93313598632807,280.6741934550253
56,234.937744140625,293.20028017189674
57,232.03730773925776,295.8748298584167
58,243.63922119140625,293.04929240138364
59,240.73875427246094,302.2984676946355
60,263.9425354003906,306.28560439948245
61,278.4447937011719,308.2335055735964
62,290.0466918945312,311.22719572663243
63,290.0466918945312,321.5830142511091
64,246.5396728515625,330.4203372889334
65,258.1415100097656,336.33856343017163
66,258.1415100097656,331.54799519231153
67,261.0420532226562,326.50857085362446
68,261.0420532226562,321.3418223248322
69,261.0420532226562,317.0919492399041
70,266.8428955078125,313.6816387965822
71,272.64385986328125,312.7630680514351
72,272.64385986328125,313.4301691062774
73,261.0420532226562,315.37531541580654
74,261.0420532226562,317.63370395613805
75,261.0420532226562,319.3494548108175
76,258.1415100097656,318.096839075375
77,258.1415100097656,315.310929285831
78,263.9425354003906,311.8057172894404
79,263.9425354003906,310.56171933551957
80,263.9425354003906,311.7768971676302
81,249.44012451171875,314.316069982951
82,249.44012451171875,312.71450473343384
83,249.44012451171875,311.8585894982025
84,252.340560913086,310.2958042655329
85,246.5396728515625,307.05431757497183
86,249.44012451171875,306.13821914419566
87,249.44012451171875,303.539781421525
88,243.63922119140625,306.84660784903326
89,229.1368865966797,307.7259747520121
90,234.937744140625,304.5188179124308
91,232.03730773925776,303.1956705798621
92,232.03730773925776,299.87973190795793
93,232.03730773925776,298.48714786034157
94,240.73875427246094,296.95046320367413
95,261.0420532226562,293.4818767787507
96,246.5396728515625,291.7610400202224
97,243.63922119140625,300.9472066157912
98,246.5396728515625,308.0539095939335
99,261.0420532226562,313.1298535477575
100,284.2457275390625,310.95361648209575
101,284.2457275390625,303.6687655941364
102,272.64385986328125,311.8673485548311
103,272.64385986328125,323.5222270061479
104,272.64385986328125,332.61914305292447
105,266.8428955078125,333.24799387257013
106,266.8428955078125,325.56393485125193
107,266.8428955078125,320.66115885972624
108,252.340560913086,318.3049726266343
109,261.0420532226562,315.9098297828112
110,261.0420532226562,313.44125920217004
111,261.0420532226562,311.5064259754456
112,266.8428955078125,311.22267492321123
113,278.4447937011719,312.2903615437048
114,284.2457275390625,313.4182313597433
115,290.0466918945312,316.30391669354447
116,304.54901123046875,320.6973606058727
117,304.54901123046875,326.5801266952758
118,290.0466918945312,334.02465377282334
119,290.0466918945312,336.07572109376036
120,290.0466918945312,335.8410984599549
121,304.54901123046875,333.2736706232516
122,290.0466918945312,331.99781513272194
123,333.5536804199219,334.00861904818873
124,333.5536804199219,337.3181297027284
125,319.0513305664062,345.3652657488126
126,304.54901123046875,349.37747878513653
127,319.0513305664062,351.5238891438513
128,319.0513305664062,355.497286844551
129,319.0513305664062,353.63224352064145
130,304.54901123046875,349.5601298389865
131,304.54901123046875,346.0053479394578
132,304.54901123046875,345.29734774116423
133,304.54901123046875,343.3257476678657
134,304.54901123046875,341.26125921177197
135,290.0466918945312,337.4329510458718
136,290.0466918945312,336.2182676766354
137,275.5443420410156,335.16859363227314
138,287.1462097167969,332.5986581624221
139,278.4447937011719,331.1636562639552
140,278.4447937011719,327.77171158453194
141,281.34527587890625,326.04352852044417
142,278.4447937011719,325.0186129385684
143,281.34527587890625,324.6868989875371
144,295.8475952148437,324.4347582404745
145,319.0513305664062,324.8101968370953
146,319.0513305664062,328.67198720333386
147,304.54901123046875,334.46514955617755
148,304.54901123046875,339.63482954343823
149,304.54901123046875,342.03756592425793
150,304.54901123046875,344.5135534480119
151,304.54901123046875,343.1164132781976
152,304.54901123046875,341.4668144923302
153,290.0466918945312,339.52915576346743
154,290.0466918945312,336.01356004671874
155,290.0466918945312,334.79841753338485
156,290.0466918945312,332.94545323111635
157,290.0466918945312,329.91637366379865
158,290.0466918945312,327.9176840887496
159,275.5443420410156,328.0552860428827
160,281.34527587890625,328.1123965048522
161,278.4447937011719,327.91584751235973
162,278.4447937011719,326.4751946096163
163,278.4447937011719,325.05608616067707
164,275.5443420410156,324.00319810763256
165,281.34527587890625,320.3206858520664
166,281.34527587890625,323.4075116193347
167,281.34527587890625,324.88086970932846
168,313.2504272460937,326.80510730303445
169,304.54901123046875,325.8739983921488
170,304.54901123046875,331.7988291446352
171,304.54901123046875,341.9451366855602
172,290.0466918945312,346.77819341182436
173,290.0466918945312,349.81604969515905
174,290.0466918945312,341.6743829431618
175,290.0466918945312,336.72046536293374
176,304.54901123046875,333.61036452180156
177,304.54901123046875,333.0558950459455
178,304.54901123046875,332.23519263111217
179,304.54901123046875,335.35052065120016
180,304.54901123046875,336.5949424304417
181,319.0513305664062,341.4462236454976
182,304.54901123046875,344.97552304761683
183,290.0466918945312,343.93828121266296
184,290.0466918945312,343.04040727067854
185,304.54901123046875,340.2485992454209
186,304.54901123046875,337.6706110944759
187,304.54901123046875,338.09351812701937
188,304.54901123046875,338.31161157331604
189,304.54901123046875,340.91923217793607
190,290.0466918945312,342.8070561128353
191,290.0466918945312,341.1173351966046
192,290.0466918945312,339.4624032754511
193,290.0466918945312,335.5926661844487
194,290.0466918945312,332.92203688214556
195,304.54901123046875,331.95850533422345
196,290.0466918945312,333.07796928140056
197,290.0466918945312,333.1021979622361
198,290.0466918945312,333.0944278313559
199,290.0466918945312,332.40521722228175
200,290.0466918945312,331.67549597630034
201,290.0466918945312,330.0559534694285
202,275.5443420410156,332.41556562386313
203,298.748046875,332.6408994193891
204,290.0466918945312,332.0815912711212
205,319.0513305664062,332.46331660999965
206,319.0513305664062,333.3945667959922
207,319.0513305664062,337.23205784384174
208,348.05596923828125,341.465401741261
209,348.05596923828125,343.71916352184115
210,333.5536804199219,355.2794936078565
211,348.05596923828125,364.16262509909734
212,348.05596923828125,370.7524024610456
213,362.5583190917969,374.1860056376198
214,377.0606994628906,372.49684982181674
215,348.05596923828125,376.6447046201654
216,348.05596923828125,377.5564765007923
217,348.05596923828125,379.03117670430174
218,362.5583190917969,378.1428211726456
219,348.05596923828125,377.1566856076174
220,290.0466918945312,377.7148812144183
221,333.5536804199219,367.1162107811585
222,275.5443420410156,364.1177172744874
223,275.5443420410156,358.71364422547
224,269.7433776855469,355.5786259873561
225,266.8428955078125,349.8688336069793
226,263.9425354003906,339.4073059837551
227,269.7433776855469,326.9596975887738
228,269.7433776855469,318.7766548898395
229,272.64385986328125,318.05749395809977
230,281.34527587890625,317.9456747109783
231,292.9471435546875,318.70513436696484
232,275.5443420410156,318.85287281001894
233,298.748046875,321.7092435591357
234,290.0466918945312,325.19919784397973
235,290.0466918945312,329.4268907371225
236,304.54901123046875,333.1139944336634
237,290.0466918945312,333.52499903844944
238,275.5443420410156,334.55150396527796
239,284.2457275390625,331.8935187850435
240,281.34527587890625,330.68671150301753
241,284.2457275390625,330.4469676465865
242,290.0466918945312,329.00469008011356
243,290.0466918945312,327.8673195131352
244,290.0466918945312,328.53562140638627
245,290.0466918945312,329.04251648998945
246,290.0466918945312,329.7657743998296
247,290.0466918945312,330.5558907540163
248,290.0466918945312,330.4306856905148
249,290.0466918945312,330.16077959875787
250,275.5443420410156,329.8341162327987
251,287.1462097167969,329.40040165457634
252,281.34527587890625,328.90226562760176
253,295.8475952148437,328.35065697266066
254,290.0466918945312,328.8377382225193
255,304.54901123046875,328.90434943542874
256,290.0466918945312,332.6985396630095
257,275.5443420410156,333.7872409556564
258,275.5443420410156,332.5198619715415
259,275.5443420410156,329.324819472378
260,275.5443420410156,327.8158600554422
261,275.5443420410156,326.9983716492912
262,278.4447937011719,323.90257491273394
263,261.0420532226562,324.84420881908454
264,261.0420532226562,321.08954030266267
265,261.0420532226562,320.09234996051856
266,261.0420532226562,321.5733722250623
267,261.0420532226562,319.18172594013527
268,263.9425354003906,317.17936321230644
269,261.0420532226562,314.05517017925973
270,261.0420532226562,311.20649892346967
271,261.0420532226562,312.57941041244845
272,255.2410888671875,313.3779679542731
273,255.2410888671875,312.31593233805603
274,246.5396728515625,311.46867020312317
275,249.44012451171875,308.90516275063663
276,258.1415100097656,307.722478193116
277,275.5443420410156,306.21267112553875
278,275.5443420410156,307.1918135727747
279,272.64385986328125,316.7816031487934
280,278.4447937011719,324.0414130240525
281,290.0466918945312,327.5975193777084
282,290.0466918945312,326.4828587841663
283,290.0466918945312,326.68880257126847
284,304.54901123046875,332.28276702336507
285,304.54901123046875,335.59125343337956
286,304.54901123046875,338.6686844060382
287,304.54901123046875,339.2030221791592
288,333.5536804199219,339.4501476599264
289,333.5536804199219,341.32518619765005
290,348.05596923828125,338.5111979806071
291,333.5536804199219,352.95009666691294
292,319.0513305664062,366.4284305825418
293,319.0513305664062,376.04857664715837
294,319.0513305664062,375.26042048508015
295,319.0513305664062,361.2543004294134
296,319.0513305664062,355.1535821688205
297,319.0513305664062,349.6661744661129
298,304.54901123046875,348.5417129120287
299,319.0513305664062,348.2293183318677
300,333.5536804199219,346.90149126138255
301,333.5536804199219,350.55511275758505
302,333.5536804199219,350.42717048888716
303,348.05596923828125,355.542441900598
304,348.05596923828125,360.8233053969991
305,362.5583190917969,361.67780788116124
306,348.05596923828125,367.89638489969616
307,362.5583190917969,370.46490761847804
308,362.5583190917969,374.65122456468373
309,348.05596923828125,381.4714392853952
310,362.5583190917969,378.54573777756093
311,377.0606994628906,380.9816561491168
312,391.5629577636719,385.6738969125656
313,391.5629577636719,385.6500567382741
314,406.0652770996094,394.1851216848584
315,406.0652770996094,398.8196162483566
316,391.5629577636719,404.6038252912997
317,391.5629577636719,408.21079068344426
318,377.0606994628906,409.4108344197268
319,377.0606994628906,407.8485966280965
320,362.5583190917969,401.5983563262248
321,333.5536804199219,395.6232316356774
322,333.5536804199219,386.6449513599309
323,333.5536804199219,380.1169288790918
324,319.0513305664062,373.73383699855697
325,333.5536804199219,364.76661149992634
326,333.5536804199219,360.42835317623593
327,333.5536804199219,358.82927790047813
328,333.5536804199219,358.5179252242307
329,333.5536804199219,357.6968696216301
330,348.05596923828125,357.5581198072534
331,333.5536804199219,358.0494393103194
332,333.5536804199219,356.6374829136676
333,348.05596923828125,358.8515993673704
334,348.05596923828125,361.90955203466336
335,333.5536804199219,365.1465885593567
336,333.5536804199219,363.4429873638718
337,333.5536804199219,361.8079928921814
338,333.5536804199219,362.20550572425736
339,362.5583190917969,361.995818146822
340,377.0606994628906,363.5056428737876
341,362.5583190917969,367.8130855647827
342,362.5583190917969,373.30504938968824
343,362.5583190917969,378.5369080833789
344,348.05596923828125,382.82063421580096
345,348.05596923828125,380.5874809414417
346,333.5536804199219,376.6939036761477
347,348.05596923828125,370.18677225174343
348,348.05596923828125,366.71583712816755
349,348.05596923828125,367.9509170909645
350,362.5583190917969,367.3323793541235
351,362.5583190917969,371.17038252423555
352,377.0606994628906,376.2335763996607
353,377.0606994628906,376.66822692546634
354,391.5629577636719,382.9371685196156
355,391.5629577636719,385.7084916543709
356,377.0606994628906,390.1884665696832
357,362.5583190917969,395.5783414704559
358,362.5583190917969,393.6115800695691
359,362.5583190917969,394.3139999011396
360,319.0513305664062,390.00138300935396
361,333.5536804199219,377.0696248229824
362,333.5536804199219,371.29528737813484
363,290.0466918945312,369.0193100869927
364,304.54901123046875,360.5148665198317
365,319.0513305664062,355.4427546532827
366,319.0513305664062,347.7788803128646
367,290.0466918945312,347.5757620279007
368,275.5443420410156,342.1458886124833
369,278.4447937011719,339.63528868753565
370,292.9471435546875,338.6027089311099
371,292.9471435546875,334.22967927173056
372,197.2317352294922,335.13564121358576
373,194.3312377929688,320.80324629850384
374,185.6298370361328,308.73934109389774
375,185.6298370361328,294.0953992492963
376,188.5303497314453,280.96839886517125
377,191.43081665039062,271.0918208221196
378,188.5303497314453,273.3519399825108
379,188.5303497314453,275.48756045493514
380,182.7293701171875,274.5750292206085
381,182.7293701171875,271.25622972778933
382,179.8289337158203,269.65123855692957
383,176.92845153808594,267.5628746077676
384,179.8289337158203,267.40948516043704
385,179.8289337158203,266.22489338897304
386,182.7293701171875,264.37542564560067
387,179.8289337158203,266.10466827299024
388,181.3151092529297,267.06601005675526
389,181.3151092529297,267.2011043777406
390,178.34274291992188,266.21150757259306
391,172.39797973632812,264.1435931951567
392,172.39797973632812,263.9669993115157
393,166.45321655273438,265.78305549210324
394,172.39797973632812,265.71863404335096
395,169.42558288574224,265.2172840076941
396,166.45321655273438,262.57819437300924
397,169.42558288574224,258.95466447457915
398,172.39797973632812,259.21475194640567
399,175.37033081054688,259.98621998647985
400,178.34274291992188,260.81020704754883
401,175.37033081054688,260.62743237798037
402,178.34274291992188,263.3694056092745
403,178.34274291992188,265.3668943459148
404,175.37033081054688,267.50057228561906
405,178.34274291992188,264.67697736130606
406,178.34274291992188,263.95711005403183
407,178.34274291992188,265.4449135237074
408,175.37033081054688,266.5485546589103
409,175.37033081054688,267.64078782923
410,172.39797973632812,265.00780834291913
411,175.37033081054688,264.12197810379905
412,175.37033081054688,263.4294122109357
413,175.37033081054688,263.55733682024527
414,172.39797973632812,263.0249062610676
415,175.37033081054688,262.87045725043515
416,175.37033081054688,261.89219777261735
417,175.37033081054688,262.3321990930973
418,184.28749084472656,262.2212274966173
419,181.3151092529297,257.95909879616454
420,187.2598876953125,261.6725503001447
421,184.28749084472656,266.7424900619249
422,184.28749084472656,272.9941254554774
423,181.3151092529297,277.49070019585196
424,181.3151092529297,273.50080862642017
425,184.28749084472656,272.1130632512156
426,181.3151092529297,268.4054393453956
427,178.34274291992188,268.26808462269963
428,181.3151092529297,268.0022401902665
429,181.3151092529297,268.189288431819
430,184.28749084472656,267.9480258679887
431,184.28749084472656,265.89438027635055
432,181.3151092529297,265.61931764319127
433,181.3151092529297,265.21332830470055
434,181.3151092529297,266.98894448593427
435,181.3151092529297,268.4080529348735
436,181.3151092529297,268.4822576847795
437,181.3151092529297,267.5934253496375
438,178.34274291992188,265.8771800320839
439,175.37033081054688,265.3412529140101
440,175.37033081054688,264.4532329107329
441,175.37033081054688,264.212817997544
442,175.37033081054688,264.5013370846367
443,178.34274291992188,264.0874716589356
444,178.34274291992188,262.78304327803284
445,181.3151092529297,262.382916856479
446,199.14938354492188,263.037974208457
447,199.14938354492188,262.92982811411525
448,199.14938354492188,281.95605313759876
449,205.09413146972656,296.4987007305437
450,211.03889465332026,303.98705841001095
451,211.03889465332026,312.7300096764175
452,216.983642578125,289.47535006548
453,216.983642578125,303.1663559951777
454,214.0113067626953,318.84255972721434
455,214.0113067626953,311.38334003854783
456,211.03889465332026,304.72733997023414
457,211.03889465332026,299.2568852803561
458,211.03889465332026,296.73173401939636
459,208.0665283203125,308.6307005366818
460,205.09413146972656,299.03384720531744
461,208.0665283203125,287.78898443303837
462,208.0665283203125,284.7661562892016
463,202.12176513671875,281.69080912436993
464,196.17701721191406,285.89900605275875
465,196.17701721191406,282.94547334886266
466,196.17701721191406,287.2073901366551
467,202.12176513671875,283.2035829691924
468,205.09413146972656,279.244701285728
469,205.09413146972656,278.4152044954894
470,205.09413146972656,277.05914006301003
471,205.09413146972656,282.07800887364124
472,205.09413146972656,284.27208192155075
473,205.09413146972656,281.1703869492799
474,208.0665283203125,277.2274693528966
475,211.03889465332026,280.7974913045835
476,208.0665283203125,285.81876179203226
477,205.09413146972656,287.9694987008962
478,205.09413146972656,287.9773394693299
479,205.09413146972656,283.1347466733491
480,199.14938354492188,281.7804128609294
481,199.14938354492188,279.3242391709199
482,202.12176513671875,277.62349879634996
483,199.14938354492188,278.1639820366217
484,211.03889465332026,277.3831545207145
485,211.03889465332026,273.46082777116385
486,208.0665283203125,273.5191390715421
487,208.0665283203125,279.8683249264179
488,208.0665283203125,291.48746077568575
489,214.0113067626953,297.6649620568857
490,216.983642578125,288.992860256596
491,211.03889465332026,288.0172850058095
492,214.0113067626953,293.1484322076597
493,211.03889465332026,300.52550042165643
494,219.95603942871094,305.23864990092835
495,234.81797790527344,290.75565572187736
496,231.84555053710932,288.5122776616553
497,243.735107421875,307.04690063185893
498,243.735107421875,319.69526095376335
499,243.735107421875,348.2758684795955
500,243.735107421875,350.975565135146
501,243.735107421875,328.97226744307704
502,243.735107421875,324.35285399724177
503,243.735107421875,301.34440157887656
504,252.6522216796875,292.40490131997757
505,252.6522216796875,294.2505546354633
506,273.4588623046875,309.12685871215956
507,279.4036560058594,332.4030274581246
508,273.4588623046875,363.4829858785165
509,273.4588623046875,445.0029784798071
510,291.2931823730469,472.27944017495037
511,291.2931823730469,477.5031225718285
512,288.32080078125006,493.87194517489354
513,288.32080078125006,512.8650500155002
514,288.32080078125006,475.4318705699913
515,282.3759460449219,492.10724249566886
516,279.4036560058594,432.9847051347339
517,273.4588623046875,383.41734494862396
518,273.4588623046875,365.33150001491725
519,270.4865417480469,372.85588284664726
520,273.4588623046875,372.2799218951521
521,273.4588623046875,366.0175672528626
522,276.43121337890625,356.42057264639135
523,279.4036560058594,346.5025656782375
524,285.34832763671875,356.52855980623787
525,285.34832763671875,371.886912207109
526,285.34832763671875,383.20177679486335
527,285.34832763671875,398.27943321768714
528,282.3759460449219,396.25741559060907
529,282.3759460449219,352.7374423122324
530,276.43121337890625,342.91619113292546
531,273.4588623046875,326.1599392085403
532,273.4588623046875,324.56077563584074
533,276.43121337890625,335.8408159097411
534,279.4036560058594,332.6949371477832
535,276.43121337890625,327.4046788567724
536,276.43121337890625,325.8418229865494
537,273.4588623046875,325.7035499756585
538,267.51412963867193,330.31356862688403
539,273.4588623046875,333.0399309588643
540,270.4865417480469,332.61847199616665
541,267.51412963867193,333.1674317428531
542,270.4865417480469,330.17190501342725
543,270.4865417480469,322.27805245834344
544,273.4588623046875,318.03414824668243
545,279.4036560058594,316.9472835304254
546,291.2931823730469,317.63116100421365
547,288.32080078125006,341.0820517386531
548,285.34832763671875,372.8978945315655
549,282.3759460449219,394.15870323986576
550,282.3759460449219,392.2447787289643
551,282.3759460449219,391.391282829939
552,282.3759460449219,349.96647236524444
553,282.3759460449219,350.62458479140946
554,282.3759460449219,347.3658448784166
555,279.4036560058594,330.2636631953671
556,279.4036560058594,332.9714478507883
557,279.4036560058594,336.2393176675654
558,279.4036560058594,341.23424034757494
559,282.3759460449219,338.6202623631438
560,291.2931823730469,327.1421543893517
561,303.1826477050781,334.53179608786365
562,303.1826477050781,391.5465618318245
563,303.1826477050781,432.2506396792148
564,309.1274108886718,460.48881400527875
565,303.1826477050781,492.0705109678715
566,303.1826477050781,465.0706129538985
567,303.1826477050781,409.0018783039909
568,303.1826477050781,391.69765555866775
569,303.1826477050781,371.9001390889937
570,297.2379455566406,368.9483546645457
571,303.1826477050781,368.15845022301943
572,297.2379455566406,358.2603277261635
573,297.2379455566406,340.9403174876428
574,303.1826477050781,356.95097237590716
575,297.2379455566406,351.1954598390558
576,309.1274108886718,358.4078719159456
577,315.0721435546875,353.0641409969683
578,309.1274108886718,356.3358429010204
579,315.0721435546875,387.03566532748664
580,315.0721435546875,392.9885391886952
581,326.96173095703125,391.51721192836334
582,321.0168762207031,387.5649525155355
583,326.96173095703125,390.3691750908131
584,332.90643310546875,410.68481801508983
585,332.90643310546875,412.7136345066881
586,326.96173095703125,410.08847812942247
587,309.1274108886718,380.54956623462397
588,303.1826477050781,374.64624461716505
589,291.2931823730469,389.95167183110897
590,288.32080078125006,376.00275053435354
591,294.2655334472656,380.83670788942425
592,291.2931823730469,375.02579785127466
593,291.2931823730469,367.89038070765235
594,291.2931823730469,375.2595551750503
595,294.2655334472656,364.67250461933406
596,300.2102966308594,356.2642693999807
597,303.1826477050781,332.8943116424139
598,303.1826477050781,336.44360147216133
599,303.1826477050781,357.02673115198917
600,303.1826477050781,368.42708483881415
601,303.1826477050781,363.5926859990343
602,309.1274108886718,347.2892914298582
603,297.2379455566406,335.4816945879687
604,303.1826477050781,350.1099902144795
605,303.1826477050781,362.3634689531742
606,297.2379455566406,365.455309986738
607,279.4036560058594,356.9127221407105
608,285.34832763671875,350.81638340843193
609,282.3759460449219,362.1953868947247
610,282.3759460449219,367.4645422166404
611,282.3759460449219,374.1074566781763
612,279.4036560058594,343.8436975285848
613,282.3759460449219,333.91936849939657
614,288.32080078125006,340.69093160516496
615,291.2931823730469,339.85309958361853
616,297.2379455566406,338.2997444643354
617,291.2931823730469,338.0409991060245
618,291.2931823730469,337.3226151873729
619,291.2931823730469,346.4315396182371
620,291.2931823730469,345.39804157361635
621,285.34832763671875,338.7888388844675
622,282.3759460449219,332.8003990150936
623,273.4588623046875,331.03325934027464
624,279.4036560058594,325.12234418581914
625,273.4588623046875,327.13696252917265
626,276.43121337890625,336.35021862649194
627,276.43121337890625,339.10038581398703
628,276.43121337890625,339.27500184613126
629,279.4036560058594,328.0967149679849
630,279.4036560058594,316.7147093856702
631,277.40014648437494,318.0086480898847
632,277.40014648437494,319.68487723340525
633,277.40014648437494,332.490688661964
634,277.40014648437494,340.14617479290916
635,286.6468200683594,337.7886464463015
636,286.6468200683594,328.948886412883
637,286.6468200683594,323.6236625329113
638,283.5646667480469,334.00671183424544
639,283.5646667480469,341.92542880814585
640,280.4824523925781,346.8646890960317
641,280.4824523925781,336.2462048290274
642,283.5646667480469,327.0838077701967
643,280.4824523925781,325.3755091774069
644,280.4824523925781,323.71538539607445
645,277.40014648437494,322.2843745193778
646,274.3179626464844,326.4374035185171
647,274.3179626464844,324.2016543140683
648,271.2357177734375,327.98595528416524
649,268.15350341796875,327.12110439842166
650,268.15350341796875,327.3800616693929
651,268.15350341796875,329.7055205667313
652,271.2357177734375,324.79847100322155
653,268.15350341796875,324.5180399159996
654,265.0712585449219,320.09023083391486
655,271.2357177734375,318.1734808208752
656,268.15350341796875,317.731042504801
657,261.98907470703125,315.985871109107
658,255.8246612548828,314.16970897218926
659,252.74237060546875,316.47330554673295
660,255.8246612548828,340.84495679047666
661,252.74237060546875,351.98575278712605
662,252.74237060546875,355.1532289810532
663,277.40014648437494,354.38112520299796
664,277.40014648437494,306.0468847875766
665,289.7290344238281,328.7239764426778
666,289.7290344238281,364.35373499997365
667,289.7290344238281,400.3236486959388
668,289.7290344238281,426.27152396689723
669,277.40014648437494,403.9898789954333
670,292.8112487792969,383.680805363628
671,286.6468200683594,373.4133544185253
672,305.1401672363281,396.9379377806081
673,302.05795288085943,407.6842053818151
674,311.3046569824218,416.62642518652217
675,308.222412109375,423.62625354628494
676,326.7156982421875,399.81993230224117
677,326.7156982421875,404.05361172803936
678,326.7156982421875,380.4936389516748
679,332.8801574707031,379.638377113813
680,332.8801574707031,377.06353233399676
681,339.0447082519531,379.44876826094765
682,332.8801574707031,373.767884299323
683,332.8801574707031,378.35116663656527
684,326.7156982421875,379.82920446447554
685,308.222412109375,376.64396292585405
686,314.3868408203125,365.7058084106827
687,314.3868408203125,361.7379557579294
688,308.222412109375,361.4451984176293
689,308.222412109375,368.2335202829552
690,295.8934936523437,364.63958751942334
691,286.6468200683594,356.5601171332445
692,298.9757385253906,350.41387296944896
693,283.5646667480469,338.2293188235393
694,268.15350341796875,338.3274343852903
695,292.8112487792969,331.2460549700621
696,289.7290344238281,331.6212110164691
697,295.8934936523437,336.71350756391826
698,295.8934631347656,339.9334498006752
699,285.5716247558593,352.19446909820135
700,289.01226806640625,351.0598533958078
701,289.01226806640625,344.26024718131725
702,302.7747802734375,336.34008213757096
703,302.7747802734375,328.8232928428375
704,292.4528503417969,337.3959369678606
705,285.5716247558593,347.2532839369838
706,278.6903991699219,357.7704562929433
707,285.5716247558593,363.629823692764
708,278.6903991699219,368.3038399674211
709,264.92791748046875,364.9804490336272
710,264.92791748046875,352.1851626005335
711,254.6060333251953,340.45987616780906
712,251.1654052734375,323.3489530875193
713,251.1654052734375,323.29738767349613
714,247.7247772216797,323.3933841086434
715,251.1654052734375,317.6349754321003
716,260.4369812011719,318.92940859918895
717,267.38201904296875,320.1816711468642
718,270.8544616699219,321.47119500398765
719,277.7994689941406,320.23712162632745
720,284.7444458007812,316.2135006251203
721,281.2719421386719,318.5743489367403
722,277.7994689941406,316.6098832563409
723,277.7994689941406,321.05796531626765
724,270.8544616699219,324.8112917191739
725,270.8544616699219,327.17680210932207
726,263.9094543457031,325.9316386357692
727,267.38201904296875,320.9607680427116
728,263.9094543457031,318.9336115336196
729,260.4369812011719,313.3395058064161
730,253.4919891357422,313.4024791853225
731,250.0194854736328,313.89888459223744
732,253.4919891357422,311.2461972285122
733,260.4369812011719,312.8388621462938
734,256.9645080566406,311.64257985973285
735,256.9645080566406,308.1852954433624
736,256.9645080566406,308.57256583018716
737,253.4919891357422,310.232513017636
738,250.0194854736328,312.8660222855978
739,250.0194854736328,313.6107540116887
740,250.0194854736328,310.60007552704644
741,250.0194854736328,306.9772166853742
742,236.1295928955078,305.75928398867876
743,232.6570281982422,299.78009763880766
744,225.71200561523438,300.75334185033006
745,218.76704406738287,301.3682770719448
746,222.23956298828125,299.56811434088496
747,218.76704406738287,296.97236084524565
748,229.18455505371094,290.81841718812336
749,243.074478149414,289.31027010305235
750,243.074478149414,282.5636773724308
751,243.074478149414,289.31217731699564
752,236.1295928955078,301.3787667486331
753,250.0194854736328,308.7204808671249
754,250.0194854736328,313.35794220786823
755,253.4919891357422,300.461750029662
756,250.0194854736328,302.01489323628476
757,253.4919891357422,303.27630334713257
758,267.38201904296875,309.28046007215056
759,284.7444458007812,304.85452288523237
760,270.8544616699219,317.39901068477917
761,277.7994689941406,345.418879651886
762,281.2719421386719,357.90622167068653
763,284.7444458007812,366.121475093997
764,284.7444458007812,334.7949209744888
765,291.689453125,319.8240685324911
766,291.689453125,328.8157699433944
767,288.2169494628906,326.21602542598475
768,281.2719421386719,339.11493714999904
769,277.7994689941406,339.4829234847302
770,281.2719421386719,337.6350450863106
771,277.7994689941406,337.53445721018863
772,277.7994689941406,325.5565532269157
773,284.7444458007812,323.3669656636507
774,284.7444458007812,320.4929002073931
775,284.7444458007812,322.5271557906075
776,281.2719421386719,326.59654992645443
777,284.7444458007812,327.9287035470888
778,281.2719421386719,329.5335887616184
779,281.2719421386719,326.74623090222855
780,288.2169494628906,326.56614045969144
781,295.161865234375,326.4192849860556
782,302.1068725585937,318.00882468376835
783,302.1068725585937,335.1727259291504
784,309.0518798828125,361.0189184419082
785,312.5243530273437,385.88054707520234
786,312.5243530273437,405.2237051416564
787,309.0518798828125,400.97455609165127
788,309.0518798828125,376.92649548029135
789,305.5793762207031,374.92240213240285
790,305.5793762207031,368.0005929504327
791,295.161865234375,352.55579784351926
792,288.2169494628906,361.7783427791181
793,298.6343994140625,342.0491504830248
794,295.161865234375,345.85252359255486
795,284.7444458007812,343.87965204329413
796,284.7444458007812,330.3692310190077
797,291.689453125,341.4148958905397
798,295.161865234375,340.63442156239984
799,295.161865234375,341.3836387731352
800,291.689453125,340.1304579372651
801,291.689453125,334.5796177115536
802,288.2169494628906,337.80058419283563
803,291.689453125,334.27612346312816
804,288.2169494628906,333.7585621089531
805,288.2169494628906,332.09363497398556
806,291.689453125,333.2699268329184
807,288.2169494628906,336.41898428478174
808,288.2169494628906,334.17726620706594
809,288.2169494628906,333.1804996902426
810,288.2169494628906,333.9298934948616
811,284.7444458007812,334.29201691265587
812,281.2719421386719,332.81731670914644
813,281.2719421386719,328.9524536093325
814,281.2719421386719,331.8964855622887
815,281.2719421386719,333.29330786311243
816,274.32696533203125,331.8521251787181
817,281.2719421386719,333.1827600919532
818,274.32696533203125,325.82833121383925
819,274.32696533203125,324.39149273898244
820,281.2719421386719,325.03828549720606
821,274.32696533203125,324.23488928296956
822,277.7994689941406,325.94834441716165
823,288.2169494628906,324.4066091754221
824,291.689453125,323.83712921945653
825,291.689453125,317.66835167610844
826,288.2169494628906,322.07825413839197
827,281.2719421386719,329.90747333206315
828,284.7444458007812,334.11079626926346
829,284.7444458007812,339.3241302645602
830,284.7444458007812,334.4151734871071
831,288.2169494628906,332.22774036922254
832,295.161865234375,331.5456288342707
833,298.6343994140625,330.10243297960284
834,291.689453125,322.6059873002648
835,298.6343994140625,328.5517267685743
836,312.5243530273437,337.65782569730027
837,309.0518798828125,338.8257470061485
838,309.0518798828125,368.76328427448993
839,315.99688720703125,369.2419419960989
840,322.94189453125,380.14747962096175
841,333.3593444824219,387.37786895520617
842,326.41439819335943,353.54030874481793
843,326.41439819335943,357.3901613645224
844,326.41439819335943,354.3045540950512
845,336.8318176269531,355.67647665828156
846,333.3593444824219,357.1797497521641
847,347.249267578125,345.9956352758576
848,354.1942749023437,361.5272615953573
849,354.1942749023437,373.07337587373956
850,354.1942749023437,381.10023894198173
851,368.0842895507813,385.39643260258885
852,361.1392517089844,374.8926637223977
853,361.1392517089844,377.6895046733391
854,361.1392517089844,372.8059774151303
855,368.0842895507813,380.2242449821805
856,375.02923583984375,379.5461421283873
857,402.8092041015625,388.5676525868492
858,416.6991882324219,392.8437851822747
859,409.7541198730469,426.5317880326073
860,402.8092041015625,441.59069018498843
861,402.8092041015625,455.88744845435156
862,430.5891418457031,471.669714472903
863,423.6441650390625,425.5514800657393
864,430.5891418457031,458.96735174138115
865,441.6801452636719,460.64317471896936
866,455.7017211914063,464.1741870817599
867,476.7342834472656,469.0022108823403
868,462.7126159667969,446.0937988990577
869,476.7342834472656,453.2319002697114
870,476.7342834472656,452.85511955957486
871,476.7342834472656,456.45295504793523
872,476.7342834472656,474.9204723423553
873,462.7126159667969,478.22429667384165
874,441.6801452636719,487.09125216534096
875,406.6261901855469,479.01508408478617
876,434.6694030761719,443.94184349239663
877,448.6910095214844,447.91366950753184
878,427.65863037109375,475.6457257630806
879,420.6478576660156,482.21855011219935
880,357.5506286621094,489.18586753798377
881,392.6046142578125,457.67404877514775
882,378.5829772949219,429.93973211788847
883,378.5829772949219,442.57670213429805
884,378.5829772949219,435.62171096159176
885,399.61541748046875,423.644689947737
886,406.6261901855469,400.8592402856337
887,399.61541748046875,401.6630956439676
888,385.5938415527344,403.5284391774793
889,392.6046142578125,410.57269855836614
890,399.61541748046875,419.3236495277016
891,392.6046142578125,415.5850863734678
892,385.5938415527344,416.88472906012385
893,364.5614013671875,409.823975810505
894,392.6046142578125,405.68588665392167
895,378.5829772949219,399.1600892560165
896,371.5722351074219,397.1311668080881
897,371.5722351074219,395.2201560962668
898,371.5722351074219,393.681705500763
899,385.5938415527344,395.46216035440847
900,392.6046142578125,393.04284180791484
901,385.5938415527344,394.26656678399365
902,385.5938415527344,394.78114370153526
903,392.6046142578125,397.4780501737241
904,392.6046142578125,398.16773758628415
905,385.5938415527344,401.04196197703703
906,371.5722351074219,401.9523917441483
907,364.5614013671875,400.61015461275804
908,364.5614013671875,397.6609837777879
909,385.5938415527344,391.7829857232431
910,399.61541748046875,390.274450131628
911,406.6261901855469,392.47443907463946
912,406.6261901855469,395.27942100361673
913,427.65863037109375,404.046512653917
914,434.6694030761719,408.12577838785944
915,434.6694030761719,421.0084434745788
916,427.65863037109375,430.37452391880106
917,434.6694030761719,433.63206299338515
918,420.6478576660156,437.4156575879474
919,399.61541748046875,434.47432752141094
920,378.5829772949219,430.04150317303083
921,392.6046142578125,420.95633061951634
922,385.5938415527344,414.4727744785781
923,399.61541748046875,407.79282827964266
924,413.6369323730469,406.31284791901237
925,413.6369323730469,409.5710757097427
926,420.6478576660156,412.9164879008265
927,420.6478576660156,413.34774782406623
928,441.6801452636719,417.4800623606545
929,427.65863037109375,420.51564058289017
930,448.6910095214844,434.54540655957646
931,462.7126159667969,445.95105806291065
932,469.7233581542969,452.1704297539219
933,455.7017211914063,457.4841397126802
934,455.7017211914063,454.46401345526317
935,455.7017211914063,458.64649831419376
936,462.7126159667969,458.0978917552746
937,504.7773132324219,456.5177120250664
938,476.7342834472656,447.467416763571
939,483.7450256347656,471.19148057661477
940,494.9882507324219,501.2185686033505
941,502.0594787597656,517.7867215525754
942,509.1307373046875,525.4272148627994
943,509.1307373046875,501.53357677298936
944,509.1307373046875,495.0100397767948
945,509.1307373046875,499.2616081630058
946,480.8458251953125,501.89696283705166
947,473.7744140625,499.23034221590717
948,480.8458251953125,492.66316004137076
949,473.7744140625,486.9235586134354
950,466.7032470703125,480.8190612437326
951,487.9169616699219,474.59739383223405
952,494.9882507324219,474.9116779669499
953,494.9882507324219,471.73009192171986
954,487.9169616699219,477.48631083410584
955,509.1307373046875,482.4156465457311
956,516.2020263671875,496.16710939149334
957,516.2020263671875,505.4762029894646
958,502.0594787597656,500.06423619384844
959,509.1307373046875,504.002270969349
960,487.9169616699219,504.99794260409385
961,487.9169616699219,503.606497587027
962,487.9169616699219,494.07156690096133
963,494.9882507324219,487.296418939355
964,487.9169616699219,490.34951527484793
965,494.9882507324219,490.65101401238826
966,502.0594787597656,490.49776584016456
967,494.9882507324219,491.2570135834908
968,509.1307373046875,489.77579706567496
969,502.0594787597656,494.3174562245431
970,523.2733154296875,494.5927307703627
971,516.2020263671875,501.2998017898254
972,523.2733154296875,506.49983826568393
973,523.2733154296875,503.9218854335156
974,523.2733154296875,507.21357776519585
975,509.1307373046875,517.0318886563402
976,537.4158325195312,521.66150922865
977,544.4871215820312,513.9304938936715
978,572.7721557617188,524.3820174733875
979,558.6295776367188,534.629910645877
980,551.558349609375,547.0511005958656
981,558.6295776367188,551.5899960604547
982,558.6295776367188,548.4951617605633
983,558.6295776367188,546.7336024524674
984,558.6295776367188,546.0982882966805
985,565.700927734375,549.6085773672257
986,572.7721557617188,553.3874304160123
987,572.7721557617188,563.4749057046023
988,579.8433837890625,565.1136263072375
989,586.9146728515625,566.9817423647224
990,586.9146728515625,560.7725159923264
991,586.9146728515625,569.1118795970597
992,586.9146728515625,576.2856750064443
993,586.9146728515625,580.6971933027631
994,586.9146728515625,582.5561264782987
995,593.9859619140625,576.3436419487495
996,615.19970703125,577.9542046566381
997,615.19970703125,584.0244957910796
998,636.4134521484375,587.5184146086114
999,650.55615234375,600.0644034561691
1000,629.34228515625,614.946245958541
1001,629.34228515625,624.3168913546554
1002,636.4134521484375,628.0771336155298
1003,643.4847412109375,628.6545426368708
1004,629.34228515625,629.1764691711071
1005,615.19970703125,626.4383997683533
1006,629.34228515625,623.226536701773
1007,622.27099609375,616.6245986435124
1008,650.55615234375,618.2824024226986
1009,671.7698364257812,622.1141983178007
1010,650.55615234375,631.3359816922763
1011,650.55615234375,639.9570249581745
1012,664.6986083984375,641.0911395754232
1013,685.9122314453125,648.2489739329341
1014,685.9122314453125,655.7719550507128
1015,707.1260375976562,657.109267420173
1016,685.9122314453125,671.8987071729298
1017,692.983642578125,682.0545949320423
1018,707.1260375976562,687.6636051830251
1019,742.482421875,692.255209507034
1020,721.2686157226562,699.362866092148
1021,721.2686157226562,704.7588776303771
1022,714.1973876953125,703.7152386819884
1023,728.3397827148438,712.6785128924726
1024,707.1260375976562,718.8177021306166
1025,671.7698364257812,716.136627300096
1026,657.6272583007812,695.8487184452451
1027,657.6272583007812,690.6605049298963
1028,657.6272583007812,683.1291466397624
1029,664.6986083984375,666.9218831585699
1030,657.6272583007812,660.8098077038354
1031,629.34228515625,649.3219550588016
1032,629.34228515625,646.7222152321671
1033,650.55615234375,641.8655844641125
1034,657.6272583007812,635.5090110524498
1035,650.55615234375,633.4461141487324
1036,657.6272583007812,633.2041176165732
1037,650.55615234375,635.6348430242382
1038,650.55615234375,638.6630294128038
1039,678.841064453125,640.8137373492337
1040,671.7698364257812,650.5307633702716
1041,700.0548095703125,658.1700326641396
1042,707.1260375976562,666.7186522950052
1043,692.983642578125,675.4778855174834
1044,657.6272583007812,681.4819451158654
1045,636.4134521484375,674.0139884448057
1046,636.4134521484375,660.027815772008
1047,629.34228515625,661.311717321361
1048,650.55615234375,653.8845052741044
1049,650.55615234375,648.5874183183556
1050,650.55615234375,640.3366504854052
1051,657.6272583007812,633.5809413714687
1052,650.55615234375,637.260160151105
1053,650.55615234375,639.3852238963509
1054,664.6986083984375,634.8592702800811
1055,657.6272583007812,644.4827490023955
1056,643.4847412109375,650.9426939892351
1057,629.34228515625,651.0431725978915
1058,643.4847412109375,645.1599868220868
1059,636.4134521484375,636.8568197208689
1060,636.4134521484375,631.3237658103754
1061,629.34228515625,625.815219819796
1062,636.4134521484375,623.924835273584
1063,622.27099609375,625.1559948521641
1064,615.19970703125,622.045757150772
1065,601.0571899414062,611.6072904813278
1066,593.9859619140625,610.5779291484314
1067,593.9859619140625,606.495511213666
1068,593.9859619140625,599.2515506394636
1069,586.9146728515625,593.7542845832018
1070,586.9146728515625,583.0403822260191
1071,608.12841796875,579.8950862238772
1072,593.9859619140625,582.1222088171102
1073,586.9146728515625,583.6026350772967
1074,586.9146728515625,583.3376294658108
1075,586.9146728515625,582.6015729142537
1076,579.8433837890625,581.7661160804422
1077,565.700927734375,577.4535300925861
1078,551.558349609375,572.284114996151
1079,551.558349609375,565.4612337077965
1080,544.4871215820312,550.2710251732342
1081,565.700927734375,539.3944136265117
1082,551.558349609375,547.1261265073305
1083,509.1307373046875,551.5033237823637
1084,551.558349609375,541.2875177185318
1085,558.6295776367188,532.7082248337896
1086,565.700927734375,535.8419627662471
1087,551.558349609375,549.1889461512238
1088,558.6295776367188,557.4240928755264
1089,558.6295776367188,557.8933293134431
1090,544.4871215820312,554.7897094678406
1091,530.3445434570312,543.217000150582
1092,523.2733154296875,541.1320709524568
1093,530.3445434570312,536.861792444274
1094,551.558349609375,529.6055585951586
1095,565.700927734375,530.4764843104995
1096,544.4871215820312,532.8449614778929
1097,530.3445434570312,537.5645654636119
1098,523.2733154296875,539.5232918427929
1099,516.2020263671875,535.87566570894
1100,523.2733154296875,529.683224585184
1101,523.2733154296875,521.8543320901975
1102,537.4158325195312,512.8753984170816
1103,586.9146728515625,517.3824363450618
1104,579.8433837890625,505.97115149683947
1105,565.700927734375,548.7147650845651
1106,579.8433837890625,575.0421450263151
1107,601.0571899414062,588.6298347043887
1108,601.0571899414062,601.6106241825531
1109,586.9146728515625,556.4214369526836
1110,593.9859619140625,567.2503858102114
1111,593.9859619140625,584.6651342524583
1112,579.8433837890625,607.2113455581225
1113,593.9859619140625,614.1985231735459
1114,593.9859619140625,598.3749650901522
1115,622.27099609375,573.039380547401
1116,615.19970703125,566.1433717318308
1117,615.19970703125,601.1464383297085
1118,608.12841796875,616.732351816463
1119,615.19970703125,633.2208719612836
1120,608.12841796875,623.7822070160378
1121,593.9859619140625,607.0930916713659
1122,593.9859619140625,605.432221780875
1123,593.9859619140625,596.1337812089344
1124,593.9859619140625,592.8134144453979
1125,593.9859619140625,581.9449041430875
1126,601.0571899414062,580.707660905216
1127,586.9146728515625,582.0275633251728
1128,593.9859619140625,590.8871813408067
1129,593.9859619140625,595.5086653499277
1130,593.9859619140625,591.9568899612681
1131,601.2438354492188,588.6839651445717
1132,594.0860595703125,583.8895295006598
1133,608.4014892578125,585.0601041326098
1134,601.2438354492188,587.504136993119
1135,608.4014892578125,589.1543803466618
1136,601.2438354492188,591.7475599864471
1137,586.9285278320312,591.8567082510785
1138,586.9285278320312,590.920756252934
1139,594.0860595703125,586.5242307773362
1140,586.9285278320312,583.7503293718798
1141,586.9285278320312,573.6698030526111
1142,622.716796875,572.903571021187
1143,658.505126953125,557.5990267766612
1144,629.8744506835938,576.0058973165918
1145,637.0321044921875,629.8706486905822
1146,622.716796875,658.9548721723407
1147,601.2438354492188,674.5932384573838
1148,615.55908203125,650.0585811256334
1149,608.4014892578125,612.9707961385791
1150,608.4014892578125,607.6220168419533
1151,608.4014892578125,600.501102471025
1152,601.2438354492188,598.6732630635515
1153,608.4014892578125,599.5427451238935
1154,615.55908203125,597.2011058119665
1155,615.55908203125,596.7573077229882
1156,622.716796875,593.5818362409792
1157,622.716796875,604.9789935785103
1158,608.4014892578125,611.0553705796668
1159,601.2438354492188,614.5309920634298
1160,586.9285278320312,612.2163892750882
1161,586.9285278320312,600.781100903232
1162,586.9285278320312,594.105154555761
1163,601.2438354492188,576.8867961715113
1164,608.4014892578125,582.0297310150945
1165,608.4014892578125,587.8178957610311
1166,608.4014892578125,592.4246739144918
1167,601.2438354492188,595.5549506068301
1168,608.4014892578125,593.3795435324214
1169,622.716796875,597.9586361797743
1170,622.716796875,601.7810107911841
1171,615.55908203125,604.5518880263833
1172,608.4014892578125,604.4533044908407
1173,608.4014892578125,605.554685224333
1174,644.1897583007812,605.2751371065292
1175,651.347412109375,608.9729181107597
1176,672.8204956054688,615.8236968178824
1177,715.766357421875,627.4560198154111
1178,715.766357421875,609.208794561139
1179,701.4511108398438,645.7136158214279
1180,701.4511108398438,678.9534760973168
1181,679.9780883789062,713.4075145183781
1182,665.6627807617188,723.8692849581923
1183,665.6627807617188,696.3438391316565
1184,672.8204956054688,682.0800730146046
1185,644.1897583007812,671.5217277946742
1186,629.8744506835938,668.9879852412754
1187,622.716796875,655.3860455405038
1188,608.4014892578125,642.4407914425029
1189,594.0860595703125,621.8237742241882
1190,629.8744506835938,609.2858557171129
1191,615.55908203125,599.2686934907181
1192,615.55908203125,605.7936608973702
1193,615.55908203125,608.9765824338452
1194,601.2438354492188,608.681295386162
1195,558.2978515625,609.5866282123068
1196,493.8788757324219,589.8110270435925
1197,529.6671142578125,572.3817625841102
1198,515.351806640625,556.6375260584009
1199,536.8247680664062,540.0302575639496
1200,558.2978515625,528.7346063907354
1201,551.14013671875,521.786449401326
1202,579.770751953125,521.7942636806771
1203,594.0860595703125,540.1953640154597
1204,601.2438354492188,536.501381987151
1205,601.2438354492188,568.168744642698
1206,644.1897583007812,615.3616278842179
1207,622.716796875,614.7122281587871
1208,615.2097778320312,659.9056072859696
1209,622.5337524414062,642.3276121465494
1210,637.1815795898438,625.9307011825795
1211,629.8576049804688,641.9282246600275
1212,629.8576049804688,619.8654694629043
1213,622.5337524414062,612.082100663697
1214,607.8858032226562,622.1481242102717
1215,615.2097778320312,617.160274115302
1216,622.5337524414062,602.3591879959191
1217,622.5337524414062,613.8535889629006
1218,629.8576049804688,602.460892828355
1219,651.8294067382812,618.525874617498
1220,651.8294067382812,633.1782477163315
1221,651.8294067382812,617.8801855710472
1222,659.1533203125,638.6804785440752
1223,651.8294067382812,629.1193366349022
1224,651.8294067382812,644.2994495178791
1225,651.8294067382812,658.9450491375633
1226,637.1815795898438,648.1903491784124
1227,637.1815795898438,653.5843221609973
1228,651.8294067382812,634.6166534619056
1229,651.8294067382812,637.1669914255195
1230,666.4771728515625,614.1662616784283
1231,666.4771728515625,642.5123660472544
1232,666.4771728515625,657.7131390349776
1233,673.8012084960938,672.1846435744742
1234,681.1251220703125,678.6847355251919
1235,703.0968627929688,649.297129269897
1236,695.7728881835938,671.7686214959692
1237,673.8012084960938,669.0408243386844
1238,644.5054931640625,684.4226394444207
1239,622.5337524414062,676.2438636951999
1240,644.5054931640625,653.6315532988889
1241,622.5337524414062,637.4016449632546
1242,659.1533203125,629.7066867881805
1243,659.1533203125,632.9157596713992
1244,659.1533203125,641.146830664053
1245,644.5054931640625,656.4639889545016
1246,629.8576049804688,660.9588595638991
1247,629.8576049804688,669.7470276942119
1248,622.5337524414062,646.7425152509475
1249,607.8858032226562,629.7954329406924
1250,607.8858032226562,618.7174171733892
1251,607.8858032226562,619.9816572012223
1252,593.2379760742188,626.7052309191113
1253,593.2379760742188,618.0218469770804
1254,578.5902099609375,600.2230818903147
1255,651.8294067382812,595.9169813128353
1256,688.4490966796875,581.0233357167656
1257,688.4490966796875,604.5922132397127
1258,659.1533203125,640.1370193777874
1259,681.1251220703125,676.3797526886617
1260,659.1533203125,725.5267686609644
1261,615.2097778320312,719.162033714634
1262,629.8576049804688,672.8395044657567
1263,622.5337524414062,645.7322290926916
1264,622.5337524414062,640.1456021164603
1265,615.2097778320312,633.71118929406
1266,615.2097778320312,632.1639023821034
1267,622.5337524414062,615.6376661985843
1268,622.5337524414062,611.3060875385427
1269,629.8576049804688,625.663095226157
1270,637.1815795898438,621.4683657888194
1271,637.1815795898438,638.9262067257381
1272,644.5054931640625,630.6016645904731
1273,637.1815795898438,624.3651941966783
1274,651.8294067382812,639.3000901924711
1275,659.1533203125,638.0693111185246
1276,659.1533203125,651.7726686866713
1277,637.1815795898438,645.3297330019617
1278,629.8576049804688,645.7270706197937
1279,622.5337524414062,646.8627508521921
1280,615.2097778320312,640.2328508080246
1281,622.5337524414062,633.3789897098486
1282,644.5054931640625,621.4836411597544
1283,651.8294067382812,620.9984737461097
1284,659.1533203125,623.5327681553948
1285,659.1533203125,632.9016972797026
1286,637.1815795898438,641.2101688197002
1287,629.8576049804688,641.4850096067933
1288,629.8576049804688,632.7699714870477
1289,622.5337524414062,628.558179769415
1290,629.8576049804688,621.1982698586376
1291,622.5337524414062,618.2465008861543
1292,607.8858032226562,620.7839607408038
1293,585.9141235351562,617.8828940797375
1294,549.29443359375,610.4293011136886
1295,563.9423217773438,599.80782578778
1296,549.29443359375,587.5400385296632
1297,541.970458984375,579.3380119882374
1298,468.7312927246094,568.0555921117551
1299,527.3226318359375,540.808383193437
1300,527.3226318359375,524.8597745661899
1301,541.970458984375,518.5587193743005
1302,512.6748657226562,524.6217436704302
1303,519.9987182617188,526.8017951639786
1304,512.6748657226562,531.7109461947036
1305,519.9987182617188,536.7805857468817
1306,519.9987182617188,534.7285913080556
1307,549.29443359375,531.2913502974784
1308,556.6183471679688,516.4201497840194
1309,556.6183471679688,523.0869220792351
1310,534.6466064453125,553.2704722868768
1311,534.6466064453125,565.4653571749795
1312,541.970458984375,572.6599641735512
1313,563.9423217773438,552.3510803801707
1314,578.5902099609375,534.0560776506796
1315,556.6183471679688,535.4032240920352
1316,563.9423217773438,554.0115220304939
1317,541.970458984375,565.4858597248702
1318,556.6183471679688,565.4810387118468
1319,549.29443359375,554.7064101329271
1320,549.29443359375,546.2694077699286
1321,549.29443359375,545.1494052114064
1322,556.6183471679688,551.8701799162395
1323,563.9423217773438,551.9833412768768
1324,556.6183471679688,551.9332680811704
1325,534.6466064453125,553.1901927073736
1326,527.3226318359375,542.3416419287618
1327,527.3226318359375,541.5895109189463
1328,534.6466064453125,530.6671085781958
1329,505.3508911132813,524.836155134253
1330,512.6748657226562,518.7392336421583
1331,519.9987182617188,516.6855880505202
1332,483.379150390625,517.8713453416162
1333,476.05517578125,512.7714111086996
1334,446.7594604492188,504.3216763266905
1335,461.40728759765625,492.307270387669
1336,461.40728759765625,481.86931804791084
1337,483.379150390625,473.69406313924515
1338,505.3508911132813,475.9541116620829
1339,527.3226318359375,476.68284398231594
1340,549.29443359375,478.18671749540283
1341,563.9423217773438,495.09580259638506
1342,549.29443359375,526.7315019685952
1343,534.6466064453125,543.9088596679107
1344,534.6466064453125,550.5884173603022
1345,519.9987182617188,538.77312985478
1346,505.3508911132813,536.0659102997865
1347,512.6748657226562,539.3254360555616
1348,498.0270080566406,533.020981431412
1349,483.379150390625,524.0699495919113
1350,490.7030029296875,516.4051128148274
1351,483.379150390625,508.15592687677525
1352,468.7312927246094,500.4447518646239
1353,483.379150390625,487.5872160875467
1354,490.7030029296875,478.93944892442266
1355,483.379150390625,468.257461496861
1356,490.7030029296875,473.99236552749153
1357,490.7030029296875,491.43585020945403
1358,490.7030029296875,496.61920739300274
1359,505.3508911132813,505.0667435811604
1360,490.7030029296875,498.8399814361187
1361,490.7030029296875,489.0333257412947
1362,490.7030029296875,493.1839530636165
1363,490.7030029296875,497.0237310022592
1364,498.0270080566406,492.82234176808475
1365,534.6466064453125,493.80658777855797
1366,519.9987182617188,497.17108093876925
1367,519.9987182617188,507.32085854950776
1368,512.6748657226562,519.190572289968
1369,512.6748657226562,520.7743545354025
1370,512.6748657226562,523.9438880480741
1371,563.9423217773438,513.8454815980867
1372,659.1533203125,504.3685884918798
1373,659.1533203125,536.6813841327463
1374,681.1251220703125,586.6426060723879
1375,644.5054931640625,631.7960253148377
1376,629.8576049804688,684.6897376934278
1377,616.0303344726562,698.0772052262291
1378,601.1862182617188,670.7125260565131
1379,623.452392578125,648.5629821397068
1380,667.9846801757812,605.7384708938853
1381,712.5170288085938,597.8940999449977
1382,712.5170288085938,612.2744820405355
1383,712.5170288085938,669.9104565038275
1384,712.5170288085938,716.5905530483011
1385,727.3611450195312,692.8179479914916
1386,727.3611450195312,693.671929523697
1387,727.3611450195312,696.5333861766626
1388,719.9390258789062,732.2473049640547
1389,727.3611450195312,747.0990536612308
1390,727.3611450195312,742.7917345859541
1391,727.3611450195312,724.3058603573297
1392,719.9390258789062,728.9029699956611
1393,727.3611450195312,726.9761806203364
1394,727.3611450195312,726.4733118772803
1395,727.3611450195312,719.7716004821862
1396,727.3611450195312,719.3726130911817
1397,712.5170288085938,723.0810051803956
1398,712.5170288085938,719.1759404829708
1399,712.5170288085938,716.6923682519143
1400,719.9390258789062,697.8969911679735
1401,734.7831420898438,705.8808536255491
1402,727.3611450195312,713.1741192120639
1403,712.5170288085938,696.7534707189974
1404,697.6729125976562,717.3964480659911
1405,675.4067993164062,717.9307152015587
1406,667.9846801757812,715.375251600472
1407,675.4067993164062,704.7638575778958
1408,682.8287963867188,678.8292334704812
1409,667.9846801757812,671.926386056767
1410,667.9846801757812,666.8535965111895
1411,667.9846801757812,664.4868941123267
1412,660.5626831054688,663.3439211043899
1413,660.5626831054688,660.2033743740062
1414,645.7185668945312,656.5967985921174
1415,653.140625,652.1260109736015
1416,645.7185668945312,648.4032242754474
1417,645.7185668945312,644.880283494815
1418,697.6729125976562,641.2156301235159
1419,697.6729125976562,645.2433286499036
1420,705.094970703125,656.1417801692573
1421,719.9390258789062,667.9634206397434
1422,719.9390258789062,682.6721878916059
1423,719.9390258789062,696.5669831630254
1424,712.5170288085938,704.249461669085
1425,712.5170288085938,706.6522731023052
1426,705.094970703125,707.6013725150868
1427,705.094970703125,704.9616648018092
1428,705.094970703125,702.1154482010019
1429,705.094970703125,699.0234835517196
1430,690.2508544921875,696.6253253673333
1431,697.6729125976562,692.3340012830676
1432,697.6729125976562,689.9381035003918
1433,690.2508544921875,687.9934958022078
1434,690.2508544921875,685.8466395439368
1435,690.2508544921875,683.0780889331547
1436,705.094970703125,682.0146317361744
1437,660.5626831054688,683.1618474121657
1438,682.8287963867188,678.0030434007138
1439,682.8287963867188,675.3729181130473
1440,690.2508544921875,673.1595433536557
1441,690.2508544921875,672.7382300809121
1442,660.5626831054688,671.2848337220404
1443,660.5626831054688,671.5180193231178
1444,653.140625,666.7056373257809
1445,660.5626831054688,661.1123836640659
1446,653.140625,655.282737014862
1447,660.5626831054688,648.978488784814
1448,645.7185668945312,648.0790718537713
1449,638.2964477539062,645.6753611713842
1450,630.8743896484375,641.2987721795017
1451,616.0303344726562,635.4460884442849
1452,616.0303344726562,628.0376803345008
1453,578.9200439453125,618.8431387740004
1454,616.0303344726562,606.5677160378397
1455,571.498046875,600.6092220762841
1456,534.3877563476562,593.276606957647
1457,497.2774658203125,581.9549744093022
1458,526.9656982421875,561.7611591905022
1459,512.1216430664062,546.89862943673
1460,564.075927734375,527.9205174168444
1461,571.498046875,520.1836921430943
1462,519.5436401367188,524.5822307889655
1463,556.6538696289062,531.2319970931867
1464,556.6538696289062,537.1055538115579
1465,534.3877563476562,543.2250440019818
1466,460.167236328125,542.3443614745698
1467,460.167236328125,527.2630937068257
1468,423.0570068359375,511.7532237537905
1469,423.0570068359375,489.30619861029675
1470,423.0570068359375,465.5952380634192
1471,400.7908020019531,446.15822034780996
1472,430.4789733886719,433.8389074092938
1473,393.3687744140625,428.522407267174
1474,356.2585144042969,426.31825070850863
1475,371.10260009765625,418.4608118122316
1476,356.2585144042969,409.79397250967435
1477,371.10260009765625,401.4152637876658
1478,348.8364562988281,391.2673315830113
1479,319.1482238769531,383.43864217099105
1480,322.8592834472656,378.7494741411176
1481,293.1710510253906,370.84447851197604
1482,285.7490234375,361.6748234445277
1483,296.8821105957031,349.15551793278814
1484,326.5703125,340.6859516576463
1485,348.8364562988281,339.64387115028063
1486,385.94671630859375,343.64375793352644
1487,378.524658203125,356.8544638184973
1488,408.2128601074219,372.7818370312366
1489,385.94671630859375,389.337743194631
1490,371.10260009765625,398.3090480119737
1491,371.10260009765625,401.98052314981237
1492,356.2585144042969,400.2336034746703
1493,356.2585144042969,395.71108709278883
1494,345.1254272460937,388.6019647784407
1495,371.10260009765625,383.20550292580816
1496,356.2585144042969,381.24894865139584
1497,333.9923400878906,378.47868507994247
1498,356.2585144042969,375.81851013555087
1499,326.5703125,374.4433382448615
1500,300.5931091308594,372.29394344951316
1501,296.8821105957031,364.42258895520524
1502,296.8821105957031,356.4519004013493
1503,300.5931091308594,350.3660690051473
1504,308.0151672363281,344.4658377806521
1505,311.7261962890625,339.71602741113634
1506,308.0151672363281,341.1087880526363
1507,293.1710510253906,341.6708863842657
1508,296.8821105957031,341.45120359301626
1509,296.8821105957031,339.96117504040683
1510,300.5931091308594,338.0530781276656
1511,300.5931091308594,336.64248150391785
1512,308.0151672363281,335.90290631922926
1513,308.0151672363281,337.6785931380164
1514,308.0151672363281,339.539610121379
1515,311.7261962890625,341.03878623716105
1516,304.3041381835937,342.7275888651968
1517,315.43719482421875,343.9154299641198
1518,319.1482238769531,345.250338449339
1519,359.9695129394531,346.424405225338
1520,337.7033996582032,351.74205322770143
1521,326.5703125,355.48128743869313
1522,319.1482238769531,358.8126780754159
1523,367.3915710449219,359.202826942544
1524,367.3915710449219,363.32594093779454
1525,367.3915710449219,365.2274685580643
1526,359.9695129394531,369.15696501929085
1527,356.2585144042969,374.7005119176079
1528,345.1254272460937,380.5179559294522
1529,348.8364562988281,380.9123960279528
1530,333.9923400878906,378.19625848183534
1531,326.5703125,373.87020279550455
1532,326.5703125,368.5139690295655
1533,308.0151672363281,363.4158095651795
1534,300.5931091308594,358.3158665025686
1535,293.1710510253906,351.9219847357433
1536,296.8821105957031,346.12709176283994
1537,296.8821105957031,341.47108806431424
1538,296.8821105957031,337.1261721512106
1539,296.8821105957031,335.1559495102045
1540,311.7261962890625,334.33567092069194
1541,311.7261962890625,336.09412217643575
1542,308.0151672363281,338.12781265922246
1543,315.43719482421875,340.5144083590774
1544,296.8821105957031,343.1555818015892
1545,304.3041381835937,343.9267319726728
1546,311.7261962890625,343.0041348869787
1547,308.0151672363281,342.4290392455133
1548,311.7261962890625,341.7765601642365
1549,311.7261962890625,341.6226762540317
1550,311.7261962890625,343.0269508167451
1551,311.7261962890625,343.84461581677976
1552,304.3041381835937,343.9276855796445
1553,315.43719482421875,343.67791119062264
1554,308.0151672363281,344.04180054725333
1555,308.0151672363281,343.9581303651842
1556,315.43719482421875,343.6792533041383
1557,322.8592834472656,344.15019387303215
1558,315.43719482421875,346.20609986638095
1559,304.3041381835937,347.14065235799757
1560,308.0151672363281,347.07248711891214
1561,296.8821105957031,346.6145615192426
1562,300.5931091308594,344.6774678908075
1563,293.1710510253906,341.7383099290399
1564,293.1710510253906,338.8569334859995
1565,289.4600219726562,336.9844025814236
1566,300.5931091308594,335.1222553972058
1567,296.8821105957031,334.6253555274167
1568,296.8821105957031,333.8724298451248
1569,296.8821105957031,334.2092650187817
1570,296.8821105957031,334.7332543903213
1571,293.1710510253906,335.3493198127914
1572,293.1710510253906,335.2770929143822
1573,293.1710510253906,334.87106825711476
1574,293.1710510253906,334.4649023247404
1575,293.1710510253906,334.0965981210187
1576,293.1710510253906,333.36783048200897
1577,293.1710510253906,333.3740112679364
1578,293.1710510253906,333.2982524918544
1579,296.8821105957031,333.3542680717453
1580,322.8592834472656,333.4517832142919
1581,363.6805725097656,335.3522159524831
1582,356.2585144042969,340.5885777902066
1583,348.8364562988281,353.2087537282819
1584,356.2585144042969,363.6714998493033
1585,378.524658203125,372.1165372340074
1586,467.5892639160156,380.1824981880877
1587,423.0570068359375,389.8499714135201
1588,408.2128601074219,401.59632549656294
1589,408.2128601074219,417.3385930004697
1590,408.2128601074219,426.9079859829278
1591,423.0570068359375,431.0084783016839
1592,445.3230895996094,428.92184497258165
1593,437.901123046875,425.79058818418923
1594,437.901123046875,431.8875803138373
1595,452.74517822265625,437.35379675050797
1596,489.85546875,442.86718141349917
1597,489.85546875,449.3182442798475
1598,482.4334106445313,460.75268058621515
1599,452.74517822265625,470.6994370386258
1600,445.3230895996094,475.6842762078794
1601,437.901123046875,473.9850545407088
1602,534.3877563476562,465.745289886349
1603,519.5436401367188,465.87462724672764
1604,571.498046875,473.1788151649457
1605,556.6538696289062,492.5492393270339
1606,541.809814453125,519.7301637311274
1607,549.2318725585938,540.6533337636001
1608,541.809814453125,549.469394897834
1609,549.2318725585938,548.0652351211451
1610,556.6538696289062,543.8810726203199
1611,556.6538696289062,542.5085761269677
1612,541.809814453125,541.7307771961649
1613,541.809814453125,543.7624280195956
1614,534.3877563476562,543.8323768569059
1615,519.5436401367188,541.8663748097186
1616,526.9656982421875,535.5354487624114
1617,519.5436401367188,525.7856651278139
1618,519.5436401367188,522.6182684011344
1619,529.1823120117188,518.840828103417
1620,521.6226196289062,517.9805951477307
1621,514.0628662109375,518.1181264643103
1622,521.6226196289062,516.3350403617985
1623,514.0628662109375,515.8862446659133
1624,521.6226196289062,515.3013215748233
1625,536.7420654296875,514.0839628082498
1626,529.1823120117188,516.010487292749
1627,521.6226196289062,518.7293797034512
1628,521.6226196289062,519.7046900634122
1629,544.3018188476562,520.1982964572713
1630,536.7420654296875,523.0354449621537
1631,536.7420654296875,524.2647414752615
1632,529.1823120117188,525.3812209858052
1633,521.6226196289062,526.6694733669664
1634,521.6226196289062,526.2654265611957
1635,521.6226196289062,523.1229560611921
1636,506.5030517578125,520.2067464746036
1637,514.0628662109375,515.3699282986179
1638,498.943359375,511.57362777412754
1639,498.943359375,507.7270951194356
1640,491.3836059570313,503.49388366742903
1641,453.5848083496094,499.2979158654824
1642,468.704345703125,492.8243549383583
1643,468.704345703125,485.1204997426839
1644,476.2640686035156,478.8596108296286
1645,468.704345703125,474.2202599343303
1646,468.704345703125,470.48069019495966
1647,476.2640686035156,470.04605732854236
1648,476.2640686035156,471.10210641210404
1649,491.3836059570313,472.3808227235487
1650,483.8238220214844,475.10365317785613
1651,483.8238220214844,477.96802362990184
1652,483.8238220214844,480.4261928307965
1653,483.8238220214844,481.2951053758637
1654,476.2640686035156,481.81969516660774
1655,468.704345703125,480.3108240466138
1656,476.2640686035156,477.8190490296622
1657,483.8238220214844,476.2224637276638
1658,483.8238220214844,476.0948040091797
1659,491.3836059570313,476.71450726565274
1660,491.3836059570313,477.96929510586403
1661,514.0628662109375,480.649954940758
1662,498.943359375,485.93629284755195
1663,498.943359375,489.7282226734221
1664,491.3836059570313,492.3896161156108
1665,498.943359375,495.24738195640833
1666,506.5030517578125,495.6229000202768
1667,514.0628662109375,495.53328745402314
1668,529.1823120117188,497.33143701480947
1669,529.1823120117188,502.6234347555741
1670,506.5030517578125,509.5515924876612
1671,521.6226196289062,513.5435855243082
1672,521.6226196289062,516.1742692901317
1673,521.6226196289062,518.4993573403145
1674,521.6226196289062,517.7686736576673
1675,529.1823120117188,516.6296342784885
1676,529.1823120117188,516.7999237604836
1677,529.1823120117188,518.4794463799341
1678,529.1823120117188,519.3224967507421
1679,536.7420654296875,520.9900727939643
1680,514.0628662109375,523.3837852273299
1681,514.0628662109375,521.6279387313698
1682,529.1823120117188,519.2418551537774
1683,521.6226196289062,518.1935673714017
1684,514.0628662109375,516.6970136747917
1685,521.6226196289062,514.0883953147292
1686,521.6226196289062,514.2568570500285
1687,506.5030517578125,514.340836271394
1688,536.7420654296875,511.4625237322348
1689,521.6226196289062,511.9157695939879
1690,521.6226196289062,512.9981576552946
1691,514.0628662109375,513.2402678697664
1692,521.6226196289062,512.4131462672628
1693,521.6226196289062,513.2375041754874
1694,529.1823120117188,512.2675446102007
1695,521.6226196289062,512.7816358945623
1696,536.7420654296875,513.8152222361249
1697,529.1823120117188,518.2692113614594
1698,529.1823120117188,520.5561551327758
1699,529.1823120117188,522.4472725436049
1700,529.1823120117188,522.8502068079085
1701,529.1823120117188,523.3187810187617
1702,521.6226196289062,522.0192707775183
1703,529.1823120117188,520.9089102450428
1704,521.6226196289062,520.2083358195564
1705,529.1823120117188,518.6844277303703
1706,521.6226196289062,517.9791205888023
1707,529.1823120117188,517.5596747963781
1708,529.1823120117188,518.0445927711622
1709,529.1823120117188,518.7439575285457
1710,544.3018188476562,519.9396570552907
1711,559.4213256835938,522.7448950453993
1712,544.3018188476562,530.2760325931786
1713,544.3018188476562,534.9151009382631
1714,536.7420654296875,537.4137101385115
1715,536.7420654296875,537.6763229028741
1716,529.1823120117188,535.9562366683513
1717,536.7420654296875,530.3665016397679
1718,529.1823120117188,528.3959611297712
1719,529.1823120117188,526.4500201477656
1720,536.7420654296875,525.0358121790974
1721,529.1823120117188,524.7881304275968
1722,544.3018188476562,525.1268904745853
1723,529.1823120117188,526.2938758358503
1724,536.7420654296875,526.8775362806722
1725,536.7420654296875,528.3507619252532
1726,529.1823120117188,528.7398335696911
1727,514.0628662109375,528.2247268704987
1728,506.5030517578125,524.011638291533
1729,514.0628662109375,521.0667763473238
1730,498.943359375,516.1706579452114
1731,506.5030517578125,509.5322907761792
1732,514.0628662109375,505.51080656096406
1733,514.0628662109375,504.38804030816283
1734,521.6226196289062,503.29818232557807
1735,514.0628662109375,504.8175431222603
1736,506.5030517578125,507.5006046339718
1737,506.5030517578125,508.1529777589185
1738,514.0628662109375,507.15676751282854
1739,514.0628662109375,507.0957013478655
1740,514.0628662109375,505.9816764923045
1741,514.0628662109375,505.9485651391218
1742,529.1823120117188,506.50508310402813
1743,514.0628662109375,509.71548927106835
1744,521.6226196289062,510.2657204937171
1745,529.1823120117188,511.8802124155168
1746,536.7420654296875,514.6633496810875
1747,566.9810180664062,518.5244248420973
1748,551.861572265625,523.6812664540174
1749,551.861572265625,532.7414333136082
1750,536.7420654296875,539.2647054189774
1751,544.3018188476562,540.3308821617659
1752,536.7420654296875,540.1208502262574
1753,544.3018188476562,535.5158998194923
1754,536.7420654296875,533.7541021096536
1755,544.3018188476562,532.1122469655837
1756,544.3018188476562,532.3348523856074
1757,544.3018188476562,532.6482800399876
1758,551.861572265625,533.3759174781421
1759,536.7420654296875,535.3773265989993
1760,529.1823120117188,535.1853425583989
1761,536.7420654296875,533.646697709623
1762,536.7420654296875,531.2881892669612
1763,521.6226196289062,529.4415823445038
1764,551.861572265625,525.3912338590076
1765,536.7420654296875,526.142490729099
1766,551.861572265625,527.1195228794255
1767,536.7420654296875,529.3575236558906
1768,536.7420654296875,530.1340775998137
1769,536.7420654296875,531.8934206546699
1770,551.861572265625,530.5535498813204
1771,551.861572265625,533.3721560284205
1772,551.861572265625,535.3497338046803
1773,551.861572265625,538.2234372434765
1774,544.3018188476562,541.1917685148217
1775,544.3018188476562,541.7379910563117
1776,544.3018188476562,540.1140778508197
1777,551.861572265625,538.8536566657203
1778,544.3018188476562,538.5368119196917
1779,551.861572265625,537.6402800912228
1780,559.4213256835938,538.6526575073601
1781,559.4213256835938,540.7722874036208
1782,559.4213256835938,543.7299965528649
1783,551.861572265625,545.6629137359519
1784,559.4213256835938,546.799736861891
1785,551.861572265625,548.271117100388
1786,544.3018188476562,546.7721793863487
1787,551.861572265625,544.4363897468173
1788,559.4213256835938,542.7681779656141
1789,551.861572265625,543.8584509438253
1790,559.4213256835938,543.3294727950729
1791,559.4213256835938,544.5907416308138
1792,566.9810180664062,546.4880928057355
1793,551.861572265625,549.5947235770541
1794,559.4213256835938,548.7279743070615
1795,559.4213256835938,550.1043735252421
1796,559.4213256835938,550.393634306646
1797,566.9810180664062,550.5450635618682
1798,559.4213256835938,551.296920851164
1799,559.4213256835938,552.2491503905333
1800,566.9810180664062,552.35637819668
1801,566.9810180664062,552.89774440637
1802,559.4213256835938,553.3984145555747
1803,566.9810180664062,553.3662568093638
1804,566.9810180664062,554.3422823745535
1805,566.9810180664062,556.055419639755
1806,566.9810180664062,556.2735395751342
1807,574.540771484375,556.5937484346463
1808,566.9810180664062,558.5405900454584
1809,604.7798461914062,559.4016265033152
1810,619.8992919921875,565.442585393684
1811,619.8992919921875,575.8247075771291
1812,612.3395385742188,586.4687229048608
1813,612.3395385742188,594.8661196746057
1814,619.8992919921875,602.742542413374
1815,619.8992919921875,605.7992368492461
1816,612.3395385742188,605.8110686394501
1817,612.3395385742188,606.0016399289813
1818,619.8992919921875,606.5149983487257
1819,635.018798828125,607.3615938417479
1820,627.4590454101562,609.3529878819791
1821,604.7798461914062,612.3100392190066
1822,627.4590454101562,611.2343352361958
1823,635.018798828125,613.6507951691979
1824,695.4967651367188,616.5216951800912
1825,665.2578125,627.2047278227017
1826,680.3772583007812,639.9116080465094
1827,665.2578125,654.975879756665
1828,672.8175659179688,663.4094175684088
1829,672.8175659179688,668.0900340394669
1830,672.8175659179688,665.3130444484704
1831,687.9370727539062,665.2313830218276
1832,703.0565185546875,667.1876260495201
1833,718.176025390625,675.6836107696546
1834,703.0565185546875,686.4343263293058
1835,703.0565185546875,693.8885175071356
1836,710.6162719726562,699.3547030398767
1837,695.4967651367188,702.2083189244087
1838,710.6162719726562,698.6518726275267
1839,703.0565185546875,697.1270550798399
1840,695.4967651367188,697.0113905009022
1841,680.3772583007812,695.9271482038172
1842,695.4967651367188,689.904259282592
1843,687.9370727539062,688.671938599227
1844,710.6162719726562,686.1940394466826
1845,703.0565185546875,686.8683896804483
1846,718.176025390625,689.415076565518
1847,778.6539916992188,695.1471241900806
1848,763.5345458984375,709.9053708407158
1849,763.5345458984375,726.4557231264696
1850,801.333251953125,740.5373017486162
1851,771.09423828125,759.7073006824661
1852,771.09423828125,772.637866860123
1853,755.9747314453125,773.4226147602469
1854,748.4149780273438,771.2466867338816
1855,733.2954711914062,765.4592901713388
1856,778.6539916992188,751.3250954015614
1857,786.2137451171875,747.2749058505605
1858,793.7734375,750.6472309495111
1859,771.09423828125,759.4042920672206
1860,771.09423828125,766.2158978361045
1861,778.6539916992188,773.9599457996957
1862,755.9747314453125,775.852140433215
1863,748.4149780273438,769.9375168072031
1864,733.2954711914062,762.6838435694006
1865,748.4149780273438,754.0998003091884
1866,748.4149780273438,746.8596894816494
1867,755.9747314453125,740.2182848978188
1868,755.9747314453125,739.5203858696694
1869,793.7734375,741.0443999151856
1870,786.2137451171875,752.2256712299655
1871,771.09423828125,762.6091885050913
1872,831.5722045898438,770.5744997751905
1873,801.333251953125,783.1221750943369
1874,786.2137451171875,792.4533870762342
1875,786.2137451171875,793.8289474734676
1876,786.2137451171875,792.4577666045485
1877,778.6539916992188,791.8427077672152
1878,771.09423828125,783.3449571082442
1879,763.5345458984375,776.4282250004287
1880,748.4149780273438,771.7189429272087
1881,771.09423828125,764.6805552929528
1882,771.09423828125,761.4702815713252
1883,763.5345458984375,760.157438491867
1884,755.9747314453125,759.4704353063383
1885,763.5345458984375,758.1798342265247
1886,771.09423828125,759.5627762480942
1887,755.9747314453125,759.2481565849994
1888,771.09423828125,757.414838352286
1889,771.09423828125,757.9395164399718
1890,771.09423828125,760.3427826024424
1891,808.8930053710938,761.5833193162439
1892,786.2137451171875,769.1390122435434
1893,778.6539916992188,775.7646116747884
1894,763.5345458984375,779.5345290730627
1895,763.5345458984375,779.1228622412129
1896,763.5345458984375,776.5778000198727
1897,763.5345458984375,768.554256916643
1898,778.6539916992188,763.5790597734361
1899,778.6539916992188,762.142495019099
1900,763.5345458984375,764.2807732294721
1901,763.5345458984375,765.1362999581594
1902,748.4149780273438,764.9252172890433
1903,763.5345458984375,761.5682205391926
1904,755.9747314453125,757.539292891782
1905,755.9747314453125,753.2169280176192
1906,763.5345458984375,751.5587467690068
1907,771.09423828125,752.589304525465
1908,763.5345458984375,756.4261156868624
1909,786.2137451171875,757.4599580895563
1910,816.4526977539062,762.8369592962115
1911,808.8930053710938,774.5204901051491
1912,816.4526977539062,784.3386950399631
1913,839.1319580078125,795.6267261870983
1914,831.5722045898438,809.230335803782
1915,831.5722045898438,819.3605556419074
1916,854.2513427734375,823.2720748457792
1917,907.1696166992188,832.3315176704473
1918,967.6476440429688,850.1094535086374
1919,997.88671875,877.8517168906606
1920,967.6476440429688,911.4323506597395
1921,922.2891845703124,940.0558351805197
1922,907.1696166992188,953.2630091878177
1923,922.2891845703124,949.8303419588269
1924,899.6099243164062,938.6923714643158
1925,899.6099243164062,922.879148537962
1926,907.1696166992188,909.8554908945438
1927,899.6099243164062,905.4576497945129
1928,899.6099243164062,904.615191013215
1929,944.968505859375,901.3383325677606
1930,944.968505859375,908.8499829804801
1931,944.968505859375,919.5335950717713
1932,929.848876953125,929.6471797660577
1933,937.40869140625,936.942944156026
1934,944.968505859375,940.9475989741302
1935,929.848876953125,938.9973137825871
1936,899.6099243164062,936.3543567418506
1937,884.490478515625,928.2133963653878
1938,876.9306030273438,917.1708572055963
1939,869.3710327148438,903.8414978902069
1940,922.2891845703124,890.2612516443289
1941,899.6099243164062,886.2329155864285
1942,899.6099243164062,887.84371669606
1943,899.6099243164062,892.4791825259183
1944,892.05029296875,897.6155745661126
1945,884.490478515625,900.7474494330977
1946,892.05029296875,896.0189716047258
1947,914.7295532226562,892.3646613923771
1948,960.0880126953124,892.9379557762293
1949,990.3269653320312,903.2248143891442
1950,997.88671875,924.9247237891178
1951,982.7672119140624,950.073723649261
1952,982.7672119140624,970.5306063616738
1953,982.7672119140624,983.0756239428715
1954,982.7672119140624,987.0969139048146
1955,982.7672119140624,984.8895963156322
1956,975.207275390625,981.5427183953141
1957,960.0880126953124,978.9920669775565
1958,960.0880126953124,974.527067223577
1959,944.968505859375,970.0803625959427
1960,975.207275390625,963.3392089569372
1961,967.6476440429688,960.3529004282375
1962,997.88671875,960.0435079440983
1963,1050.8048095703125,966.2992403157514
1964,1043.2452392578125,983.1218915403855
1965,1035.6854248046875,1004.5231630237338
1966,1043.2452392578125,1018.1803688841026
1967,1035.6854248046875,1031.1343072622594
1968,1035.6854248046875,1036.9439281650584
1969,1020.5658569335938,1032.8407339598825
1970,1013.006103515625,1027.7431042771475
1971,1028.125732421875,1024.7707466652553
1972,1028.125732421875,1022.0253475126185
1973,1035.6854248046875,1020.9829138174856
1974,1065.92431640625,1023.0369479156677
1975,1081.0439453125,1029.1588574422976
1976,1081.0439453125,1040.2009904361566
1977,1073.484130859375,1051.730416592535
1978,1111.2828369140625,1060.8699624028225
1979,1133.9620361328125,1072.0044539978257
1980,1224.6790771484375,1085.5601890126545
1981,1270.03759765625,1109.6800173783263
1982,1179.320556640625,1140.4943079601685
1983,1164.201171875,1161.3277241512808
1984,1118.8426513671875,1169.5885387965707
1985,1111.2828369140625,1162.8144680576547
1986,1126.4024658203125,1143.0324918497408
1987,1149.08154296875,1122.584580106617
1988,1179.320556640625,1115.8985590780844
1989,1209.5596923828125,1118.6124538818794
1990,1270.03759765625,1132.5364224628765
1991,1292.7169189453125,1157.3978038647335
1992,1247.3583984375,1181.8603656397756
1993,1254.9180908203125,1198.2017632127113
1994,1262.477783203125,1208.754060092127
1995,1360.7545166015625,1215.6014172927541
1996,1481.7105712890625,1228.636694813716
1997,1496.8299560546875,1257.4307160479284
1998,1795.4400634765625,1291.0972097632334
1999,1946.6348876953125,1354.7397382135139
2000,1833.2386474609375,1423.3102249431272
2001,1568.6475830078125,1468.5279365000517
2002,1644.2451171875,1476.9793665833436
2003,1644.2451171875,1483.9374481490136
2004,1530.8487548828125,1470.3987721033445
2005,1625.3455810546875,1440.1389156785817
2006,1511.949462890625,1422.4786090262846
2007,1549.748291015625,1411.2108596866858
2008,1504.3897705078125,1402.9410387533303
2009,1516.121826171875,1393.2880638857448
2010,1508.42578125,1388.3396207159096
2011,1477.6416015625,1378.4200597215797
2012,1523.81787109375,1372.9339234948343
2013,1469.9454345703125,1370.7849878435836
2014,1346.8087158203125,1365.9963268196666
2015,1277.5443115234375,1349.4265933551833
2016,1354.5047607421875,1320.1162469239812
2017,1339.1126708984375,1287.4011704161803
2018,1292.9364013671875,1270.175991093175
2019,1192.8876953125,1255.60657186747
2020,1162.1036376953125,1237.2099393579435
2021,1200.5838623046875,1219.6156434993516
2022,1185.191650390625,1197.3729727980071
2023,1154.4073486328125,1175.7053624193516
2024,1115.9273681640625,1157.816013499972
2025,1131.3192138671875,1143.8878066657678
2026,1139.0152587890625,1134.7594215889264
2027,1108.2310791015625,1126.002413449382
2028,1131.3192138671875,1115.4900974252228
2029,1131.3192138671875,1109.706683054756
2030,1169.799560546875,1109.9580821075074
2031,1208.2799072265625,1115.5130193113193
2032,1354.5047607421875,1126.3197879770617
2033,1446.8572998046875,1149.059499823302
2034,1431.46533203125,1201.2113468152752
2035,1431.46533203125,1246.43110686125
2036,1423.76904296875,1286.9893534795297
2037,1439.161376953125,1314.8851122652136
2038,1423.76904296875,1326.5776758512993
2039,1369.8968505859375,1326.7795579790777
2040,1408.3770751953125,1320.0545803398138
2041,1523.81787109375,1314.7744938565006
2042,1539.2099609375,1321.1688171080352
2043,1577.690185546875,1334.6473805957128
2044,1523.81787109375,1353.5236420932083
2045,1454.553466796875,1370.6191308680677
2046,1423.76904296875,1375.5295710341434
2047,1416.0731201171875,1365.1201386065934
2048,1377.5928955078125,1352.6571312249584
2049,1369.8968505859375,1332.5083342019457
2050,1362.2008056640625,1314.8964142737664
2051,1354.5047607421875,1302.0795127493152
2052,1316.0245361328125,1292.6131622979615
2053,1346.8087158203125,1280.5024243954138
2054,1331.41650390625,1275.147815293204
2055,1323.720458984375,1270.2139940969346
2056,1346.8087158203125,1265.9176061830553
2057,1346.8087158203125,1265.034707402404
2058,1339.1126708984375,1267.5292019651633
2059,1346.8087158203125,1267.333677217196
2060,1354.5047607421875,1268.6675967766669
2061,1339.1126708984375,1271.423450287215
2062,1339.1126708984375,1272.5205221299466
2063,1308.328369140625,1272.6911824590973
2064,1300.63232421875,1268.0814463580855
2065,1269.8482666015625,1262.0475865418393
2066,1277.5443115234375,1249.988908516189
2067,1285.2403564453125,1240.7635733972284
2068,1285.2403564453125,1234.0014050860698
2069,1285.2403564453125,1230.2780996433826
2070,1346.8087158203125,1228.0991077131362
2071,1323.720458984375,1234.3695680146848
2072,1323.720458984375,1242.4896726534894
2073,1339.1126708984375,1249.803061113045
2074,1346.8087158203125,1257.1843322614723
2075,1431.46533203125,1263.6114313378107
2076,1400.68115234375,1271.5491144948141
2077,1392.9849853515625,1285.2650201621052
2078,1385.288818359375,1296.056672391408
2079,1400.68115234375,1302.1837031406633
2080,1392.9849853515625,1306.5363891846473
2081,1385.288818359375,1303.954515968262
2082,1369.8968505859375,1301.4080321661586
2083,1369.8968505859375,1298.7507886802355
2084,1377.5928955078125,1295.9396966028842
2085,1362.2008056640625,1292.8442177353174
2086,1377.5928955078125,1289.2089266842368
2087,1369.8968505859375,1287.956240311241
2088,1354.5047607421875,1288.0453849037028
2089,1369.8968505859375,1286.187405335139
2090,1369.8968505859375,1285.008252655291
2091,1385.288818359375,1285.031774960592
2092,1400.68115234375,1286.2368516225583
2093,1392.9849853515625,1289.9866461477918
2094,1392.9849853515625,1295.2600927010799
2095,1362.2008056640625,1298.7803858151337
2096,1377.5928955078125,1298.2360528281984
2097,1362.2008056640625,1296.8387007457238
2098,1346.8087158203125,1292.4168605369061
2099,1323.720458984375,1286.9373642401856
2100,1316.0245361328125,1278.2930229984042
2101,1316.0245361328125,1271.6124763802645
2102,1331.41650390625,1263.9294416034713
2103,1346.8087158203125,1259.3124298344537
2104,1323.720458984375,1259.7051039941177
2105,1316.0245361328125,1260.0217015087094
2106,1323.720458984375,1259.9044431699717
2107,1331.41650390625,1260.559747753387
2108,1339.1126708984375,1260.2026749206648
2109,1339.1126708984375,1260.111552476706
2110,1316.0245361328125,1262.3005396207666
2111,1316.0245361328125,1262.4534699239998
2112,1316.0245361328125,1261.0272977197149
2113,1323.720458984375,1258.641726264385
2114,1331.41650390625,1256.1831155787813
2115,1323.720458984375,1256.2815843282995
2116,1331.41650390625,1257.3315409228755
2117,1331.41650390625,1258.7883698253604
2118,1339.1126708984375,1260.0491088794506
2119,1316.0245361328125,1261.337961679816
2120,1331.41650390625,1259.8164994159185
2121,1323.720458984375,1260.1540056463332
2122,1331.41650390625,1259.252599826676
2123,1323.720458984375,1258.9224399018208
2124,1323.720458984375,1257.1354510744804
2125,1323.720458984375,1257.8411908710636
2126,1323.720458984375,1257.84867845173
2127,1323.720458984375,1258.4746684504607
2128,1316.0245361328125,1257.4374266155069
2129,1292.9364013671875,1255.9772777480093
2130,1308.328369140625,1250.9860282207796
2131,1308.328369140625,1248.2890864298138
2132,1292.9364013671875,1245.4436645014828
2133,1292.9364013671875,1242.3086286039807
2134,1292.9364013671875,1239.9880436978306
2135,1300.63232421875,1240.1477552061956
2136,1323.720458984375,1239.616984629524
2137,1316.0245361328125,1241.352408042841
2138,1316.0245361328125,1244.9948334868209
2139,1300.63232421875,1248.433045763758
2140,1308.328369140625,1248.8122987882655
2141,1300.63232421875,1249.4793998431078
2142,1308.328369140625,1246.7712266811427
2143,1292.9364013671875,1244.676964496267
2144,1277.5443115234375,1242.3664101227077
2145,1300.63232421875,1238.5134141318745
2146,1292.9364013671875,1237.4294102365325
2147,1285.2403564453125,1236.7632981074387
2148,1269.8482666015625,1234.4784558033375
2149,1285.2403564453125,1231.3571942287595
2150,1277.5443115234375,1230.9384901306466
2151,1269.8482666015625,1228.2910299458772
2152,1262.1522216796875,1225.037322958568
2153,1262.1522216796875,1222.0052412952284
2154,1269.8482666015625,1220.1682763988179
2155,1262.1522216796875,1217.794112908371
2156,1269.8482666015625,1215.7359111945352
2157,1254.4560546875,1214.8371189643558
2158,1277.5443115234375,1214.620367631575
2159,1269.8482666015625,1217.2027353108342
2160,1254.4560546875,1217.7576639307877
2161,1269.8482666015625,1216.827967770971
2162,1169.799560546875,1215.5497459224007
2163,1208.2799072265625,1204.0608657217065
2164,1139.0152587890625,1192.324612808808
2165,1169.799560546875,1174.1763066184576
2166,1154.4073486328125,1160.2043398198869
2167,1146.7113037109375,1144.1236654567588
2168,1177.49560546875,1139.1726793349992
2169,1169.799560546875,1135.739800193348
2170,1162.1036376953125,1139.5133995740962
2171,1146.7113037109375,1138.9511246485831
2172,1115.9273681640625,1137.2883872777727
2173,1123.623291015625,1129.9685354820758
2174,1108.2310791015625,1121.7046127844337
2175,1123.623291015625,1112.304838227213
2176,1108.2310791015625,1106.2996925764464
2177,1092.8389892578125,1100.6576239504461
2178,1077.4468994140625,1096.0203038848097
2179,1092.8389892578125,1087.6899818869188
2180,1100.53515625,1082.0825609808887
2181,1092.8389892578125,1079.9957157391261
2182,1069.750732421875,1078.1031590881453
2183,1054.35888671875,1074.8981213751676
2184,1038.966796875,1070.5704763438841
2185,1031.2705078125,1062.3543752699322
2186,1038.966796875,1049.7485387552085
2187,1015.8784790039062,1040.676699039909
2188,992.7904052734376,1031.690789908389
2189,962.0062255859376,1019.2337514000213
2190,861.9574584960938,1004.2606032375363
2191,831.17333984375,975.2152182693494
2192,784.9970703125,934.2000702959253
2193,854.2615356445312,887.6390267255317
2194,885.045654296875,857.7031141209198
2195,869.6536254882812,844.4655659656355
2196,861.9574584960938,846.4535009731709
2197,815.7813110351562,853.7649115812299
2198,769.60498046875,857.8967316549439
2199,784.9970703125,841.4449982235094
2200,815.7813110351562,820.4009938261552
2201,823.4772338867188,808.0871552980319
2202,815.7813110351562,802.4806350208084
2203,854.2615356445312,803.5448780605711
2204,915.8298950195312,818.1211491289612
2205,915.8298950195312,843.6265507650687
2206,923.5260009765624,866.9965261820238
2207,954.3101806640624,888.2312166549335
2208,908.1339111328124,913.4248417894728
2209,923.5260009765624,923.9741365728667
2210,923.5260009765624,925.29712497094
2211,908.1339111328124,923.5689772256289
2212,985.0944213867188,919.2646779057627
2213,969.7023315429688,926.9483307611487
2214,985.0944213867188,941.0964676180395
2215,1046.662841796875,953.9717510804227
2216,1046.662841796875,978.1181038474172
2217,1038.966796875,1003.9828916961225
2218,977.3982543945312,1016.1550136326238
2219,992.7904052734376,1017.703035616621
2220,985.0944213867188,1016.1111477119273
2221,1023.5746459960938,1004.4599424133903
2222,1008.1824951171876,998.147735317749
2223,1031.2705078125,995.0099445556618
2224,1054.35888671875,1002.097434119264
2225,1031.2705078125,1014.6375070717197
2226,1031.2705078125,1021.9559461163476
2227,1052.9095458984375,1023.5593479422546
2228,1052.9095458984375,1030.1602507188722
2229,1045.1676025390625,1034.0986475118343
2230,1037.4254150390625,1033.2258145825504
2231,1021.9415283203124,1034.2635508803783
2232,990.9735717773438,1032.0259650995397
2233,990.9735717773438,1020.669177123809
2234,967.7476196289062,1009.146214303572
2235,960.0057983398438,996.0194611508841
2236,944.5218505859376,982.8723290640239
2237,975.4896850585938,968.8448764672135
2238,975.4896850585938,964.2928865661522
2239,983.2316284179688,962.1334965569899
2240,983.2316284179688,964.6637690405751
2241,983.2316284179688,968.3974582036205
2242,983.2316284179688,975.3508776907624
2243,983.2316284179688,977.681775679717
2244,983.2316284179688,978.6224206603192
2245,967.7476196289062,978.8328146132891
2246,967.7476196289062,976.116058988579
2247,952.263671875,972.0563421975555
2248,952.263671875,965.6374017586415
2249,944.5218505859376,960.1061634540142
2250,944.5218505859376,953.721694141187
2251,960.0057983398438,949.0173390373204
2252,960.0057983398438,948.0216320837989
2253,944.5218505859376,949.331217006104
2254,944.5218505859376,948.0449777952163
2255,944.5218505859376,948.329965004636
2256,936.77978515625,947.1858838700794
2257,944.5218505859376,943.5320151424397
2258,952.263671875,940.9177192890181
2259,952.263671875,941.5999720990768
2260,944.5218505859376,942.153629243068
2261,960.0057983398438,942.9770865224862
2262,983.2316284179688,947.9569280848327
2263,975.4896850585938,955.4607200697303
2264,975.4896850585938,962.3048985804519
2265,975.4896850585938,967.1769119174472
2266,960.0057983398438,971.0956714705484
2267,967.7476196289062,970.5036934538069
2268,975.4896850585938,968.1948697003074
2269,960.0057983398438,967.1449131057315
2270,967.7476196289062,965.3499775536275
2271,960.0057983398438,964.5340078548757
2272,960.0057983398438,963.1425893268913
2273,960.0057983398438,961.0854118575804
2274,960.0057983398438,959.1498722553214
2275,960.0057983398438,958.2711764091005
2276,952.263671875,957.464919373949
2277,960.0057983398438,956.4248520368568
2278,960.0057983398438,956.4052854345493
2279,944.5218505859376,955.6283076653056
2280,944.5218505859376,952.9170264509883
2281,944.5218505859376,949.7735846846247
2282,952.263671875,947.2153750486474
2283,936.77978515625,945.3192865199937
2284,929.0377807617188,942.5418885556412
2285,929.0377807617188,939.1368406100519
2286,929.0377807617188,936.3920418766195
2287,929.0377807617188,932.9415563247692
2288,913.5538940429688,929.3668369757775
2289,898.0698852539062,925.7594300989238
2290,898.0698852539062,919.7801201333341
2291,874.8439331054688,913.4145816848333
2292,874.8439331054688,903.7380845119468
2293,874.8439331054688,892.5647069437657
2294,867.101806640625,883.2491853284298
2295,874.8439331054688,877.2965233798816
2296,898.0698852539062,873.0020779987226
2297,921.2957763671876,876.6412187964665
2298,921.2957763671876,885.6861102851225
2299,929.0377807617188,895.9985220330002
2300,944.5218505859376,906.4225764341159
2301,967.7476196289062,919.7738863692416
2302,983.2316284179688,932.633611910476
2303,967.7476196289062,945.5290094162058
2304,960.0057983398438,955.7155450438242
2305,944.5218505859376,960.3874068731009
2306,936.77978515625,959.7487727523015
2307,921.2957763671876,953.5517048687941
2308,944.5218505859376,942.8735318691191
2309,921.2957763671876,937.595723446905
2310,944.5218505859376,931.4927624439899
2311,936.77978515625,931.1089886160612
2312,944.5218505859376,931.674353934538
2313,952.263671875,934.8634628792112
2314,944.5218505859376,937.3208197482411
2315,936.77978515625,940.9306106425239
2316,944.5218505859376,939.8083918307619
2317,944.5218505859376,940.171716086965
2318,936.77978515625,939.6594878680758
2319,929.0377807617188,936.9521623567521
2320,929.0377807617188,934.1634447244581
2321,944.5218505859376,932.286004509917
2322,936.77978515625,932.3949099579584
2323,952.263671875,932.6251530634496
2324,952.263671875,935.9364296568256
2325,952.263671875,939.6084522357036
2326,952.263671875,943.2859492249743
2327,944.5218505859376,946.184702506165
2328,944.5218505859376,946.919544974772
2329,944.5218505859376,945.9747676972925
2330,929.0377807617188,944.5952869158423
2331,929.0377807617188,940.1711509865373
2332,929.0377807617188,934.9668762574713
2333,929.0377807617188,932.3174911993702
2334,929.0377807617188,930.4146744437498
2335,936.77978515625,928.3376125031409
2336,944.5218505859376,929.3219291511675
2337,952.263671875,931.720815785324
2338,944.5218505859376,936.774402953479
2339,960.0057983398438,941.4626173763809
2340,944.5218505859376,946.7818370643088
2341,998.7156372070312,949.3488057569145
2342,998.7156372070312,959.1596908752518
2343,975.4896850585938,968.9795822816548
2344,983.2316284179688,976.0864971724575
2345,983.2316284179688,980.4304594785895
2346,1037.4254150390625,983.9786544262582
2347,1029.68359375,988.46403311441
2348,1006.45751953125,997.2281756468535
2349,1006.45751953125,1003.5579361745288
2350,998.7156372070312,1007.8496266911029
2351,983.2316284179688,1008.99769884743
2352,975.4896850585938,999.4022935859115
2353,936.77978515625,989.3338639476722
2354,967.7476196289062,977.9123719729754
2355,929.0377807617188,969.6902667069796
2356,921.2957763671876,957.7242298326873
2357,929.0377807617188,944.9591409536963
2358,905.8118286132812,934.8507657789773
2359,905.8118286132812,926.8026408071448
2360,905.8118286132812,916.2857510013991
2361,898.0698852539062,910.589132524742
2362,905.8118286132812,906.2807538861637
2363,898.0698852539062,902.975410847278
2364,828.3919677734375,900.700175250447
2365,843.8759765625,887.3245836563206
2366,797.4241333007812,873.4214354942048
2367,828.3919677734375,853.5922204224173
2368,859.3599243164062,837.1209380480636
2369,859.3599243164062,830.3821331077107
2370,851.6179809570312,835.8974426440336
2371,874.8439331054688,839.1136587498456
2372,859.3599243164062,850.9477976524465
2373,851.6179809570312,855.8944572240569
2374,828.3919677734375,854.673540090728
2375,836.1339721679688,847.9973200227374
2376,859.3599243164062,844.1988385637842
2377,843.8759765625,842.2434321496155
2378,859.3599243164062,840.7114802090297
2379,851.6179809570312,842.6463310951425
2380,843.8759765625,846.0428495561521
2381,843.8759765625,847.7162708569227
2382,843.8759765625,845.2518678919355
2383,843.8759765625,844.1027714910834
2384,843.8759765625,841.6990108657386
2385,843.8759765625,840.4106348688588
2386,836.1339721679688,839.833967541829
2387,851.6179809570312,839.1181795532668
2388,874.8439331054688,841.3720649495656
2389,898.0698852539062,847.9960485467752
2390,905.8118286132812,859.5405205020396
2391,890.3277587890625,872.2682950934174
2392,890.3277587890625,881.9021095246278
2393,874.8439331054688,887.3833364414079
2394,874.8439331054688,886.607029728922
2395,874.8439331054688,882.3041784789016
2396,882.5858764648438,876.9091293773383
2397,882.5858764648438,875.264581176543
2398,890.3277587890625,874.3388760384967
2399,898.0698852539062,877.1065436798606
2400,890.3277587890625,882.719121127293
2401,890.3277587890625,886.6243889076839
2402,890.3277587890625,888.1582657216014
2403,890.3277587890625,888.3495168975846
2404,905.8118286132812,887.1755207591392
2405,929.0377807617188,888.1864147866538
2406,921.2957763671876,896.972172410455
2407,936.77978515625,906.5759835408347
2408,952.263671875,917.2858904614
2409,936.77978515625,928.9966961956659
2410,936.77978515625,934.3020709231164
2411,952.263671875,935.1209720803365
2412,913.5538940429688,938.1410630189769
2413,921.2957763671876,934.7896113170725
2414,929.0377807617188,930.23590845534
2415,921.2957763671876,927.3784075053679
2416,944.5218505859376,924.6887060636316
2417,944.5218505859376,925.9911036148725
2418,952.263671875,930.0325429389391
2419,936.77978515625,935.2239969520526
2420,936.77978515625,936.3182256332575
2421,929.0377807617188,938.0066044359726
2422,929.0377807617188,934.7015792660775
2423,929.0377807617188,931.8056338276367
2424,921.2957763671876,928.7419418591254
2425,905.8118286132812,926.2079609039837
2426,898.0698852539062,920.6398144776754
2427,913.5538940429688,913.208584919566
2428,921.2957763671876,909.5075832843826
2429,921.2957763671876,907.9308118161287
2430,913.5538940429688,908.7532801697982
2431,913.5538940429688,909.8219203972635
2432,905.8118286132812,911.9156528004883
2433,913.5538940429688,910.1091680083941
2434,905.8118286132812,908.5611636837853
2435,890.3277587890625,906.3471708458011
2436,898.0698852539062,902.8118142734729
2437,898.0698852539062,899.862943648105
2438,898.0698852539062,898.0684319213217
2439,898.0698852539062,896.2104700121462
2440,890.3277587890625,896.4285104802777
2441,890.3277587890625,895.9725274133282
2442,882.5858764648438,894.2005843848742
2443,890.3277587890625,890.7609946756446
2444,874.8439331054688,888.8894173780404
2445,890.3277587890625,884.2649003689679
2446,890.3277587890625,883.515559542514
2447,882.5858764648438,883.4597911940601
2448,882.5858764648438,882.9441370538284
2449,882.5858764648438,881.1684502350412
2450,874.8439331054688,881.4411288507713
2451,867.101806640625,878.6862995847481
2452,874.8439331054688,874.7491036301948
2453,867.101806640625,872.7813179847828
2454,859.3599243164062,870.4283987385384
2455,859.3599243164062,866.3679049344269
2456,851.6179809570312,863.1328992393953
2457,859.3599243164062,860.1871190069912
2458,851.6179809570312,858.3808108087807
2459,859.3599243164062,856.239115506759
2460,867.101806640625,855.5612422250147
2461,859.3599243164062,857.3021753675013
2462,859.3599243164062,858.0893779226078
2463,874.8439331054688,858.3291394384273
2464,874.8439331054688,861.9222068919292
2465,882.5858764648438,865.8488425322408
2466,882.5858764648438,871.7859465596403
2467,898.0698852539062,875.7063484358594
2468,898.0698852539062,881.6995739994799
2469,898.0698852539062,887.432765069439
2470,905.8118286132812,892.1247762608391
2471,890.3277587890625,895.129273959554
2472,890.3277587890625,897.30891928717
2473,929.0377807617188,894.197229101085
2474,913.5538940429688,899.1178587342467
2475,905.8118286132812,902.6159893159033
2476,913.5538940429688,903.8326858554133
2477,905.8118286132812,907.0454583804944
2478,898.0698852539062,908.8571880109328
2479,898.0698852539062,903.3567829983891
2480,874.8439331054688,899.8256293604916
2481,890.3277587890625,893.5857021414246
2482,890.3277587890625,888.8023389340169
2483,890.3277587890625,885.5239794405516
2484,898.0698852539062,885.7707340741632
2485,890.3277587890625,887.064831712873
2486,882.5858764648438,888.698254498999
2487,882.5858764648438,887.0815198348771
2488,890.3277587890625,885.0221349420206
2489,874.8439331054688,883.7347831896659
2490,874.8439331054688,881.686823921081
2491,882.5858764648438,880.4997951540228
2492,874.8439331054688,880.6716739809706
2493,874.8439331054688,879.146185376526
2494,874.8439331054688,876.4183573153116
2495,882.5858764648438,875.309983464027
2496,890.3277587890625,875.3772127555292
2497,882.5858764648438,876.6487593552979
2498,874.8439331054688,878.0856331489315
2499,890.3277587890625,878.1906358721444
2500,867.101806640625,880.206808241674
2501,851.6179809570312,877.4982818919415
2502,859.3599243164062,870.593478700966
2503,859.3599243164062,864.8189470028464
2504,851.6179809570312,860.0666643189596
2505,851.6179809570312,853.4444643199748
2506,851.6179809570312,850.2844580473256
2507,859.3599243164062,849.8337198187204
2508,859.3599243164062,850.8355545800042
2509,859.3599243164062,852.6618355464545
2510,851.6179809570312,854.6582294010163
2511,882.5858764648438,854.8434587255674
2512,882.5858764648438,859.5998383875547
2513,867.101806640625,865.3098779993684
2514,874.8439331054688,867.5180255798041
2515,874.8439331054688,870.2777641557925
2516,890.3277587890625,873.5018386894267
2517,890.3277587890625,875.5449946043765
2518,890.3277587890625,878.611264843589
2519,898.0698852539062,883.4221060592911
2520,898.0698852539062,887.5435600720355
2521,898.0698852539062,890.9676801570581
2522,898.0698852539062,892.4348044829593
2523,890.3277587890625,893.1142141314914
2524,882.5858764648438,893.0762994246737
2525,898.0698852539062,890.9363877208768
2526,913.5538940429688,891.0148660427669
2527,913.5538940429688,894.337250391424
2528,952.263671875,898.799071455498
2529,952.263671875,911.2885855790673
2530,952.263671875,926.0002688374334
2531,952.263671875,936.9246666890692
2532,967.7476196289062,943.6145551236535
2533,967.7476196289062,951.9533536279592
2534,967.7476196289062,954.5620691146578
2535,975.4896850585938,955.9212062807126
2536,975.4896850585938,959.928439369518
2537,1083.8773193359375,964.4106040489874
2538,1076.1353759765625,984.1169980747027
2539,1060.6514892578125,1009.4161910328825
2540,1060.6514892578125,1029.5952562475513
2541,1083.8773193359375,1044.8710510078204
2542,1083.8773193359375,1059.5688893057088
2543,1060.6514892578125,1060.5969482587134
2544,1076.1353759765625,1059.46621762176
2545,1076.1353759765625,1062.6050679471489
2546,1076.1353759765625,1064.6131523168078
2547,1083.8773193359375,1063.4739451734395
2548,1091.619384765625,1063.54885629888
2549,1091.619384765625,1066.6807135064769
2550,1068.393310546875,1069.5639971634605
2551,1076.1353759765625,1069.1233601049994
2552,1076.1353759765625,1068.0219087339535
2553,1068.393310546875,1066.12776273802
2554,1060.6514892578125,1062.6542316843547
2555,1045.1676025390625,1058.3802358749213
2556,1052.9095458984375,1054.7969340631844
2557,1076.1353759765625,1050.6330975183664
2558,1068.393310546875,1050.280086344968
2559,1068.393310546875,1050.6932453951345
2560,1083.8773193359375,1052.0700419495533
2561,1083.8773193359375,1057.5741907524302
2562,1068.393310546875,1062.5892098163981
2563,1076.1353759765625,1063.0423850405975
2564,1076.1353759765625,1064.4373707650316
2565,1076.1353759765625,1064.782152663452
2566,1083.8773193359375,1062.284620685894
2567,1091.619384765625,1063.6128539223114
2568,1099.3612060546875,1068.1637136225172
2569,1099.3612060546875,1072.455227545208
2570,1091.619384765625,1076.9067355264774
2571,1099.3612060546875,1079.9092553736955
2572,1083.8773193359375,1081.9543185025886
2573,1091.619384765625,1081.007987198933
2574,1091.619384765625,1079.8859449810548
2575,1068.393310546875,1078.271205827818
2576,1076.1353759765625,1073.42048971319
2577,1068.393310546875,1068.8799430957886
2578,1076.1353759765625,1065.0952536191476
2579,1091.619384765625,1062.434301661668
2580,1169.0391845703125,1063.5516818010183
2581,1169.0391845703125,1079.382652412678
2582,1176.7811279296875,1098.2982590274487
2583,1138.0712890625,1117.7690061748333
2584,1130.329345703125,1131.2466513743161
2585,1130.329345703125,1134.7538412222034
2586,1145.813232421875,1129.1308094168594
2587,1091.619384765625,1124.3679310999541
2588,1083.8773193359375,1116.675819397542
2589,1091.619384765625,1106.296372611434
2590,1091.619384765625,1098.281306014619
2591,1037.4254150390625,1089.3612664016973
2592,1060.6514892578125,1076.7995430391072
2593,1083.8773193359375,1067.5793291427724
2594,1091.619384765625,1063.5309496790787
2595,1091.619384765625,1064.1589175293063
2596,1083.8773193359375,1066.1506139865633
2597,1076.1353759765625,1069.674509615843
2598,1037.4254150390625,1070.4074448705067
2599,1021.9415283203124,1066.818562692047
2600,1037.4254150390625,1054.6829956894594
2601,1029.68359375,1043.182672205105
2602,1029.68359375,1032.7139748702052
2603,1052.9095458984375,1025.1425827466499
2604,1045.1676025390625,1023.5756298983264
2605,1052.9095458984375,1028.2501759546344
2606,1052.9095458984375,1032.63447230379
2607,1060.6514892578125,1036.1472778371772
2608,1045.1676025390625,1040.7604398595315
2609,1045.1676025390625,1042.6887391125613
2610,1052.9095458984375,1041.6543580985224
2611,1052.9095458984375,1041.1440724123531
2612,1052.9095458984375,1041.1940838002004
2613,1068.393310546875,1040.5423464132348
2614,1037.4254150390625,1042.1813848848606
2615,1037.4254150390625,1044.622865963751
2616,990.9735717773438,1042.0854944060434
2617,1006.45751953125,1035.3889483820458
2618,998.7156372070312,1024.18992938196
2619,990.9735717773438,1012.2337464463749
2620,998.7156372070312,1000.3771271423866
2621,990.9735717773438,993.4324667118733
2622,990.9735717773438,989.7912774250792
2623,967.7476196289062,989.6663902305683
2624,967.7476196289062,985.1153186177021
2625,905.8118286132812,977.9040720604443
2626,905.8118286132812,965.3462690820709
2627,913.5538940429688,946.3286618401091
2628,913.5538940429688,929.7486859303744
2629,890.3277587890625,919.6067579177638
2630,890.3277587890625,909.6458209764968
2631,890.3277587890625,901.125960763294
2632,874.8439331054688,896.7494168856301
2633,882.5858764648438,889.8810450128498
2634,890.3277587890625,882.0672248058321
2635,867.101806640625,880.1096286275063
2636,874.8439331054688,876.9031428446829
2637,874.8439331054688,874.8629890257548
2638,890.3277587890625,871.6196657588039
2639,882.5858764648438,871.8618819296059
2640,867.101806640625,872.5167097095352
2641,890.3277587890625,871.6243808154971
2642,890.3277587890625,873.9980675024578
2643,898.0698852539062,878.1261084670621
2644,898.0698852539062,881.4214916109104
2645,905.8118286132812,885.1090014733836
2646,905.8118286132812,891.3674357314562
2647,905.8118286132812,895.6621989816058
2648,898.0698852539062,899.1883726719847
2649,890.3277587890625,898.9215922919682
2650,859.3599243164062,896.0567097176599
2651,867.101806640625,888.4952598297536
2652,859.3599243164062,880.5960741393839
2653,867.101806640625,871.2695683844856
2654,859.3599243164062,865.0422323093221
2655,851.6179809570312,859.6594564826718
2656,851.6179809570312,856.1194201724272
2657,859.3599243164062,852.6900729084488
2658,859.3599243164062,851.5550686995111
2659,851.6179809570312,850.8056572355038
2660,789.6820678710938,849.3449432675787
2661,766.4561767578125,842.7039183605978
2662,774.1981811523438,826.6353406784992
2663,750.9722290039062,807.4877603381776
2664,750.9722290039062,787.0768008652055
2665,758.7141723632812,771.6749004126285
2666,735.4882202148438,760.1902584651417
2667,735.4882202148438,753.7603603757478
2668,743.230224609375,746.0355523157793
2669,774.1981811523438,741.291339972375
2670,758.7141723632812,741.7056468827852
2671,758.7141723632812,745.5753751440934
2672,774.1981811523438,749.5290737970729
2673,743.230224609375,756.2932111300343
2674,743.230224609375,757.4167720553119
2675,758.7141723632812,752.7420758942028
2676,774.1981811523438,750.5324625845328
2677,797.4241333007812,754.3763110121935
2678,789.6820678710938,767.2996633297037
2679,789.6820678710938,776.7819778681385
2680,812.9080810546875,785.1538347474618
2681,812.9080810546875,793.4994232865935
2682,812.9080810546875,798.5386710313969
2683,836.1339721679688,797.7001679530927
2684,781.9401245117188,806.4296804249541
2685,805.1660766601562,810.7402841464663
2686,797.4241333007812,809.721796581955
2687,781.9401245117188,807.3769653355812
2688,774.1981811523438,802.720643768065
2689,781.9401245117188,791.9727161843517
2690,766.4561767578125,785.8773487184333
2691,766.4561767578125,781.191341719077
2692,774.1981811523438,774.90942047448
2693,774.1981811523438,772.1318459162438
2694,774.1981811523438,771.4410283028285
2695,774.1981811523438,770.5050365710603
2696,781.9401245117188,769.6269411440436
2697,781.9401245117188,770.6043618009141
2698,789.6820678710938,772.114831095555
2699,797.4241333007812,774.7859107122615
2700,781.9401245117188,779.068497814134
2701,797.4241333007812,781.9335746417144
2702,781.9401245117188,784.5844960666032
2703,797.4241333007812,785.253416038447
2704,789.6820678710938,786.7830457694629
2705,797.4241333007812,788.2633263396954
2706,797.4241333007812,790.1321311133265
2707,812.9080810546875,791.5687929942997
2708,797.4241333007812,795.6559348154525
2709,781.9401245117188,797.6552071503176
2710,789.6820678710938,796.1518457594932
2711,766.4561767578125,793.9676266502909
2712,774.1981811523438,789.0352888426437
2713,774.1981811523438,781.491471854019
2714,774.1981811523438,775.6345502794868
2715,774.1981811523438,771.6387339852588
2716,774.1981811523438,769.539995145433
2717,774.1981811523438,768.532235659353
2718,766.4561767578125,769.0168269354523
2719,758.7141723632812,768.0215526369457
2720,758.7141723632812,765.0589076886537
2721,758.7141723632812,762.3959513905947
2722,758.7141723632812,759.2633966371576
2723,758.7141723632812,757.8476699610901
2724,766.4561767578125,756.0827730285934
2725,758.7141723632812,756.1721560227983
2726,758.7141723632812,756.0270841473872
2727,766.4561767578125,756.2623954973388
2728,758.7141723632812,756.7829942663126
2729,750.9722290039062,756.2838075057304
2730,743.230224609375,753.9806170971191
2731,743.230224609375,750.3788347354593
2732,758.7141723632812,746.293944486323
2733,758.7141723632812,745.0378057029018
2734,758.7141723632812,745.9874039934047
2735,750.9722290039062,747.8474143916304
2736,743.230224609375,747.8142942087536
2737,750.9722290039062,747.6046772688717
2738,743.230224609375,745.4186392426678
2739,750.9722290039062,743.3539123848312
2740,743.230224609375,741.3867977961771
2741,727.7462768554688,740.3312520051838
2742,720.0043334960938,736.8156739478236
2743,720.0043334960938,730.9549379454046
2744,720.0043334960938,725.5844883718324
2745,727.7462768554688,720.3838514767696
2746,727.7462768554688,717.4494615498602
2747,712.2622680664062,716.4566154172536
2748,720.0043334960938,714.7887435792763
2749,704.520263671875,712.9711245428186
2750,712.2622680664062,710.0174417341215
2751,712.2622680664062,707.0480376549332
2752,712.2622680664062,706.360235382081
2753,704.520263671875,705.7816387668724
2754,700.6492919921875,704.1532930549012
2755,700.6492919921875,701.9433221426169
2756,704.520263671875,699.2134455923522
2757,704.520263671875,696.0485697433617
2758,696.7782592773438,694.9602039790936
2759,696.7782592773438,694.6691551846178
2760,700.6492919921875,694.8954779058922
2761,700.6492919921875,695.2165432457399
2762,704.520263671875,694.5952241552316
2763,712.2622680664062,694.1943604542136
2764,708.3912963867188,694.2390784403985
2765,696.7782592773438,696.8111948447125
2766,696.7782592773438,697.0815424211786
2767,681.2943725585938,696.425346038651
2768,689.036376953125,693.111592716057
2769,689.036376953125,688.3345603993779
2770,689.036376953125,683.2525283714153
2771,692.9072875976562,679.5525840921102
2772,692.9072875976562,678.5361604686141
2773,692.9072875976562,679.7711146082689
2774,696.7782592773438,681.3068257911527
2775,696.7782592773438,683.6102236975773
2776,700.6492919921875,685.8585463865413
2777,700.6492919921875,687.8961925723216
2778,704.520263671875,689.6550720682333
2779,712.2622680664062,691.8117734355172
2780,716.1332397460938,695.3133652572932
2781,723.875244140625,699.1070036289876
2782,716.1332397460938,703.7410567077767
2783,716.1332397460938,708.1994827544377
2784,712.2622680664062,711.0056964257533
2785,720.0043334960938,710.5348662280368
2786,723.875244140625,710.8266523019768
2787,723.875244140625,710.8360117778097
2788,723.875244140625,711.7276387111604
2789,720.0043334960938,712.7945439037189
2790,723.875244140625,713.2407171804321
2791,723.875244140625,713.2068994517149
2792,723.875244140625,712.6369912555815
2793,750.9722290039062,712.3178022257474
2794,766.4561767578125,716.5563777169696
2795,762.585205078125,726.3145009977219
2796,762.585205078125,737.0561065204008
2797,770.3270874023438,746.1985837891568
2798,781.9401245117188,755.1331305896197
2799,801.2950439453125,761.3927833454894
2800,832.262939453125,768.6018666276726
2801,840.0050659179688,779.794122082015
2802,812.9080810546875,795.413842260369
2803,820.6500854492188,806.9041528715208
2804,797.4241333007812,815.2958059252002
2805,797.4241333007812,816.9982239416647
2806,793.5531005859375,813.2121923515082
2807,793.5531005859375,805.3500030797612
2808,801.2950439453125,799.3002144952104
2809,805.1660766601562,794.9936371142452
2810,801.2950439453125,794.7020276341889
2811,816.779052734375,795.2397913286525
2812,820.6500854492188,801.0916534884184
2813,820.6500854492188,806.5386565105489
2814,812.9080810546875,811.2942944782249
2815,820.6500854492188,813.1474177149887
2816,832.262939453125,815.3611633215357
2817,832.262939453125,816.1838789066426
2818,812.9080810546875,818.7354486125948
2819,801.2950439453125,819.303303904831
2820,809.0370483398438,817.2059160082149
2821,801.2950439453125,813.9715990293296
2822,801.2950439453125,809.1111525917128
2823,797.4241333007812,803.5299028992383
2824,801.2950439453125,800.1637762456033
2825,801.2950439453125,798.4090158020276
2826,797.4241333007812,798.2208197002315
2827,797.4241333007812,796.3112923770327
2828,797.4241333007812,794.8811997885309
2829,793.5531005859375,793.3775205287161
2830,789.6820678710938,791.6629881718338
2831,789.6820678710938,788.529868317969
2832,789.6820678710938,786.873505986358
2833,789.6820678710938,785.7076331665601
2834,789.6820678710938,784.810262517144
2835,789.6820678710938,783.748279879092
2836,789.6820678710938,784.6534206593882
2837,801.2950439453125,785.8571287187563
2838,809.0370483398438,787.1008176333808
2839,809.0370483398438,790.68608846692
2840,805.1660766601562,794.7773449255617
2841,816.779052734375,797.0056242087325
2842,816.779052734375,801.0205038126994
2843,805.1660766601562,805.3676801275137
2844,809.0370483398438,806.1670323418148
2845,812.9080810546875,805.8715201369299
2846,801.2950439453125,806.8957293432711
2847,793.5531005859375,805.3016693338086
2848,793.5531005859375,801.0220225200987
2849,797.4241333007812,797.6990377522372
2850,789.6820678710938,795.1355832779159
2851,801.2950439453125,791.1079271064675
2852,805.1660766601562,790.326455022885
2853,805.1660766601562,793.1318254584063
2854,801.2950439453125,796.7804493477017
2855,805.1660766601562,798.4237967100884
2856,801.2950439453125,800.3976571850975
2857,801.2950439453125,800.2883455711237
2858,797.4241333007812,798.4399727098299
2859,801.2950439453125,795.7107495569346
2860,785.8110961914062,794.9748475250258
2861,797.4241333007812,792.094124479355
2862,781.9401245117188,790.5702870277224
2863,778.069091796875,787.504264019947
2864,778.069091796875,784.4440862697202
2865,778.069091796875,780.4119975917923
2866,789.6820678710938,777.3195561390243
2867,809.0370483398438,776.295726609533
2868,778.069091796875,780.8140665460662
2869,793.5531005859375,781.7553737537321
2870,785.8110961914062,784.3585441924845
2871,785.8110961914062,785.6401743030092
2872,789.6820678710938,784.7118379160967
2873,785.8110961914062,782.3916150274082
2874,785.8110961914062,782.2672222957715
2875,781.9401245117188,780.6486863740364
2876,789.6820678710938,780.2865806156306
2877,789.6820678710938,781.1283683401705
2878,793.5531005859375,781.5869826559863
2879,778.069091796875,783.7543635383834
2880,789.6820678710938,783.9426302777331
2881,774.1981811523438,784.4990864347801
2882,785.8110961914062,781.9396583010057
2883,793.5531005859375,781.116942715899
2884,781.9401245117188,780.2157664682904
2885,785.8110961914062,779.290388028929
2886,774.1981811523438,779.8789842727987
2887,774.1981811523438,779.2840306491179
2888,774.1981811523438,777.1615840804131
2889,774.1981811523438,773.2858692864495
2890,770.3270874023438,770.664642123095
2891,770.3270874023438,767.6659367037636
2892,766.4561767578125,765.8005401920867
2893,762.585205078125,764.0181781244979
2894,766.4561767578125,762.3522973825587
2895,781.9401245117188,760.7319955219873
2896,778.069091796875,763.2986904940735
2897,774.1981811523438,766.3432485152923
2898,770.3270874023438,768.4280982461698
2899,770.3270874023438,769.626623275053
2900,778.069091796875,770.1246621753917
2901,770.3270874023438,768.7989012533451
2902,789.6820678710938,767.3255608227397
2903,778.069091796875,770.6597681319065
2904,770.3270874023438,775.3054499179334
2905,778.069091796875,776.0301117491484
2906,774.1981811523438,776.3973740489566
2907,770.3270874023438,776.2831089765468
2908,770.3270874023438,772.3759957900718
2909,766.4561767578125,768.9315850678188
2910,766.4561767578125,767.5876084866745
2911,766.4561767578125,764.7027089956556
2912,766.4561767578125,763.009597476859
2913,789.6820678710938,762.2097331402953
2914,774.1981811523438,765.6366434086794
2915,770.3270874023438,768.0378964008767
2916,762.585205078125,769.6552668029797
2917,758.7141723632812,768.8154216111596
2918,754.8432006835938,765.9290034127414
2919,754.8432006835938,760.063684799042
2920,754.8432006835938,754.9609515530697
2921,766.4561767578125,751.8877764930068
2922,774.1981811523438,752.1104878693607
2923,770.3270874023438,755.4274419560958
2924,762.585205078125,758.9335369219045
2925,762.585205078125,760.8488123760158
2926,762.585205078125,761.8277605699798
2927,758.7141723632812,760.6973389723228
2928,766.4561767578125,757.6806827847191
2929,743.230224609375,756.9718172763958
2930,735.4882202148438,753.3425569064415
2931,735.4882202148438,747.8542750640099
2932,739.3591918945312,741.5596214004024
2933,731.6172485351562,736.8167953189846
2934,731.6172485351562,731.1574999596351
2935,739.3591918945312,728.2715673943968
2936,723.875244140625,728.3568092620303
2937,716.1332397460938,726.6635917869035
2938,720.0043334960938,721.6521664084677
2939,716.1332397460938,718.3596970636994
2940,708.3912963867188,714.8394701723522
2941,712.2622680664062,709.0767172862716
2942,696.7782592773438,705.755136439785
2943,708.3912963867188,702.4207525367347
2944,708.3912963867188,699.6959309863892
2945,716.1332397460938,698.656932042293
2946,708.3912963867188,700.033344505015
2947,716.1332397460938,700.4960381395427
2948,708.3912963867188,703.1635858785763
2949,708.3912963867188,703.5638933088609
2950,708.3912963867188,703.0769047707912
2951,704.520263671875,702.1387144451716
2952,712.2622680664062,700.9617912631047
2953,704.520263671875,700.3369005612997
2954,708.3912963867188,699.7353732303003
2955,704.520263671875,699.5085913649285
2956,696.7782592773438,698.5964442222988
2957,704.520263671875,697.0142866405938
2958,708.3912963867188,695.59557994274
2959,700.6492919921875,696.086268122672
2960,700.6492919921875,695.2947655064987
2961,692.9072875976562,694.5737724132163
2962,696.7782592773438,693.4728110901975
2963,696.7782592773438,691.4844787464241
2964,692.9072875976562,688.9488113196935
2965,700.6492919921875,687.3237546688051
2966,692.9072875976562,686.7016011721964
2967,700.6492919921875,686.8078356377479
2968,700.6492919921875,689.1947933550642
2969,708.3912963867188,690.4920122906674
2970,708.3912963867188,692.8883294838167
2971,708.3912963867188,695.3548383308663
2972,708.3912963867188,697.469430886596
2973,708.3912963867188,697.6802663242751
2974,704.520263671875,699.0682501012226
2975,708.3912963867188,698.696021098437
2976,708.3912963867188,698.3296682571295
2977,704.520263671875,698.0692099381473
2978,712.2622680664062,698.175413499769
2979,716.1332397460938,699.0340703550438
2980,696.7782592773438,700.9186846961079
2981,689.036376953125,701.9942120850352
2982,677.4234008789062,695.3602332740115
2983,681.2943725585938,687.2838135471726
2984,677.4234008789062,679.8310969282711
2985,685.1653442382812,672.4921619560232
2986,661.9393920898438,668.7213615883306
2987,665.8103637695312,670.7264438619675
2988,669.6813354492188,666.4188267845124
2989,673.5523681640625,663.8734511090287
2990,661.9393920898438,661.8341603927071
2991,661.9393920898438,659.0152485174458
2992,654.1973876953125,657.5299835848476
2993,650.326416015625,655.3840147108419
2994,646.4555053710938,651.6889587709784
2995,681.2943725585938,647.7387398452904
2996,669.6813354492188,649.3334921579623
2997,661.9393920898438,651.6697530824206
2998,650.326416015625,653.4778857161915
2999,638.7135009765625,653.5126901632336
3000,638.7135009765625,650.9039812988057
3001,654.1973876953125,644.6093521927852
3002,646.4555053710938,639.8500369334104
3003,642.58447265625,636.8324950171092
3004,646.4555053710938,635.3772267630709
3005,646.4555053710938,635.3836878917886
3006,642.58447265625,636.3524190258722
3007,638.7135009765625,635.8797224515479
3008,634.842529296875,634.6181324356811
3009,638.7135009765625,632.6874028093278
3010,638.7135009765625,630.6791131492793
3011,634.842529296875,629.3009380588562
3012,646.4555053710938,627.977355863849
3013,646.4555053710938,628.947745876727
3014,642.58447265625,630.2549335370617
3015,646.4555053710938,631.1668654558957
3016,642.58447265625,632.1083029015508
3017,638.7135009765625,633.1485600770678
3018,638.7135009765625,632.3792829048626
3019,619.3584594726562,631.4322860630082
3020,619.3584594726562,628.0223619188067
3021,611.6165161132812,623.2205170577644
3022,619.3584594726562,617.7502499988876
3023,615.4874877929688,613.2679021032639
3024,615.4874877929688,609.408080758828
3025,615.4874877929688,607.4337942510745
3026,611.6165161132812,607.023933091685
3027,603.8745727539062,606.476355192138
3028,615.4874877929688,604.3926753957396
3029,619.3584594726562,603.9434647042277
3030,611.6165161132812,604.5998906588039
3031,615.4874877929688,605.0267798834236
3032,603.8745727539062,605.4294183529722
3033,615.4874877929688,604.5691809824388
3034,615.4874877929688,603.0446459849659
3035,623.2294921875,602.2908329184087
3036,623.2294921875,603.2479364489664
3037,630.9714965820312,603.829548404738
3038,630.9714965820312,608.7564360836514
3039,623.2294921875,612.9526577393057
3040,611.6165161132812,616.1977226634341
3041,607.74560546875,615.5578303112137
3042,615.4874877929688,612.1577711428372
3043,611.6165161132812,608.8393954753387
3044,619.3584594726562,605.6231639175619
3045,615.4874877929688,603.8055581256453
3046,619.3584594726562,602.9020994020908
3047,619.3584594726562,604.1675446831798
3048,615.4874877929688,605.747428618633
3049,619.3584594726562,607.2071183420329
3050,619.3584594726562,608.69819762825
3051,619.3584594726562,609.1168906892451
3052,607.74560546875,609.1107650889064
3053,607.74560546875,607.4336110349202
3054,611.6165161132812,604.7922146426303
3055,619.3584594726562,602.6897938203305
3056,619.3584594726562,601.7389152241713
3057,615.4874877929688,601.8809496847837
3058,615.4874877929688,603.0937479143123
3059,607.74560546875,604.4026176313886
3060,615.4874877929688,603.8355393522405
3061,615.4874877929688,603.08626916334
3062,615.4874877929688,602.6465592227681
3063,615.4874877929688,602.6253326379544
3064,615.4874877929688,603.018995723367
3065,619.3584594726562,604.5379635986582
3066,607.74560546875,605.4218248159757
3067,611.6165161132812,604.9961982376241
3068,615.4874877929688,604.1483047795572
3069,607.74560546875,603.7611359342155
3070,615.4874877929688,602.7101727545027
3071,607.74560546875,602.5578781892507
3072,611.6165161132812,602.6402592359692
3073,538.0676879882812,601.1618505609033
3074,530.3257446289062,591.6947893191681
3075,534.1966552734375,576.6766538648255
3076,534.1966552734375,559.9455886430947
3077,530.3257446289062,544.9476025508756
3078,526.4547729492188,534.0000532410945
3079,522.5838012695312,526.7236523704674
3080,522.5838012695312,524.7245919482627
3081,526.4547729492188,522.6967378933304
3082,522.5838012695312,520.2131568325798
3083,530.3257446289062,518.446414493999
3084,534.1966552734375,518.3073909591026
3085,534.1966552734375,520.0053588096994
3086,534.1966552734375,522.449365181126
3087,530.3257446289062,524.5031255587885
3088,534.1966552734375,525.6671529725024
3089,545.8096923828125,526.2058084660785
3090,545.8096923828125,529.6105738614541
3091,553.5516967773438,531.7392806833338
3092,553.5516967773438,535.1027054505491
3093,557.4226684570312,538.6523043195929
3094,569.03564453125,542.0835146490437
3095,561.293701171875,544.5939203207193
3096,557.4226684570312,549.3386977645514
3097,545.8096923828125,551.5424658166728
3098,530.3257446289062,551.5258748213047
3099,530.3257446289062,547.7608843923839
3100,538.0676879882812,541.260419387087
3101,541.9386596679688,534.3595454100225
3102,530.3257446289062,530.678613669715
3103,522.5838012695312,527.7775470086486
3104,522.5838012695312,525.3289845150241
3105,522.5838012695312,522.9788731115294
3106,514.841796875,519.9845207314297
3107,518.7127075195312,516.7627684073655
3108,518.7127075195312,514.4007634058075
3109,507.0997314453125,513.7269517833869
3110,514.841796875,513.51204585669
3111,514.841796875,512.0183882997717
3112,514.841796875,511.11283252384885
3113,522.5838012695312,511.27883077447143
3114,522.5838012695312,511.83647894023306
3115,522.5838012695312,513.3579058853538
3116,522.5838012695312,515.354511652576
3117,522.5838012695312,516.263864196997
3118,522.5838012695312,516.8887769730376
3119,530.3257446289062,516.9916782290352
3120,530.3257446289062,517.0876570047941
3121,518.7127075195312,518.2947468370339
3122,514.841796875,518.6591041674562
3123,514.841796875,517.9874116716393
3124,510.97076416015625,515.7199550353827
3125,510.97076416015625,513.1645267530728
3126,518.7127075195312,510.2778966419941
3127,507.0997314453125,509.00265040036305
3128,507.0997314453125,507.4717933418558
3129,503.228759765625,506.2550438241808
3130,507.0997314453125,504.55021530120456
3131,507.0997314453125,502.974432758699
3132,503.228759765625,501.4600077610645
3133,487.7448425292969,500.37494430242066
3134,514.841796875,497.9209515468741
3135,514.841796875,497.77266566278075
3136,503.228759765625,499.02159058605514
3137,499.3578186035156,499.678581641059
3138,476.1318359375,500.4757794099796
3139,487.7448425292969,499.43436995937185
3140,480.0028991699219,495.5452163708631
3141,476.1318359375,489.4544491756134
3142,464.5188903808594,483.66806802790154
3143,460.64788818359375,477.6936850316655
3144,445.1638793945313,473.81776715473563
3145,441.2929382324219,468.1051492722206
3146,437.4219665527344,462.24064299038605
3147,421.93798828125,456.1178328349497
3148,418.0669860839844,449.9052600084586
3149,390.9700622558594,442.68108677891826
3150,366.1957092285156,434.34357740996313
3151,349.9375305175781,422.4338739845524
3152,363.8731384277344,408.7781161940294
3153,356.1311340332031,396.3920860862737
3154,354.582763671875,386.44992107483773
3155,340.6471862792969,379.18096363640603
3156,346.06652832031244,376.5890598874301
3157,344.5181884765625,375.9251375224933
3158,352.2601318359375,373.87668379103417
3159,353.0343322753906,372.7629591450754
3160,390.9700622558594,370.92657700848076
3161,398.7120666503906,375.81088127977756
3162,410.3250427246094,384.4077364262479
3163,406.45404052734375,394.2792815436158
3164,406.45404052734375,403.5059764354802
3165,406.45404052734375,411.039418533441
3166,425.8089904785156,413.9870353422351
3167,418.0669860839844,414.29739909273417
3168,425.8089904785156,415.96091347663264
3169,425.8089904785156,417.42160978516927
3170,410.3250427246094,420.3564588561761
3171,414.1959838867188,423.013737660876
3172,425.8089904785156,423.41714872866555
3173,418.0669860839844,422.82453497394306
3174,418.0669860839844,423.56456930272907
3175,425.8089904785156,420.84482924138536
3176,414.1959838867188,421.3480688315972
3177,418.0669860839844,419.35578961452427
3178,410.3250427246094,417.6530713884576
3179,410.3250427246094,418.11122656017585
3180,429.6799621582031,419.43583962197874
3181,433.5509033203125,421.6688339618428
3182,429.6799621582031,424.7610635019505
3183,441.2929382324219,427.8069371476024
3184,445.1638793945313,432.1333107029238
3185,449.0349426269531,436.5372089731635
3186,449.0349426269531,441.30678019825876
3187,449.0349426269531,442.8538132565076
3188,456.7769470214844,445.5380226284627
3189,483.8738098144531,448.3506510726016
3190,491.6158142089844,455.1667334964359
3191,495.4867858886719,462.3939794595515
3192,510.97076416015625,472.10835602047894
3193,507.0997314453125,482.2454453606779
3194,514.841796875,491.9056252587159
3195,514.841796875,498.93928017689007
3196,530.3257446289062,502.8684322800435
3197,518.7127075195312,507.3060864711412
3198,514.841796875,510.8436328076265
3199,514.841796875,512.3183771596068
3200,510.97076416015625,512.2583087500864
3201,510.97076416015625,511.0993848996096
3202,510.97076416015625,509.13063681753187
3203,510.97076416015625,506.22211789457594
3204,487.7448425292969,504.8843927369127
3205,503.228759765625,501.36638651365223
3206,510.97076416015625,499.74178459201414
3207,476.1318359375,500.24160709057753
3208,472.2609252929688,497.96629202649893
3209,464.5188903808594,494.0495456436713
3210,464.5188903808594,488.93508656382517
3211,460.64788818359375,481.41282285869886
3212,460.64788818359375,471.66983808862153
3213,456.7769470214844,466.11511279747003
3214,429.6799621582031,461.5067364693623
3215,437.4219665527344,457.1629684165023
3216,449.0349426269531,453.5249931383904
3217,472.2609252929688,452.028130402484
3218,472.2609252929688,454.5705348858754
3219,460.64788818359375,459.64826243792425
3220,456.7769470214844,463.054882069078
3221,445.1638793945313,465.29688269700773
3222,437.4219665527344,463.5799133445312
3223,433.5509033203125,457.31994271967085
3224,433.5509033203125,450.26531727781423
3225,425.8089904785156,445.1887905641742
3226,425.8089904785156,440.7498913861968
3227,425.8089904785156,437.2156826741124
3228,429.6799621582031,434.4609593644193
3229,425.8089904785156,433.9589735907814
3230,433.5509033203125,434.08866413892736
3231,437.4219665527344,435.14935764162874
3232,429.6799621582031,437.325329816465
3233,429.6799621582031,438.47403771077313
3234,425.8089904785156,438.04865836385864
3235,429.6799621582031,437.1966105346791
3236,425.8089904785156,435.51843885843846
3237,433.5509033203125,433.1245321718008
3238,433.5509033203125,432.51782622516373
3239,460.64788818359375,432.93497629710055
3240,449.0349426269531,437.24505023696184
3241,456.7769470214844,441.2815096135097
3242,468.389892578125,446.7717428183556
3243,472.2609252929688,452.9424452350354
3244,468.389892578125,459.13561039371433
3245,468.389892578125,462.3173023952746
3246,472.2609252929688,464.5876110227519
3247,476.1318359375,467.07212803108575
3248,468.389892578125,468.13229175213627
3249,464.5188903808594,468.5968749412191
3250,456.7769470214844,469.17008102812946
3251,456.7769470214844,467.9260654148203
3252,464.5188903808594,465.53987588089774
3253,460.64788818359375,463.2359084591984
3254,460.64788818359375,461.84309483953336
3255,464.5188903808594,460.64103793297727
3256,464.5188903808594,460.65959795014794
3257,472.2609252929688,461.66900858904
3258,464.5188903808594,463.13954117689553
3259,468.389892578125,463.19781715849706
3260,464.5188903808594,464.5396128051783
3261,464.5188903808594,464.8645808698545
3262,464.5188903808594,465.0453247097611
3263,464.5188903808594,464.5049650852079
3264,468.389892578125,464.2975202500948
3265,464.5188903808594,464.16624035699607
3266,460.64788818359375,464.028444149591
3267,464.5188903808594,464.0177072414656
3268,460.64788818359375,464.01375153847204
3269,456.7769470214844,463.27910332313706
3270,460.64788818359375,461.62611393470365
3271,456.7769470214844,461.0592828869927
3272,464.5188903808594,460.30090045369633
3273,464.5188903808594,460.0860033566936
3274,464.5188903808594,460.43890857376175
3275,460.64788818359375,460.99147083567453
3276,460.64788818359375,460.51032314030624
3277,460.64788818359375,460.5732788598242
3278,460.64788818359375,460.3966143386298
3279,441.2929382324219,459.73039625320564
3280,445.1638793945313,456.9104215035073
3281,449.0349426269531,454.9146104087616
3282,456.7769470214844,452.9970127450805
3283,460.64788818359375,452.3991541520138
3284,464.5188903808594,452.77166129016615
3285,460.64788818359375,455.40396971971916
3286,456.7769470214844,457.3956661769761
3287,456.7769470214844,458.8194896826085
3288,456.7769470214844,459.044947093853
3289,464.5188903808594,458.89115148059005
3290,464.5188903808594,458.6909116759295
3291,456.7769470214844,459.2035637201394
3292,464.5188903808594,459.7626422963585
3293,460.64788818359375,461.5436445910433
3294,468.389892578125,462.3916307608991
3295,452.9059143066406,462.77358567182625
3296,456.7769470214844,461.1841347627269
3297,456.7769470214844,460.077244300065
3298,441.2929382324219,458.1126726633354
3299,441.2929382324219,455.3995372132398
3300,445.1638793945313,452.4141116539582
3301,441.2929382324219,450.5639551944396
3302,437.4219665527344,448.5050824238457
3303,441.2929382324219,446.6466260517959
3304,437.4219665527344,445.5307822792334
3305,433.5509033203125,444.16346881636605
3306,441.2929382324219,442.83241007781027
3307,441.2929382324219,442.56637139210505
3308,433.5509033203125,442.5321121786787
3309,433.5509033203125,441.6648949348944
3310,433.5509033203125,440.2989412449311
3311,433.5509033203125,439.0916041812542
3312,433.5509033203125,437.8410016160852
3313,433.5509033203125,436.7569624019664
3314,429.6799621582031,436.9997966513612
3315,433.5509033203125,436.439358302238
3316,421.93798828125,436.1550598089643
3317,429.6799621582031,434.7318543819247
3318,425.8089904785156,434.57171904823895
3319,425.8089904785156,433.8851750068078
3320,425.8089904785156,433.5526840426885
3321,425.8089904785156,432.6531677775862
3322,421.93798828125,432.372772009141
3323,421.93798828125,431.61219981168745
3324,418.0669860839844,431.44378222485904
3325,418.0669860839844,430.50857633587293
3326,418.0669860839844,429.36585497422027
3327,418.0669860839844,427.8355453567523
3328,410.3250427246094,427.001457125539
3329,402.5830383300781,425.19861016744784
3330,402.5830383300781,423.10164609615254
3331,402.5830383300781,420.59475464276136
3332,398.7120666503906,417.84446383954776
3333,387.0990905761719,414.6238858648097
3334,385.5506591796875,410.9758094165535
3335,382.4538879394531,408.1422545972032
3336,382.4538879394531,405.00128514521055
3337,384.0022888183594,401.89999633887203
3338,384.0022888183594,399.0997824447531
3339,384.0022888183594,398.5933465052474
3340,384.0022888183594,398.6332037447852
3341,382.4538879394531,398.8766030946076
3342,382.4538879394531,399.54052545954437
3343,384.0022888183594,399.6351974405643
3344,384.0022888183594,398.8238898203407
3345,382.4538879394531,398.34572656160594
3346,384.0022888183594,398.06372378881963
3347,390.9700622558594,397.6536551316168
3348,390.9700622558594,397.68764945421765
3349,398.7120666503906,399.9103130518887
3350,387.0990905761719,403.8329929892067
3351,384.0022888183594,406.2673926533632
3352,387.0990905761719,407.41749563935207
3353,385.5506591796875,405.5560548306688
3354,382.4538879394531,402.874918192289
3355,384.0022888183594,400.3874167473216
3356,385.5506591796875,399.075041641655
3357,387.0990905761719,398.88896466646247
3358,385.5506591796875,399.28510006624595
3359,384.0022888183594,399.8254420314108
3360,390.9700622558594,400.1306668998959
3361,385.5506591796875,400.3936328520258
3362,390.9700622558594,400.07422749468424
3363,406.45404052734375,399.8363378740314
3364,476.1318359375,402.036962555024
3365,472.2609252929688,412.6189625256681
3366,476.1318359375,429.55078408916916
3367,480.0028991699219,446.24106053862596
3368,468.389892578125,463.4550084906318
3369,464.5188903808594,475.3480767722036
3370,468.389892578125,475.90846214316167
3371,522.5838012695312,474.40759072609666
3372,650.326416015625,474.136483795931
3373,630.9714965820312,495.29845290755736
3374,696.7782592773438,532.6503108696495
3375,689.036376953125,581.0182365683754
3376,669.6813354492188,629.7750639399262
3377,689.036376953125,660.5363112376817
3378,696.7782592773438,674.2311040024717
3379,704.520263671875,681.0668082142021
3380,739.3591918945312,686.0567818506225
3381,781.9401245117188,692.5723279735823
3382,816.779052734375,711.6913884016959
3383,809.0370483398438,739.1187495704105
3384,805.1660766601562,768.1065384434479
3385,812.9080810546875,788.3818208356186
3386,805.1660766601562,804.0277210572224
3387,781.9401245117188,808.3077563774763
3388,770.3270874023438,804.6281049428251
3389,739.3591918945312,796.9142545333366
3390,712.2622680664062,785.8525814262525
3391,739.3591918945312,768.3599506664727
3392,770.3270874023438,752.5088836708549
3393,750.9722290039062,745.9927018099139
3394,747.1011352539062,743.311997826549
3395,727.7462768554688,743.8808332148393
3396,735.4882202148438,745.978106325431
3397,731.6172485351562,745.4643240803657
3398,754.8432006835938,738.6314475781973
3399,793.5531005859375,736.3959897536565
3400,716.1332397460938,741.0562493647778
3401,646.4555053710938,744.077735395099
3402,584.5195922851562,734.5840128917811
3403,630.9714965820312,709.3834961809328
3404,596.132568359375,641.3041658809711
3405,561.293701171875,630.1607593300513
3406,557.4226684570312,616.0329031769847
3407,530.3257446289062,610.016947773116
3408,522.5838012695312,613.3952505750281
3409,503.228759765625,576.539758286227
3410,487.7448425292969,559.9469219269162
3411,545.8096923828125,541.1055465511339
3412,569.03564453125,519.4598603031322
3413,611.6165161132812,524.7552486464627
3414,630.9714965820312,548.4422454033303
3415,630.9714965820312,580.2702334405901
3416,623.2294921875,610.9269581297538
3417,603.8745727539062,627.5092165154344
3418,630.9714965820312,631.0918274036013
3419,665.8103637695312,629.0664390407693
3420,665.8103637695312,621.7975036765731
3421,669.6813354492188,627.4429584902923
3422,642.58447265625,640.0701325128628
3423,677.4234008789062,653.7516139618175
3424,696.7782592773438,663.1955535456253
3425,681.2943725585938,661.0492403135465
3426,692.9072875976562,669.7311143778722
3427,689.036376953125,674.2100297298828
3428,685.1653442382812,684.0852259257949
3429,708.3912963867188,688.2294561346819
3430,700.6492919921875,681.8645225202324
3431,689.036376953125,686.4684442676253
3432,696.7782592773438,687.1553900601417
3433,689.036376953125,690.2724089666656
3434,689.036376953125,692.1803646042998
3435,689.036376953125,688.782428977374
3436,677.4234008789062,684.6304948603133
3437,689.036376953125,682.2163549294575
3438,735.4882202148438,681.3989857241779
3439,735.4882202148438,681.5170828838628
3440,731.6172485351562,694.7313603801304
3441,750.9722290039062,707.1685188320472
3442,743.230224609375,719.8933972837333
3443,739.3591918945312,731.7481358628609
3444,727.7462768554688,737.0565126863331
3445,716.1332397460938,736.5388100570511
3446,716.1332397460938,733.811970921585
3447,716.1332397460938,728.5714679572901
3448,712.2622680664062,722.3911853224229
3449,723.875244140625,717.3824971491835
3450,716.1332397460938,713.0789792572524
3451,712.2622680664062,712.5708700906991
3452,681.2943725585938,707.6204049208962
3453,661.9393920898438,703.39787739885
3454,638.7135009765625,695.8004597516931
3455,650.326416015625,680.9250474741093
3456,642.58447265625,666.4803984494674
3457,623.2294921875,651.5007825359941
3458,642.58447265625,641.6564022487051
3459,630.9714965820312,635.3223722879649
3460,623.2294921875,630.3834364913401
3461,638.7135009765625,626.9131823579281
3462,619.3584594726562,620.7515932893559
3463,607.74560546875,622.712476321341
3464,619.3584594726562,621.1284733335519
3465,623.2294921875,616.1069136736187
3466,634.842529296875,614.5942943484445
3467,642.58447265625,613.7511954143184
3468,623.2294921875,617.6239279790722
3469,638.7135009765625,622.9795524961125
3470,646.4555053710938,626.4553836851125
3471,658.068359375,629.9274821208968
3472,646.4555053710938,634.8169330001899
3473,654.1973876953125,638.9539347247492
3474,638.7135009765625,642.4031780489992
3475,638.7135009765625,643.824877047433
3476,615.4874877929688,640.5538041211274
3477,615.4874877929688,633.0649550139933
3478,611.6165161132812,625.7752113717454
3479,615.4874877929688,618.3864029756219
3480,611.6165161132812,611.6328634831026
3481,603.8745727539062,607.0039382492097
3482,603.8745727539062,603.3115367361596
3483,623.2294921875,600.6874355073488
3484,638.7135009765625,601.1114550813593
3485,654.1973876953125,604.4714230233022
3486,654.1973876953125,610.6453482783585
3487,654.1973876953125,622.6070608099251
3488,654.1973876953125,632.4457517389534
3489,646.4555053710938,640.4975164762845
3490,650.326416015625,643.2874822686294
3491,689.036376953125,641.8335372270427
3492,681.2943725585938,641.2252286909116
3493,704.520263671875,653.1087857362817
3494,681.2943725585938,663.430019452359
3495,681.2943725585938,675.2992232779802
3496,677.4234008789062,683.3766562122266
3497,677.4234008789062,680.0546007696778
3498,696.7782592773438,681.5722463982652
3499,685.1653442382812,678.4927073361207
3500,735.4882202148438,679.4368775721251
3501,747.1011352539062,681.2914356341935
3502,747.1011352539062,696.5523567746128
3503,750.9722290039062,713.0678450128888
3504,754.8432006835938,728.9652811475038
3505,739.3591918945312,742.2341658874402
3506,727.7462768554688,743.9284164367864
3507,758.7141723632812,740.7846126529613
3508,739.3591918945312,739.1600195610174
3509,770.3270874023438,738.6677287915913
3510,758.7141723632812,739.6120027765023
3511,793.5531005859375,744.2661080907789
3512,805.1660766601562,754.2190364994228
3513,774.1981811523438,765.2413026813723
3514,797.4241333007812,777.613505488039
3515,824.52099609375,787.1795078679312
3516,828.3919677734375,795.23550009728
3517,840.0050659179688,802.3794997036473
3518,840.0050659179688,808.637792686613
3519,836.1339721679688,824.4199704082226
3520,836.1339721679688,834.8633618395969
3521,863.23095703125,839.8880229296116
3522,828.3919677734375,839.7474718576217
3523,785.8110961914062,837.3625891184381
3524,770.3270874023438,833.5460067864116
3525,774.1981811523438,822.4352847281463
3526,750.9722290039062,810.437284360915
3527,766.4561767578125,791.6487900235891
3528,750.9722290039062,772.1899541336559
3529,781.9401245117188,761.089439201865
3530,762.585205078125,754.8336803411296
3531,762.585205078125,761.328741573587
3532,743.230224609375,764.7054550305462
3533,735.4882202148438,762.2529191745398
3534,750.9722290039062,760.0056119004066
3535,778.069091796875,749.5047656489897
3536,797.4241333007812,745.2280502937483
3537,812.9080810546875,751.6970639283686
3538,793.5531005859375,761.9187152497491
3539,778.069091796875,781.405188082472
3540,797.4241333007812,793.7660270727263
3541,793.5531005859375,794.9056227226386
3542,789.6820678710938,797.280898754552
3543,778.069091796875,792.9625249021597
3544,785.8110961914062,787.4365402655707
3545,781.9401245117188,784.3204175730064
3546,774.1981811523438,782.1477918522651
3547,762.585205078125,777.2979587070549
3548,789.6820678710938,773.8400738714802
3549,805.1660766601562,773.5791652380948
3550,847.7469482421875,774.4988926731797
3551,836.1339721679688,781.1551046541538
3552,836.1339721679688,804.2741401624551
3553,840.0050659179688,824.642849548766
3554,894.1988525390625,830.6657428848382
3555,940.6506958007812,837.7163596455362
3556,901.9408569335938,851.1000568989217
3557,905.8118286132812,873.7923179686277
3558,894.1988525390625,898.6538406455917
3559,921.2957763671876,912.0676824749148
3560,929.0377807617188,912.9000754048451
3561,929.0377807617188,907.0133536124484
3562,917.4247436523438,915.2673870526064
3563,971.61865234375,921.1677418928202
3564,975.4896850585938,919.91542636698
3565,979.3604736328124,938.0343649944809
3566,956.1348266601562,946.9560645899089
3567,983.2316284179688,957.272714590994
3568,1006.45751953125,968.0449061743195
3569,983.2316284179688,972.517322871412
3570,1021.9415283203124,978.950178908357
3571,1010.3285522460938,980.6246421130411
3572,1018.0706176757812,994.0676395925534
3573,987.1026611328124,1002.9174301585628
3574,1002.5865478515624,1002.9004418269565
3575,994.8446044921876,1001.8345564640761
3576,960.0057983398438,998.6468955892487
3577,963.8766479492188,992.8847784411491
3578,960.0057983398438,983.0498059170832
3579,956.1348266601562,974.0217261661498
3580,1018.0706176757812,966.483039229845
3581,975.4896850585938,963.6711348206289
3582,994.8446044921876,969.5213723166654
3583,987.1026611328124,975.8071256485373
3584,987.1026611328124,982.8756137102597
3585,1006.45751953125,987.3667140402414
3586,1006.45751953125,988.0879234610313
3587,990.9735717773438,988.2230531007934
3588,990.9735717773438,990.2877534695475
3589,994.8446044921876,991.0877590812181
3590,983.2316284179688,991.541923231166
3591,952.263671875,990.6413650621503
3592,929.0377807617188,981.7133787244647
3593,913.5538940429688,971.5481403192134
3594,952.263671875,958.3644532984396
3595,960.0057983398438,946.6909265330103
3596,944.5218505859376,940.9213218042444
3597,944.5218505859376,937.5140840944978
3598,948.3927612304688,938.0514063042524
3599,921.2957763671876,941.8193723401124
3600,898.0698852539062,942.6683297763282
3601,898.0698852539062,935.0351651122753
3602,901.9408569335938,927.735568635032
3603,905.8118286132812,919.3446396162753
3604,905.8118286132812,911.4157155159005
3605,905.8118286132812,907.0759384848109
3606,905.8118286132812,905.1808742006823
3607,905.8118286132812,903.4324181587526
3608,905.8118286132812,903.3598027537994
3609,905.8118286132812,902.4929033790056
3610,963.8766479492188,902.4929033790056
3611,952.263671875,907.7868171634077
3612,940.6506958007812,920.0593503821474
3613,987.1026611328124,929.0310437060341
3614,979.3604736328124,939.7477848098963
3615,956.1348266601562,955.2133826763027
3616,952.263671875,963.5989785597733
3617,960.0057983398438,964.7772129514261
3618,936.77978515625,964.9562791494382
3619,948.3927612304688,960.018608206505
3620,960.0057983398438,952.5513711555212
3621,956.1348266601562,949.3311463685504
3622,952.263671875,950.139204661315
3623,967.7476196289062,949.6611650182988
3624,963.8766479492188,950.8385517593102
3625,975.4896850585938,954.7393340550567
3626,994.8446044921876,956.5683522267035
3627,1002.5865478515624,960.8971627776191
3628,1021.9415283203124,967.4541289959868
3629,1021.9415283203124,978.868945721882
3630,998.7156372070312,991.9223417753055
3631,1021.9415283203124,1002.6454402589789
3632,998.7156372070312,1005.9818991401621
3633,990.9735717773438,1006.7933480354925
3634,994.8446044921876,1003.2778229562973
3635,979.3604736328124,996.5971350630507
3636,1002.5865478515624,993.9165105469334
3637,1014.199462890625,989.0514903277302
3638,1072.264404296875,990.0043909238572
3639,1029.68359375,994.0553133394752
3640,1072.264404296875,1008.8355503434708
3641,1083.8773193359375,1021.7854623810806
3642,1099.3612060546875,1038.3365828502283
3643,1099.3612060546875,1054.243453513077
3644,1087.748291015625,1063.6993496065188
3645,1072.264404296875,1071.5307585643473
3646,1083.8773193359375,1074.8146984245357
3647,1107.1033935546875,1073.1495593769077
3648,1060.6514892578125,1072.8405553993127
3649,1060.6514892578125,1072.2253376274841
3650,1068.393310546875,1068.728107674634
3651,1087.748291015625,1066.720058623752
3652,1076.1353759765625,1065.7121666922592
3653,1072.264404296875,1062.9550770245255
3654,1072.264404296875,1059.3245893270798
3655,1052.9095458984375,1061.7833766065673
3656,1060.6514892578125,1058.5858617930328
3657,1052.9095458984375,1054.6238367384396
3658,1064.5224609375,1050.372586221219
3659,1052.9095458984375,1048.640835960682
3660,1060.6514892578125,1047.5036419875871
3661,1060.6514892578125,1046.8662087051964
3662,1052.9095458984375,1046.9186924074147
3663,1049.03857421875,1048.1409693136475
3664,1068.393310546875,1045.9449537330179
3665,1049.03857421875,1043.94884242867
3666,1052.9095458984375,1046.4600074540454
3667,1045.1676025390625,1046.0717481414722
3668,1045.1676025390625,1043.2102208509532
3669,1006.45751953125,1043.2684261950012
3670,990.9735717773438,1035.2845460780372
3671,1010.3285522460938,1025.3928869173226
3672,1010.3285522460938,1016.8998513150449
3673,1006.45751953125,1009.2383256732792
3674,1002.5865478515624,1001.983213195325
3675,998.7156372070312,997.9300303779963
3676,983.2316284179688,996.6440030797689
3677,1006.45751953125,991.3815053472665
3678,990.9735717773438,992.0088021407362
3679,987.1026611328124,993.0104073299713
3680,987.1026611328124,988.8779691776645
3681,971.61865234375,989.4076095534806
3682,960.0057983398438,985.6889661893215
3683,960.0057983398438,977.8832693009513
3684,932.90869140625,970.2758167063566
3685,913.5538940429688,961.1821146682622
3686,960.0057983398438,948.3172502450138
3687,948.3927612304688,940.1170426205897
3688,956.1348266601562,939.3543512965325
3689,948.3927612304688,940.0954981667855
3690,940.6506958007812,943.8761259841026
3691,940.6506958007812,945.5668005073051
3692,956.1348266601562,944.371436508939
3693,952.263671875,943.4810148288442
3694,944.5218505859376,941.0783844043547
3695,952.263671875,938.5030628210526
3696,960.0057983398438,937.2630735482904
3697,990.9735717773438,941.6257548060884
3698,987.1026611328124,945.811100485934
3699,990.9735717773438,959.1858267700306
3700,990.9735717773438,971.9493969416226
3701,987.1026611328124,980.9990917839135
3702,956.1348266601562,985.6401556398832
3703,956.1348266601562,982.5724020120481
3704,948.3927612304688,975.4834643786
3705,948.3927612304688,968.0106822796699
3706,944.5218505859376,959.2086426997971
3707,940.6506958007812,951.768989613438
3708,940.6506958007812,947.1465740715809
3709,932.90869140625,944.7711391051721
3710,932.90869140625,941.8167587506346
3711,929.0377807617188,938.8389620471262
3712,936.77978515625,936.1452695836194
3713,940.6506958007812,933.654130304649
3714,944.5218505859376,934.4815786058375
3715,944.5218505859376,934.4850221865685
3716,948.3927612304688,933.6628717018893
3717,944.5218505859376,935.1233384383772
3718,944.5218505859376,935.9101701463283
3719,944.5218505859376,936.1593617755341
3720,936.77978515625,938.5432555889693
3721,936.77978515625,938.7516363716657
3722,932.90869140625,935.6744173116674
3723,925.1668090820312,932.8220552437093
3724,925.1668090820312,928.9123726162273
3725,967.7476196289062,925.588134031792
3726,948.3927612304688,926.3030037321593
3727,971.61865234375,932.7707017423465
3728,971.61865234375,941.1520593726098
3729,956.1348266601562,949.5585639719034
3730,1021.9415283203124,956.3267011563291
3731,1037.4254150390625,959.6486793390538
3732,1029.68359375,974.7959490708088
3733,1056.7803955078125,994.3187207763142
3734,1052.9095458984375,1010.405399331486
3735,1052.9095458984375,1028.981804414559
3736,1052.9095458984375,1038.0191730037718
3737,1056.7803955078125,1039.9016284846084
3738,1045.1676025390625,1041.04090626553
3739,1045.1676025390625,1041.7264790406014
3740,1045.1676025390625,1040.9634875069419
3741,1021.9415283203124,1040.2543924265697
3742,994.8446044921876,1036.6984626667975
3743,1041.2965087890625,1027.388433121243
3744,1060.6514892578125,1020.2194631397288
3745,1056.7803955078125,1020.6060271510189
3746,994.8446044921876,1024.99728129919
3747,1029.68359375,1025.6683027382492
3748,1018.0706176757812,1025.6241895861156
3749,1045.1676025390625,1025.77009145278
3750,1033.5545654296875,1020.5624437805363
3751,1025.8125,1018.6418087020566
3752,1037.4254150390625,1019.6088368088749
3753,1045.1676025390625,1022.4559187197121
3754,1064.5224609375,1027.3949317761608
3755,1087.748291015625,1030.1241549290562
3756,1114.8453369140625,1037.5351291687118
3757,1103.2322998046875,1052.2640479901213
3758,1114.8453369140625,1067.3126723784744
3759,1087.748291015625,1079.4474270491974
3760,1126.4583740234375,1086.977566841534
3761,1087.748291015625,1090.9795727513838
3762,1083.8773193359375,1092.0248672674315
3763,1149.6842041015625,1087.0833112590585
3764,1153.55517578125,1089.3259123061925
3765,1134.2003173828125,1098.8555893242196
3766,1103.2322998046875,1102.8228415577687
3767,1099.3612060546875,1103.5116636602988
3768,1107.1033935546875,1104.3426085203832
3769,1099.3612060546875,1099.1543861753403
3770,1080.0064697265625,1089.6508450520919
3771,1099.3612060546875,1083.0928192704223
3772,1103.2322998046875,1079.710375341939
3773,1091.619384765625,1080.0658235109315
3774,1091.619384765625,1079.9459869014927
3775,1083.8773193359375,1080.2572159620217
3776,1083.8773193359375,1078.9897310215765
3777,1060.6514892578125,1076.4593172628845
3778,1052.9095458984375,1071.040498624583
3779,1072.264404296875,1064.4548888782886
3780,1068.393310546875,1060.2245470768912
3781,1080.0064697265625,1057.4756513653583
3782,1068.393310546875,1059.4933424422873
3783,1045.1676025390625,1061.4394070400112
3784,1033.5545654296875,1059.5022427740228
3785,1029.68359375,1054.3157157302628
3786,1045.1676025390625,1045.0935946199847
3787,1018.0706176757812,1036.7564207794085
3788,1014.199462890625,1027.8179447650346
3789,1021.9415283203124,1022.339119525072
3790,1029.68359375,1018.0582365541766
3791,1010.3285522460938,1016.3922145371304
3792,1025.8125,1012.5562421966802
3793,1021.9415283203124,1011.6986669789426
3794,979.3604736328124,1011.5634313828504
3795,975.4896850585938,1007.5781665731699
3796,944.5218505859376,999.2442420600528
3797,960.0057983398438,988.44114654709
3798,952.263671875,975.5712315387697
3799,944.5218505859376,963.7076544357659
3800,932.90869140625,952.6985091793708
3801,929.0377807617188,944.0881799195788
3802,909.6828002929688,937.3869188388878
3803,905.8118286132812,933.0966234139944
3804,905.8118286132812,925.3168681671311
3805,905.8118286132812,918.8691076064069
3806,905.8118286132812,913.1114582835635
3807,905.8118286132812,907.3763776590492
3808,905.8118286132812,905.1888032660578
3809,913.5538940429688,904.5399973375606
3810,921.2957763671876,905.2190537983255
3811,921.2957763671876,906.0009938556996
3812,932.90869140625,907.944215291897
3813,932.90869140625,911.2770186796888
3814,936.77978515625,916.3130877345868
3815,936.77978515625,922.6156528041813
3816,936.77978515625,927.3573221956613
3817,917.4247436523438,930.5123485207916
3818,917.4247436523438,928.9759464143381
3819,917.4247436523438,926.6444303467908
3820,882.5858764648438,922.3603157078248
3821,863.23095703125,914.0098620071988
3822,863.23095703125,903.6033610381171
3823,863.23095703125,892.7591897878195
3824,863.23095703125,882.2146453798956
3825,801.2950439453125,872.087515934734
3826,801.2950439453125,851.6349597724704
3827,778.069091796875,835.1102047701503
3828,777.1888427734375,817.7199631441056
3829,773.2235717773438,804.4196005444102
3830,797.01513671875,790.9040141490273
3831,773.2235717773438,786.990490604576
3832,773.2235717773438,785.7124718389717
3833,773.2235717773438,780.6250846014877
3834,785.119384765625,779.6988055333197
3835,773.2235717773438,778.1663414704714
3836,733.5711059570312,777.1667494515098
3837,761.327880859375,764.3614942936845
3838,753.3973999023438,760.8773322882238
3839,765.2930908203125,759.8288061041053
3840,757.3626098632812,755.1074803280208
3841,757.3626098632812,753.1790486295783
3842,773.2235717773438,753.0953342990383
3843,832.702392578125,758.1925313267585
3844,828.7371215820312,766.2567969795558
3845,836.6676025390625,782.831369116451
3846,836.6676025390625,799.0876837562485
3847,864.4243774414062,817.1427483760365
3848,880.2853393554688,828.7757115263935
3849,880.2853393554688,842.4840413160764
3850,868.3895874023438,856.0075479471407
3851,872.3548583984375,865.0918022124602
3852,876.320068359375,873.080626958166
3853,872.3548583984375,874.8346810262072
3854,880.2853393554688,874.0325386285447
3855,880.2853393554688,873.9915158693748
3856,880.2853393554688,874.9015571299421
3857,880.2853393554688,876.7282972404898
3858,880.2853393554688,877.7702364727486
3859,880.2853393554688,877.9531347580356
3860,880.2853393554688,876.8790201201775
3861,880.2853393554688,876.8790201201775
3862,852.528564453125,876.8790201201775
3863,832.702392578125,872.1398583618452
3864,800.9803466796875,864.5917766309306
3865,808.9108276367188,850.4320905340496
3866,793.0499267578125,835.7066329527595
3867,777.1888427734375,819.8902489958887
3868,757.3626098632812,804.884819471474
3869,753.3973999023438,789.8181736772954
3870,745.4668579101562,777.0319553401265
3871,741.5015869140625,766.7679126569781
3872,741.5015869140625,756.2648060038506
3873,741.5015869140625,746.9085000310879
3874,729.6058959960938,741.2860068370891
3875,753.3973999023438,736.3330516935268
3876,757.3626098632812,734.6562397901903
3877,749.43212890625,738.1187425558222
3878,745.4668579101562,741.2666786365246
3879,745.4668579101562,744.0896378228564
3880,761.327880859375,745.9121043614201
3881,761.327880859375,747.7714613622765
3882,789.0845947265625,748.305004462921
3883,793.0499267578125,754.6652980730778
3884,781.1541137695312,764.2622926795491
3885,789.0845947265625,773.1421925027192
3886,816.8413696289062,779.5007731522047
3887,812.8760986328125,786.206952372555
3888,789.0845947265625,794.5719662388872
3889,789.0845947265625,797.1997362056306
3890,804.945556640625,797.373239696308
3891,789.0845947265625,800.3567050634812
3892,800.9803466796875,798.6678671166686
3893,793.0499267578125,794.9964096382184
3894,793.0499267578125,795.3050780874346
3895,812.8760986328125,795.3323265236803
3896,812.8760986328125,796.0208660759967
3897,800.9803466796875,801.2766885596975
3898,800.9803466796875,803.31852002052
3899,793.0499267578125,804.6862396493198
3900,745.4668579101562,803.2421961440103
3901,725.640625,793.307430416299
3902,725.640625,777.3771522341738
3903,721.6753540039062,759.4553188698987
3904,721.6753540039062,744.1514191930482
3905,729.6058959960938,730.7561903590608
3906,753.3973999023438,723.1066554419945
3907,753.3973999023438,724.8941122431263
3908,749.43212890625,728.6287196943665
3909,745.4668579101562,733.9281961861034
3910,757.3626098632812,738.7528117247296
3911,745.4668579101562,741.974043096837
3912,745.4668579101562,743.7983903602615
3913,745.4668579101562,743.7072061084434
3914,729.6058959960938,742.8975143222551
3915,725.640625,740.8535813942173
3916,725.640625,735.6637520448331
3917,697.8839111328125,730.2262850924193
3918,693.9186401367188,722.3368650438149
3919,709.7796020507812,712.470317533354
3920,717.7100830078125,706.6489089888219
3921,717.7100830078125,703.9490798878587
3922,697.8839111328125,703.4285473415914
3923,705.8143920898438,703.3320741029582
3924,721.6753540039062,704.5139728176968
3925,709.7796020507812,706.2477671524372
3926,713.7448120117188,705.8505236260338
3927,721.6753540039062,705.0453305690313
3928,717.7100830078125,705.2278933259394
3929,725.640625,707.9140584751558
3930,729.6058959960938,710.5199881933399
3931,729.6058959960938,713.5089103115178
3932,729.6058959960938,718.0253960122728
3933,721.6753540039062,720.3045873120973
3934,737.536376953125,719.9407597633258
3935,745.4668579101562,721.2194319262995
3936,733.5711059570312,724.6041009377168
3937,741.5015869140625,728.0116741758422
3938,709.7796020507812,730.9742043381099
3939,717.7100830078125,728.9112434191096
3940,713.7448120117188,725.5037143294551
3941,713.7448120117188,718.9444700499884
3942,713.7448120117188,713.9132131784196
3943,693.9186401367188,708.722487615076
3944,705.8143920898438,703.5595932477943
3945,701.84912109375,701.395651531281
3946,701.84912109375,699.5816924030618
3947,705.8143920898438,697.799480440274
3948,705.8143920898438,696.7185669378957
3949,701.84912109375,697.2990840115888
3950,705.8143920898438,696.9975367107305
3951,697.8839111328125,696.1446059121328
3952,689.953369140625,695.1016821689727
3953,678.0576171875,692.2629443191374
3954,670.1271362304688,687.4325938941402
3955,666.1619262695312,682.5568853301296
3956,674.0923461914062,675.7805056261849
3957,682.0228271484375,669.6259350607756
3958,689.953369140625,667.2839359388107
3959,689.953369140625,667.834145087224
3960,682.0228271484375,671.328878444044
3961,693.9186401367188,676.102074258601
3962,701.84912109375,680.0384645035601
3963,725.640625,683.8833967761816
3964,713.7448120117188,689.4039908844725
3965,701.84912109375,696.8727333983143
3966,697.8839111328125,703.1598862367141
3967,674.0923461914062,703.5863560508601
3968,685.9880981445312,697.3019624918921
3969,689.953369140625,688.8891005127874
3970,685.9880981445312,683.5185935462031
3971,685.9880981445312,681.4984875479155
3972,666.1619262695312,681.8700631533317
3973,654.2661743164062,675.5060809384303
3974,646.3356323242188,668.959981866177
3975,638.4050903320312,660.7891362860435
3976,674.0923461914062,652.9177056356232
3977,721.6753540039062,647.2389330746198
3978,721.6753540039062,650.4945881132078
3979,709.7796020507812,670.069708868095
3980,745.4668579101562,689.8123200919214
3981,745.4668579101562,708.0167566481873
3982,741.5015869140625,722.9634731211382
3983,713.7448120117188,727.713954547412
3984,701.84912109375,728.098814427725
3985,705.8143920898438,723.846716259863
3986,725.640625,718.0489536363505
3987,725.640625,711.1188975200143
3988,721.6753540039062,709.4594536251338
3989,721.6753540039062,710.0576521614265
3990,717.7100830078125,712.1989457123628
3991,701.84912109375,715.2924732175153
3992,705.8143920898438,712.2136780571055
3993,682.0228271484375,707.9568295137736
3994,697.8839111328125,699.5087193954942
3995,697.8839111328125,695.2635039742471
3996,697.8839111328125,693.1607520384155
3997,721.6753540039062,691.8783669890382
3998,733.5711059570312,691.4301099044981
3999,725.640625,695.4543092506742
4000,725.640625,704.6680862999502
4001,725.640625,714.1789516545226
4002,769.2583618164062,720.8319584565086
4003,836.6676025390625,725.2179147881704
4004,836.6676025390625,736.9077676581423
4005,884.2506103515625,765.4447741541035
4006,872.3548583984375,798.3666156105654
4007,868.3895874023438,835.4491060922458
4008,876.320068359375,859.0560881604356
4009,892.1810913085938,866.5989073936178
4010,872.3548583984375,874.5164941666628
4011,896.1463623046875,876.9801907561155
4012,888.2157592773438,879.2590465275609
4013,868.3895874023438,883.432578076591
4014,868.3895874023438,885.3806205258119
4015,904.0767822265624,882.6280516614993
4016,947.6946411132812,882.094137713699
4017,931.8335571289062,885.9644575645175
4018,915.9725952148438,901.6982485620094
4019,927.8683471679688,913.0205830710418
4020,896.1463623046875,923.9340850800568
4021,856.4938354492188,928.6757368121484
4022,852.528564453125,913.0344810096843
4023,876.320068359375,895.5410732368165
4024,904.0767822265624,883.3633532742037
4025,915.9725952148438,877.024498161521
4026,915.9725952148438,879.6953746952612
4027,919.9379272460938,890.4001250744242
4028,919.9379272460938,902.8564395478691
4029,991.3123779296876,911.8842897267537
4030,983.3819580078124,921.3910095399076
4031,943.7293090820312,937.3594938087584
4032,935.7988891601562,948.4662248452535
4033,963.5556030273438,953.4549667393355
4034,975.4512939453124,959.5026361972828
4035,1007.1732788085938,959.3338477632985
4036,1011.1386108398438,960.2881611104947
4037,983.3819580078124,968.0550073444638
4038,1003.2079467773438,980.5673903759647
4039,995.277587890625,990.2859168931577
