,y_actual,y_predict
0,393.33575439453125,445.5037646738309
1,393.33575439453125,426.37036161922157
2,393.33575439453125,411.37727965073384
3,359.13262939453125,398.0336068229742
4,342.0310974121094,382.3998053166457
5,376.2341613769531,368.3364092334375
6,376.2341613769531,363.67396597951677
7,376.2341613769531,364.8682623023916
8,359.13262939453125,368.4552513864926
9,342.0310974121094,366.98061731740484
10,342.0310974121094,360.4646770852489
11,342.0310974121094,353.4683501890959
12,342.0310974121094,348.5412353018263
13,342.0310974121094,343.7821639533256
14,342.0310974121094,341.7049964965033
15,342.0310974121094,340.89917081605563
16,342.0310974121094,339.89103197494876
17,342.0310974121094,339.29351663899104
18,342.0310974121094,339.3547735881199
19,324.9295654296875,339.71558375002144
20,328.349853515625,337.33714959933184
21,328.349853515625,334.04591959129436
22,331.7701721191406,333.02450127170493
23,338.61077880859375,331.5021345149844
24,342.0310974121094,332.63266486284203
25,342.0310974121094,334.42490489194836
26,342.0310974121094,335.5949676964866
27,342.0310974121094,336.38592280886405
28,342.0310974121094,337.0728451405033
29,342.0310974121094,336.9009462692717
30,324.9295654296875,337.35477397630393
31,324.9295654296875,333.45305513259314
32,324.9295654296875,329.220879220655
33,328.349853515625,326.1060153738455
34,328.349853515625,325.2667768120548
35,331.7701721191406,325.3589988123915
36,331.7701721191406,326.198849331716
37,331.7701721191406,327.3902694541823
38,331.7701721191406,328.41376842938644
39,342.0310974121094,329.1334916848349
40,359.13262939453125,332.3206277163807
41,359.13262939453125,339.87536586208466
42,359.13262939453125,346.5895191394236
43,342.0310974121094,351.26040740731025
44,342.0310974121094,349.5308318296604
45,342.0310974121094,347.58260382520007
46,324.9295654296875,344.6260533923728
47,324.9295654296875,338.0017966767424
48,318.0888977050781,331.5602092849376
49,318.0888977050781,325.11250231779525
50,318.0888977050781,320.56186370529144
51,318.0888977050781,317.92787608850597
52,324.9295654296875,316.67250640376244
53,328.349853515625,318.3030672524508
54,328.349853515625,321.0038194361688
55,342.0310974121094,323.3217921825234
56,342.0310974121094,328.39283948173204
57,342.0310974121094,333.7062831600607
58,342.0310974121094,337.1281661015547
59,342.0310974121094,338.74244887984526
60,342.0310974121094,338.9965948436135
61,342.0310974121094,339.30514383213233
62,342.0310974121094,338.85921037728554
63,342.0310974121094,337.7434894017447
64,324.9295654296875,337.1166612999201
65,324.9295654296875,332.9636114970964
66,324.9295654296875,328.8026062463339
67,307.8280029296875,325.84391396213846
68,307.8280029296875,318.6372572616341
69,307.8280029296875,313.2145179677768
70,307.8280029296875,310.3045375032683
71,307.8280029296875,308.48298470829513
72,307.8280029296875,307.25692778941834
73,307.8280029296875,307.06599703888696
74,307.8280029296875,306.74233269928436
75,300.9873352050781,305.5788790361106
76,300.9873352050781,303.4393531065988
77,277.0451965332031,301.5392249642915
78,283.8857421875,295.3191661997058
79,283.8857421875,289.5074666973944
80,283.8857421875,286.27792200875933
81,287.3061218261719,284.1517367534833
82,294.1466979980469,283.9213347420248
83,290.72637939453125,285.75304603205825
84,290.72637939453125,287.2202142192342
85,283.8857421875,288.0227353289997
86,283.8857421875,287.1035751133006
87,283.8857421875,285.63873236475297
88,283.8857421875,284.43507309161157
89,283.8857421875,283.6534197337471
90,290.72637939453125,283.2191746677951
91,304.40765380859375,284.7026821211223
92,331.7701721191406,289.2226004654318
93,311.248291015625,299.75132983367496
94,311.248291015625,305.8762903975153
95,311.248291015625,308.6997400667509
96,311.248291015625,309.74471875138977
97,283.8857421875,309.96734890216965
98,287.3061218261719,303.152345023268
99,287.3061218261719,296.1702767376514
100,287.3061218261719,291.27424929309655
101,304.40765380859375,288.35857762352407
102,304.40765380859375,291.0021729735894
103,287.3061218261719,294.9149682486611
104,283.8857421875,294.02640590964984
105,283.8857421875,290.9304515506334
106,283.8857421875,287.7924557090479
107,280.4654541015625,285.41200209849694
108,280.4654541015625,283.12107787513423
109,280.4654541015625,281.4919857245269
110,280.4654541015625,280.42742439880783
111,280.4654541015625,279.80793978738836
112,280.4654541015625,279.57141820059235
113,307.8280029296875,279.3798142967738
114,307.8280029296875,285.2755967642231
115,307.8280029296875,292.5146872140166
116,307.8280029296875,298.30319352579875
117,307.8280029296875,302.13502681915475
118,307.8280029296875,304.3595536501051
119,307.8280029296875,305.493694547412
120,290.72637939453125,305.9819754635946
121,290.72637939453125,301.9209640738475
122,287.3061218261719,297.3184926582346
123,287.3061218261719,292.943608249425
124,297.5670471191406,289.7524944939097
125,311.248291015625,290.2552788036422
126,311.248291015625,296.5158491569624
127,307.8280029296875,301.4342742472527
128,307.8280029296875,302.4057568320877
129,307.8280029296875,302.6748345596794
130,307.8280029296875,303.1153215924759
131,307.8280029296875,303.8151562280773
132,307.8280029296875,305.52814775656236
133,307.8280029296875,306.0557775421654
134,307.8280029296875,305.5643144468073
135,297.5670471191406,305.2743077715611
136,300.9873352050781,303.35300589858605
137,290.72637939453125,301.49442967282073
138,294.1466979980469,297.5063636210972
139,294.1466979980469,294.7474754716726
140,287.3061218261719,293.25154528041014
141,280.4654541015625,290.97408412279003
142,280.4654541015625,287.37975154828405
143,294.1466979980469,284.27259836639985
144,294.1466979980469,286.1547349572146
145,294.1466979980469,288.3543551165411
146,294.1466979980469,289.44247680730973
147,287.3061218261719,290.3522128769889
148,287.3061218261719,289.4910050397365
149,287.3061218261719,288.2994625257634
150,300.9873352050781,287.3558240087142
151,300.9873352050781,288.9136231066392
152,280.4654541015625,292.1855152566101
153,277.0451965332031,290.1964696846484
154,280.4654541015625,286.338995370628
155,280.4654541015625,283.334406271401
156,277.0451965332031,281.33440665958517
157,277.0451965332031,279.4089434753805
158,280.4654541015625,277.95083225970416
159,280.4654541015625,277.8199957389875
160,280.4654541015625,278.4582674466932
161,280.4654541015625,278.8625877892447
162,280.4654541015625,278.840802101043
163,280.4654541015625,278.8080011772338
164,280.4654541015625,278.81968956612855
165,246.26235961914062,278.9545650065679
166,273.6248779296875,270.9434901279435
167,273.6248779296875,266.21997351215396
168,273.6248779296875,266.4297525547249
169,273.6248779296875,268.21709692356114
170,273.6248779296875,270.0005247641815
171,297.5670471191406,271.30895116710155
172,270.20458984375,276.9411635247628
173,277.0451965332031,276.98136913473047
174,273.6248779296875,275.7343832681993
175,273.6248779296875,274.20320432299263
176,277.0451965332031,273.0789771377325
177,277.0451965332031,273.29738478152944
178,277.0451965332031,274.0084182399986
179,277.0451965332031,274.81149011154446
180,277.0451965332031,275.53898522767156
181,273.6248779296875,275.8033508822534
182,273.6248779296875,274.1210184262094
183,273.6248779296875,273.13901017179387
184,273.6248779296875,272.54712484514664
185,263.3639221191406,272.1212024016537
186,263.3639221191406,269.6009776903933
187,256.5232849121094,267.4222252829677
188,259.9436340332031,265.38685452570087
189,256.5232849121094,263.77006272152187
190,256.5232849121094,260.9983234638885
191,256.5232849121094,257.7423422097952
192,259.9436340332031,255.58305005194302
193,263.3639221191406,255.15333347174078
194,263.3639221191406,257.13846251548637
195,290.72637939453125,259.008665934393
196,297.5670471191406,265.9460613200455
197,287.3061218261719,277.5945505835523
198,287.3061218261719,277.9527293280588
199,287.3061218261719,275.0385875523207
200,290.72637939453125,274.55489631764124
201,294.1466979980469,276.0209629812565
202,304.40765380859375,279.9586649279521
203,311.248291015625,286.90505608935075
204,314.6685485839844,295.7159594645922
205,314.6685485839844,302.16072903557244
206,321.50921630859375,305.35392344670254
207,321.50921630859375,307.8278229726577
208,321.50921630859375,311.2919309839808
209,321.50921630859375,312.8869370999581
210,321.50921630859375,313.2865453694998
211,321.50921630859375,314.56718890038735
212,321.50921630859375,316.2538050591677
213,307.8280029296875,318.23091745922113
214,311.248291015625,317.3990835835889
215,314.6685485839844,314.96918380431066
216,314.6685485839844,312.0901071952567
217,304.40765380859375,309.97408043504095
218,307.8280029296875,306.9959890970255
219,311.248291015625,305.6415434875671
220,311.248291015625,306.10516251513934
221,311.248291015625,306.20160702245903
222,311.248291015625,306.70757351136706
223,307.8280029296875,308.2187414452201
224,321.50921630859375,308.28972851913556
225,331.7701721191406,314.01514200918757
226,331.7701721191406,327.50182931258564
227,331.7701721191406,324.30165858557086
228,331.7701721191406,315.9262853871023
229,321.50921630859375,313.7139977068272
230,321.50921630859375,313.594176421718
231,321.50921630859375,313.9430534117114
232,311.248291015625,315.7158331912443
233,318.0888977050781,315.7057970876907
234,318.0888977050781,316.5631495924805
235,318.0888977050781,319.07945777552493
236,314.6685485839844,320.10124326963455
237,314.6685485839844,319.40679386033014
238,314.6685485839844,318.7378630801833
239,331.7701721191406,317.1505676291313
240,318.0888977050781,325.2282234874283
241,318.0888977050781,336.11145985497524
242,318.0888977050781,324.9209596097302
243,318.0888977050781,313.15417895494863
244,318.0888977050781,312.85737955107777
245,331.7701721191406,314.434271724056
246,335.1905212402344,361.28439420171287
247,352.2919921875,394.3876862283727
248,359.13262939453125,433.48898822849543
249,324.9295654296875,413.52521999633484
250,328.349853515625,370.3680470497485
251,331.7701721191406,342.4849363732732
252,328.349853515625,326.99347618929596
253,314.6685485839844,320.34865770053136
254,304.40765380859375,317.2680022798587
255,304.40765380859375,313.06348684844625
256,300.9873352050781,310.02487291034254
257,283.8857421875,303.26549597125916
258,283.8857421875,298.4071651107836
259,277.0451965332031,295.21525581047433
260,280.4654541015625,289.3243078075418
261,287.3061218261719,285.1803761719709
262,277.0451965332031,285.5277232681299
263,266.7843017578125,284.7975355388543
264,280.4654541015625,280.3826903030904
265,283.8857421875,277.37944751043767
266,287.3061218261719,277.89037085536916
267,287.3061218261719,278.5294381078688
268,290.72637939453125,278.37840698853825
269,304.40765380859375,280.98051161781507
270,300.9873352050781,291.6397103322546
271,304.40765380859375,301.7789899260165
272,297.5670471191406,309.33128024158543
273,297.5670471191406,307.91404778916376
274,294.1466979980469,294.1178323651927
275,294.1466979980469,285.0737119738376
276,287.3061218261719,281.85426458450945
277,287.3061218261719,283.48904794018074
278,277.0451965332031,285.8243390847406
279,270.20458984375,285.7450293883661
280,270.20458984375,284.6491970326722
281,273.6248779296875,279.40251792127617
282,273.6248779296875,277.88829019975446
283,270.20458984375,277.96429532544676
284,270.20458984375,271.53421273527647
285,270.20458984375,268.0056043998957
286,294.7685852050781,268.67563670360335
287,287.7503356933594,285.88779908099093
288,277.2228088378906,297.1851471116296
289,284.2411804199219,286.7751375049347
290,287.7503356933594,276.33244936593746
291,284.2411804199219,274.76583807952636
292,287.7503356933594,277.26335916628454
293,287.7503356933594,277.3145800118598
294,284.2411804199219,279.58377974277414
295,280.73199462890625,282.0322830310786
296,284.2411804199219,283.65788702374357
297,284.2411804199219,285.2110964401654
298,280.73199462890625,285.93491981109
299,277.2228088378906,285.39474489604515
300,280.73199462890625,284.078485436693
301,280.73199462890625,282.68726117945585
302,287.7503356933594,281.6419153202967
303,284.2411804199219,283.545164446026
304,291.2594299316406,284.6965625457848
305,294.7685852050781,304.7938599118106
306,291.2594299316406,308.18624650017773
307,291.2594299316406,292.4317057724395
308,287.7503356933594,281.4127984196591
309,287.7503356933594,277.8012086427012
310,319.3326721191406,280.1350310891801
311,329.8601379394531,321.65781845249205
312,336.8783874511719,361.6154020317206
313,350.91497802734375,353.74544456037984
314,350.91497802734375,350.5903751036026
315,350.91497802734375,347.9622622791413
316,350.91497802734375,333.96685467793327
317,333.3692626953125,327.17547235983454
318,333.3692626953125,327.52263586873335
319,329.8601379394531,330.0157508612484
320,322.841796875,333.5653493400371
321,319.3326721191406,333.83913914063874
322,319.3326721191406,331.81411046569224
323,319.3326721191406,328.98448002536566
324,336.8783874511719,328.3713597722972
325,329.8601379394531,333.0688681929022
326,322.841796875,333.9626933667038
327,319.3326721191406,329.495219783037
328,329.8601379394531,324.1705160860872
329,319.3326721191406,323.1537486437545
330,319.3326721191406,321.0733990077566
331,319.3326721191406,319.5946648231927
332,319.3326721191406,318.7706028082391
333,312.3143615722656,318.25172401536884
334,319.3326721191406,316.592890728621
335,329.8601379394531,317.1063842951942
336,329.8601379394531,322.84116073551274
337,322.841796875,326.6695058709264
338,326.3509521484375,321.93607554309006
339,340.3875427246094,319.44889653865243
340,396.533935546875,324.2181263822133
341,438.6437377929688,415.1720895132978
342,473.73529052734375,451.84009536982995
343,438.6437377929688,466.39620906134036
344,421.0980224609375,464.13900369808755
345,403.5522766113281,441.2510269887586
346,403.5522766113281,409.13053876130823
347,403.5522766113281,389.2304141126581
348,333.3692626953125,380.93655365768575
349,336.8783874511719,377.1135937485691
350,386.0065612792969,370.2522646843622
351,386.0065612792969,368.1457844616731
352,368.4607849121094,373.34675034529766
353,368.4607849121094,371.08923900327795
354,386.0065612792969,367.0021582225929
355,386.0065612792969,370.47777103555063
356,368.4607849121094,373.99989262107374
357,350.91497802734375,370.4308338927117
358,368.4607849121094,366.79311352906245
359,368.4607849121094,364.19333433841405
360,350.91497802734375,360.7560912628227
361,368.4607849121094,358.5336450874871
362,333.3692626953125,358.26536290468925
363,336.8783874511719,352.4633935271645
364,336.8783874511719,346.42337266900927
365,336.8783874511719,341.9169785861958
366,340.3875427246094,337.15625495235406
367,340.3875427246094,336.3372721849306
368,340.3875427246094,336.76845746321396
369,340.3875427246094,337.5122918454923
370,340.3875427246094,338.36456510275195
371,340.3875427246094,338.90241457916864
372,357.9333190917969,339.22926109794685
373,350.91497802734375,343.7597663075902
374,386.0065612792969,346.8239600706049
375,368.4607849121094,358.8341774323138
376,350.91497802734375,366.885947486933
377,368.4607849121094,365.30471041546525
378,368.4607849121094,361.9625655406194
379,350.91497802734375,360.80119253306043
380,386.0065612792969,357.5785629645568
381,368.4607849121094,363.9894912839204
382,403.5522766113281,367.53627475805376
383,386.0065612792969,369.7579865843488
384,386.0065612792969,371.06255765480626
385,368.4607849121094,371.8306255554213
386,368.4607849121094,369.9172179346317
387,368.4607849121094,368.60401826294833
388,368.4607849121094,368.4021334725627
389,368.4607849121094,371.0744908267145
390,368.4607849121094,370.3364700410068
391,368.4607849121094,367.2234420667985
392,368.4607849121094,365.4107626560649
393,368.4607849121094,365.45366087918103
394,368.4607849121094,365.7414033115523
395,368.4607849121094,365.86177535844183
396,368.4607849121094,366.09315650195435
397,368.4607849121094,368.1298735657955
398,350.91497802734375,369.3614381024761
399,368.4607849121094,367.558488816529
400,368.4607849121094,367.34822020793104
401,386.0065612792969,365.4227570237265
402,368.4607849121094,370.3539720264722
403,368.4607849121094,377.0370990568498
404,386.0065612792969,374.18831434571666
405,368.4607849121094,368.3814493079218
406,386.0065612792969,364.6622162007766
407,386.0065612792969,366.91611699334715
408,368.4607849121094,371.49196825624176
409,386.0065612792969,369.9316601324283
410,386.0065612792969,370.1616337736132
411,438.6437377929688,373.7874821611075
412,438.6437377929688,400.75106544736366
413,421.0980224609375,424.25852676811206
414,438.6437377929688,425.11471655358775
415,403.5522766113281,422.2051950572295
416,421.0980224609375,413.01640790489483
417,421.0980224609375,407.01983603163615
418,403.5522766113281,405.7653230874398
419,403.5522766113281,402.49942812129973
420,386.0065612792969,399.769363171715
421,421.0980224609375,395.5762301504303
422,421.0980224609375,406.91237628870897
423,421.0980224609375,426.00838873800586
424,421.0980224609375,423.1141355821148
425,403.5522766113281,420.8779203622697
426,403.5522766113281,415.1982812957425
427,386.0065612792969,400.32544898263745
428,403.5522766113281,388.79347643355754
429,403.5522766113281,386.7659387327227
430,403.5522766113281,395.43743818177484
431,403.5522766113281,401.6602507552624
432,403.5522766113281,400.00031594495385
433,386.0065612792969,396.7762176783691
434,403.5522766113281,391.36118904943726
435,386.0065612792969,390.66563811657204
436,386.0065612792969,390.10869556510227
437,386.0065612792969,388.8890030045766
438,368.4607849121094,385.16475184565445
439,386.0065612792969,387.7733432247891
440,368.4607849121094,386.5426354286557
441,368.4607849121094,381.75498566332874
442,350.91497802734375,378.06763554369206
443,350.91497802734375,370.56344509027633
444,350.91497802734375,357.02204878336056
445,333.3692626953125,345.26291759775097
446,322.841796875,338.66974832483527
447,322.841796875,334.6266672908272
448,333.3692626953125,328.4583189378437
449,333.3692626953125,325.75493533673057
450,343.8967590332031,326.4569730194536
451,343.8967590332031,328.98362328481846
452,343.8967590332031,332.2836042855886
453,336.8783874511719,335.73149542226724
454,336.8783874511719,337.27118057719315
455,336.8783874511719,338.2836031210362
456,329.8601379394531,339.10185153941916
457,326.3509521484375,337.983315559223
458,322.841796875,333.69924564842245
459,322.841796875,329.5820565570767
460,319.3326721191406,326.71717736280584
461,322.841796875,324.5972952701276
462,322.841796875,322.36205918233645
463,322.841796875,319.24315641580415
464,326.3509521484375,318.58860663770054
465,326.3509521484375,319.67929855011096
466,326.3509521484375,321.9656330919704
467,319.3326721191406,322.0635462973711
468,319.3326721191406,319.81221572644233
469,315.823486328125,317.9102517115339
470,312.3143615722656,317.40942566590934
471,312.3143615722656,316.18373592155285
472,312.3143615722656,313.96257485703813
473,312.3143615722656,311.3033745898621
474,312.3143615722656,311.2910742434336
475,308.8052062988281,312.71289637735845
476,336.8783874511719,310.5186002485756
477,322.841796875,423.1614704973507
478,322.841796875,398.6785488677979
479,315.823486328125,377.98355257855417
480,308.8052062988281,351.52018338038897
481,298.2777404785156,329.4424690436274
482,298.2777404785156,316.98735855487905
483,298.2777404785156,304.0193664570911
484,287.7503356933594,291.8351695685358
485,294.7685852050781,287.46420168794214
486,291.2594299316406,290.89244898778725
487,270.20458984375,295.3628599676159
488,277.2228088378906,292.4638947387149
489,284.2411804199219,287.99758387436236
490,277.2228088378906,283.81516010991845
491,273.7137451171875,281.58249424376913
492,259.6771240234375,276.97641227870713
493,256.1679992675781,272.0472779315761
494,273.7137451171875,266.16098080590007
495,273.7137451171875,264.05339905965013
496,273.7137451171875,263.8602040662439
497,287.7503356933594,265.5474933783113
498,284.2411804199219,271.58439325304437
499,277.2228088378906,277.64601621214103
500,280.73199462890625,280.00278706613574
501,294.7685852050781,279.5159136522808
502,291.2594299316406,282.43746011417727
503,287.7503356933594,287.45698058904384
504,280.73199462890625,285.24102116356596
505,280.73199462890625,281.33208122095687
506,280.73199462890625,278.91956103563723
507,280.73199462890625,277.82011813049417
508,284.2411804199219,279.51279266885865
509,280.73199462890625,281.76516356759487
510,280.73199462890625,283.04029948067875
511,277.2228088378906,282.5109562139812
512,277.2228088378906,280.05492584801164
513,277.2228088378906,278.4009882215338
514,277.2228088378906,277.7955174376373
515,277.2228088378906,277.31978165089663
516,273.7137451171875,276.96343877899153
517,270.20458984375,276.50795878661813
518,280.73199462890625,274.58267918967374
519,273.7137451171875,274.6936882862967
520,277.2228088378906,275.5354970697292
521,273.7137451171875,276.6794292875761
522,277.2228088378906,276.5408209061808
523,277.2228088378906,275.81142872169903
524,277.2228088378906,274.5782118996773
525,277.2228088378906,275.68781329988064
526,287.7503356933594,276.29291690925686
527,287.7503356933594,277.33605972129453
528,287.7503356933594,278.62055858464487
529,284.2411804199219,281.13448013330765
530,280.73199462890625,282.92843364350847
531,284.2411804199219,281.1271978386559
532,284.2411804199219,280.17896964010356
533,284.2411804199219,280.5059385503886
534,280.73199462890625,280.1412730560244
535,287.7503356933594,280.1223635682313
536,291.2594299316406,281.37736607845466
537,287.7503356933594,285.4748501372136
538,287.7503356933594,288.343401076687
539,291.2594299316406,285.23881811644446
540,294.7685852050781,282.6759399650814
541,305.29608154296875,284.11911941693415
542,301.78692626953125,291.2099325562989
543,301.78692626953125,298.1148941926625
544,294.7685852050781,296.5068533812163
545,299.1463928222656,294.46879001080083
546,299.1463928222656,295.07413840319066
547,302.79449462890625,293.1325195400949
548,306.4425964355469,291.64136261759575
549,306.4425964355469,294.5908143430314
550,321.03515625,296.1170976279682
551,317.3870544433594,303.64790823410226
552,313.7388916015625,317.80113968326555
553,317.3870544433594,314.2444424970854
554,317.3870544433594,307.8833887167226
555,313.7388916015625,306.6987001271276
556,313.7388916015625,308.2737564275045
557,317.3870544433594,309.4907563748818
558,317.3870544433594,312.403123473772
559,328.3313293457031,315.2818941040591
560,321.03515625,321.2795063051251
561,324.6832580566406,325.59013517289054
562,321.03515625,325.55427446141255
563,313.7388916015625,322.5077662711234
564,313.7388916015625,317.82133428187944
565,317.3870544433594,313.3987171854369
566,324.6832580566406,311.3918024534896
567,321.03515625,313.28544384593897
568,346.5719909667969,316.6939861131972
569,339.2757568359375,334.07663985948875
570,335.6276550292969,347.16861455361527
571,342.923828125,336.43953028882095
572,350.22015380859375,327.0393118085742
573,353.8682556152344,330.23783025024795
574,346.5719909667969,337.77439325719934
575,350.22015380859375,341.28549960711473
576,375.75701904296875,344.28959914031475
577,375.75701904296875,350.9888206538301
578,383.0532531738281,355.0520350906986
579,383.0532531738281,363.47905750501593
580,383.0532531738281,372.05588712359634
581,401.2939453125,375.2454709852773
582,401.2939453125,378.97602530679694
583,401.2939453125,383.03673071777723
584,383.0532531738281,389.36357607200307
585,383.0532531738281,391.2132789135288
586,383.0532531738281,389.42318073579065
587,383.0532531738281,386.76869254162455
588,383.0532531738281,382.5027365738232
589,364.8126525878906,380.0118246284295
590,383.0532531738281,375.2260719314572
591,383.0532531738281,371.0992139110782
592,401.2939453125,370.9786582769286
593,383.0532531738281,377.2280910031345
594,364.8126525878906,379.90656793262383
595,364.8126525878906,376.99701583838885
596,364.8126525878906,373.6272104830173
597,383.0532531738281,371.7113550320927
598,383.0532531738281,378.2604633625781
599,419.5345764160156,380.7152086177267
600,419.5345764160156,410.28781165339103
601,419.5345764160156,439.3470129161121
602,456.0158386230469,454.6512446926372
603,437.7751770019531,446.90839080105724
604,419.5345764160156,430.410566452821
605,419.5345764160156,419.00897145630734
606,419.5345764160156,409.40855106889285
607,401.2939453125,406.64048355646185
608,419.5345764160156,403.7830090483494
609,419.5345764160156,408.0050876609806
610,437.7751770019531,415.1165237692329
611,419.5345764160156,424.2430136446314
612,437.7751770019531,426.93305657150864
613,456.0158386230469,426.8742168546382
614,437.7751770019531,433.36837139859244
615,419.5345764160156,435.58240315783894
616,437.7751770019531,430.66504899323274
617,437.7751770019531,432.9085159098528
618,419.5345764160156,441.0934173259402
619,437.7751770019531,435.3604767582229
620,474.2564086914063,431.23631135099237
621,456.0158386230469,441.56401266939724
622,456.0158386230469,448.07435349011934
623,456.0158386230469,446.56082951976146
624,456.0158386230469,445.13955814761704
625,456.0158386230469,446.17954937835583
626,456.0158386230469,448.6234323872804
627,456.0158386230469,451.20316996869843
628,474.2564086914063,453.2470469356845
629,474.2564086914063,466.227522967161
630,492.4970703125,479.3403654131886
631,492.4970703125,482.3689738456154
632,474.2564086914063,477.9827376245546
633,492.4970703125,473.92389868405235
634,474.2564086914063,475.0791827141504
635,510.7376708984375,472.88620229406513
636,492.4970703125,487.2636243857193
637,492.4970703125,498.21592016095053
638,492.4970703125,498.07590427722755
639,492.4970703125,493.09977159150424
640,474.2564086914063,484.57101123720025
641,474.2564086914063,474.9541903878811
642,474.2564086914063,468.1430418414421
643,474.2564086914063,464.0294632995455
644,474.2564086914063,463.1554043540842
645,474.2564086914063,465.3843066814009
646,492.4970703125,467.5123890050316
647,474.2564086914063,473.35685883327557
648,456.0158386230469,475.4352502051654
649,474.2564086914063,472.55485788741385
650,456.0158386230469,469.43626109964845
651,456.0158386230469,465.86867106936745
652,456.0158386230469,459.150846046826
653,456.0158386230469,454.1535702283115
654,474.2564086914063,451.61697565302313
655,456.0158386230469,456.2163260852139
656,456.0158386230469,456.68695202654766
657,452.36761474609375,455.49345124846656
658,474.2564086914063,453.211920573247
659,474.2564086914063,457.44923692846874
660,481.55267333984375,465.31029041769335
661,466.960205078125,469.907101226119
662,474.2564086914063,470.47720086456457
663,466.960205078125,467.648733143552
664,466.960205078125,462.7467391130431
665,466.960205078125,463.85478002153536
666,459.6639099121094,462.3133201897616
667,459.6639099121094,457.99764267234264
668,459.6639099121094,454.7683121688444
669,459.6639099121094,454.0200410944463
670,452.36761474609375,454.06596850735457
671,452.36761474609375,453.14986807932434
672,466.960205078125,451.91805875963024
673,437.7751770019531,452.15194892903116
674,452.36761474609375,448.122392156519
675,452.36761474609375,450.6491954112673
676,452.36761474609375,451.43357198015696
677,452.36761474609375,450.2074844634035
678,474.2564086914063,448.9392330725743
679,452.36761474609375,459.22146594622126
680,452.36761474609375,459.9501543795392
681,452.36761474609375,457.26286526156383
682,459.6639099121094,451.93605031112264
683,459.6639099121094,448.86916393495943
684,466.960205078125,448.7014263749574
685,452.36761474609375,451.39774186655563
686,452.36761474609375,451.509699497356
687,474.2564086914063,453.25383966430917
688,474.2564086914063,460.36698925365596
689,474.2564086914063,467.0954929351615
690,474.2564086914063,472.8297492115763
691,503.4414672851562,472.2336413779462
692,488.8489685058594,487.23942146525934
693,488.8489685058594,488.6772156908151
694,488.8489685058594,479.0941748973592
695,496.1452331542969,474.89721714148857
696,503.4414672851562,477.9018062407156
697,510.7376708984375,487.97395409302464
698,503.4414672851562,504.213287579003
699,503.4414672851562,509.81224004470477
700,510.7376708984375,502.1277974997217
701,532.62646484375,500.8284586661778
702,547.2189331054688,511.60503083559144
703,554.5151977539062,530.7677466560676
704,532.62646484375,540.5957540502854
705,532.62646484375,534.9618588094063
706,518.0338745117188,527.3363783728004
707,525.3302612304688,522.1430619583477
708,532.62646484375,519.7491758799308
709,532.62646484375,525.6585744025061
710,532.62646484375,531.2684197123087
711,539.9226684570312,533.7646862861227
712,539.9226684570312,541.4493430162427
713,510.7376708984375,548.6111432295229
714,510.7376708984375,538.2728550457841
715,503.4414672851562,523.2055732263286
716,510.7376708984375,509.9786312981326
717,503.4414672851562,504.7055156212783
718,503.4414672851562,500.6458505381055
719,496.1452331542969,497.75777815330537
720,496.1452331542969,495.0440218719951
721,503.4414672851562,495.12547341973783
722,496.1452331542969,499.6449327958969
723,496.1452331542969,498.55665811574494
724,503.4414672851562,495.0539661819186
725,496.1452331542969,496.985916115981
726,496.1452331542969,500.48505869611154
727,459.6639099121094,495.1036877315361
728,459.6639099121094,483.2438283358706
729,459.6639099121094,471.28051751912386
730,466.960205078125,463.7679738453723
731,430.4789123535156,459.575299792238
732,437.7751770019531,452.17743696031204
733,445.0714111328125,443.00183749282974
734,452.36761474609375,443.4692506571113
735,445.0714111328125,445.26136829471085
736,430.4789123535156,441.8308873498675
737,430.4789123535156,434.84132258446243
738,437.7751770019531,428.66691585189477
739,445.0714111328125,430.9868468623574
740,445.0714111328125,433.5655747138448
741,445.0714111328125,435.6426197791603
742,430.4789123535156,436.99994158902746
743,437.7751770019531,435.7020102578112
744,437.7751770019531,433.9095560435681
745,437.7751770019531,432.46968116239753
746,423.1827087402344,431.02760323410547
747,423.1827087402344,428.41246390935976
748,423.1827087402344,424.62450797117384
749,415.8864135742188,421.4649100286469
750,415.8864135742188,419.1180834845757
751,415.8864135742188,416.33848057263356
752,415.8864135742188,414.2475134734251
753,415.8864135742188,413.49526467505757
754,437.7751770019531,413.04923942658075
755,437.7751770019531,416.93058008441756
756,437.7751770019531,423.27716106910697
757,430.4789123535156,428.80399433945576
758,423.1827087402344,430.1458030258422
759,430.4789123535156,427.708345571022
760,423.1827087402344,427.8703307302068
761,423.1827087402344,428.57288857683346
762,423.1827087402344,424.6967189601569
763,423.1827087402344,420.6810842215377
764,423.1827087402344,419.3261796439289
765,423.1827087402344,418.38544792516507
766,430.4789123535156,418.1165231869567
767,423.1827087402344,420.45888244103145
768,423.1827087402344,422.24748132281195
769,430.4789123535156,421.2964381196043
770,423.1827087402344,426.5204748022515
771,423.1827087402344,425.85833675072934
772,430.4789123535156,421.495079535061
773,423.1827087402344,421.80803461782295
774,415.8864135742188,419.6992289565055
775,415.8864135742188,416.6799222785918
776,415.8864135742188,413.2814467127638
777,423.1827087402344,411.1387386040764
778,423.1827087402344,412.3075468956705
779,415.8864135742188,414.71786403386864
780,415.8864135742188,414.91047766761784
781,401.2939453125,415.35004676411353
782,401.2939453125,412.8220195942977
783,401.2939453125,409.5517491317913
784,401.2939453125,404.45457124589143
785,408.59014892578125,400.41271412695085
786,408.59014892578125,400.33768813331255
787,401.2939453125,402.5640508368642
788,401.2939453125,403.6599443883115
789,401.2939453125,403.9509301956116
790,401.2939453125,402.00723067690114
791,408.59014892578125,402.20862590125967
792,408.59014892578125,405.2534206104543
793,408.59014892578125,405.2714733577001
794,415.8864135742188,403.256297199047
795,430.4789123535156,403.46528069682415
796,430.4789123535156,410.47660055255426
797,430.4789123535156,421.940401032374
798,428.9737243652344,426.069125523231
799,421.4478759765625,423.2317232222257
800,428.9737243652344,420.22933717012023
801,428.9737243652344,418.9205741905565
802,421.4478759765625,418.0551438463212
803,421.4478759765625,417.75757949553315
804,413.9220275878906,417.24157690307146
805,406.3961486816406,414.5705964533707
806,406.3961486816406,411.25222612871113
807,406.3961486816406,408.30292739265883
808,398.8702697753906,408.2778983295283
809,368.7669372558594,405.2321856840331
810,376.2927551269531,395.32336929748305
811,361.2410583496094,385.55805695259835
812,353.7151794433594,377.18347929892377
813,353.7151794433594,367.6759846630099
814,346.1893310546875,357.17626208186664
815,316.0859069824219,348.55292369072095
816,334.9005432128906,339.3165874380136
817,327.37469482421875,334.944334446599
818,304.797119140625,331.03484374220955
819,316.0859069824219,328.0927355071789
820,319.84881591796875,322.5450956806824
821,316.0859069824219,313.06703620214205
822,319.84881591796875,307.36591742618
823,319.84881591796875,308.0515546469984
824,316.0859069824219,311.0348476240507
825,319.84881591796875,312.848444971085
826,327.37469482421875,315.2734490900932
827,334.9005432128906,321.14787423961457
828,342.4263916015625,327.5337123000943
829,334.9005432128906,332.59509067026954
830,331.1376037597656,333.70414130869256
831,331.1376037597656,331.68694569017816
832,327.37469482421875,329.5331611501298
833,323.6117858886719,327.6139399327694
834,323.6117858886719,326.2694692311112
835,319.84881591796875,324.88760792414064
836,316.0859069824219,322.29633494321126
837,323.6117858886719,319.54283202008367
838,323.6117858886719,318.6510875018969
839,327.37469482421875,319.19016089338106
840,327.37469482421875,321.575020598175
841,323.6117858886719,323.7303962278112
842,327.37469482421875,324.0611592748054
843,331.1376037597656,325.0172205297897
844,331.1376037597656,326.62256872808746
845,323.6117858886719,328.1197228344174
846,323.6117858886719,326.70334712254305
847,316.0859069824219,324.08520920588194
848,316.0859069824219,320.5875047259557
849,308.56005859375,318.39743110415577
850,308.56005859375,314.6158395243209
851,308.56005859375,310.77488806371184
852,301.0341796875,308.22975668082756
853,301.0341796875,305.0707095000811
854,301.0341796875,302.59650399535894
855,301.0341796875,301.3051512076305
856,308.56005859375,300.47282776597126
857,301.0341796875,301.3946193990654
858,301.0341796875,301.3073542547521
859,301.0341796875,302.1771906932305
860,301.0341796875,301.7009041447095
861,301.0341796875,299.7553075576443
862,301.0341796875,298.11299712430787
863,301.0341796875,297.37681221120135
864,301.0341796875,297.53016876916024
865,301.0341796875,297.92396344213114
866,301.0341796875,298.3984141180508
867,304.797119140625,298.8775156712271
868,301.0341796875,300.2511767472455
869,304.797119140625,300.619146812292
870,301.0341796875,301.3101692594073
871,301.0341796875,301.3215516695352
872,301.0341796875,300.9855257877507
873,301.0341796875,300.44014923366876
874,301.0341796875,299.96184322528643
875,297.2712707519531,299.6641870808684
876,297.2712707519531,298.83596375468517
877,301.0341796875,297.8016331311337
878,304.797119140625,299.04145909451995
879,316.0859069824219,300.59093556998585
880,327.37469482421875,303.01465457817324
881,331.1376037597656,308.79330837366194
882,331.1376037597656,315.29333770994026
883,327.37469482421875,321.27663010471645
884,331.1376037597656,324.44791643613814
885,323.6117858886719,326.8522975862588
886,334.9005432128906,326.72121628252864
887,331.1376037597656,328.04579836433993
888,331.1376037597656,329.2079669166927
889,346.1893310546875,329.6130216082847
890,346.1893310546875,332.85633534142926
891,342.4263916015625,337.0033267646688
892,342.4263916015625,339.16708621251735
893,346.1893310546875,340.87273425059743
894,357.4781188964844,341.7381645948328
895,349.9522399902344,345.04438756244724
896,349.9522399902344,346.5936804506531
897,361.2410583496094,347.1323254718636
898,361.2410583496094,349.57727940647237
899,361.2410583496094,352.73644897872566
900,346.1893310546875,355.2856804770861
901,353.7151794433594,353.8570656145366
902,353.7151794433594,352.4819970361906
903,353.7151794433594,352.0203974684797
904,353.7151794433594,351.5848672917068
905,353.7151794433594,351.1963354535261
906,357.4781188964844,350.80407067438966
907,383.818603515625,351.8131274517972
908,406.3961486816406,358.37257786460304
909,406.3961486816406,373.6510156310803
910,406.3961486816406,384.82591095921475
911,398.8702697753906,389.52672395050195
912,398.8702697753906,391.26241910348926
913,398.8702697753906,391.3300404109692
914,398.8702697753906,391.48835382495145
915,398.8702697753906,393.2357373668335
916,398.8702697753906,394.3346907059496
917,391.3444519042969,396.48810807147765
918,398.8702697753906,395.131031044624
919,391.3444519042969,392.1774792037122
920,391.3444519042969,390.0022149542291
921,391.3444519042969,388.8368642227007
922,406.3961486816406,388.2987699632705
923,391.3444519042969,391.48651795235014
924,398.8702697753906,392.2011007645151
925,398.8702697753906,393.51889011770163
926,383.818603515625,394.6800795380004
927,376.2927551269531,392.26394880323164
928,368.7669372558594,386.5809439702688
929,368.7669372558594,378.6115433996929
930,368.7669372558594,372.47293618284993
931,368.7669372558594,367.9431041264936
932,372.52984619140625,366.9608510890646
933,376.2927551269531,366.80608702877805
934,368.7669372558594,367.9585254563442
935,368.7669372558594,368.0066253184973
936,368.7669372558594,367.4182281497925
937,361.2410583496094,366.2999981483632
938,361.2410583496094,364.23996550248603
939,361.2410583496094,362.41877988203316
940,353.7151794433594,360.8793395101209
941,346.1893310546875,355.8369318234919
942,346.1893310546875,351.94800289223656
943,357.4781188964844,349.45445952944783
944,349.9522399902344,349.0992181811034
945,346.1893310546875,348.46100766915106
946,349.9522399902344,347.2045364608467
947,349.9522399902344,347.1202699084487
948,353.7151794433594,347.5081897890956
949,349.9522399902344,349.22069175155366
950,357.4781188964844,349.3991997641498
951,349.9522399902344,350.195968473098
952,346.1893310546875,350.2812141575499
953,346.1893310546875,348.68327064541063
954,357.4781188964844,347.5078226145753
955,353.7151794433594,348.20380191771415
956,349.9522399902344,348.42563652370006
957,361.2410583496094,348.35287477293673
958,380.0556945800781,350.573485075671
959,368.7669372558594,357.41878085249346
960,376.2927551269531,362.8329527408781
961,383.818603515625,367.5659546984408
962,361.2410583496094,371.95687239463484
963,349.9522399902344,371.74378878138157
964,349.9522399902344,365.83001476244
965,353.7151794433594,359.3044667970041
966,349.9522399902344,355.07975676697777
967,349.9522399902344,351.5315045947634
968,349.9522399902344,349.21885587895247
969,349.9522399902344,347.987474929532
970,349.9522399902344,347.57446479000123
971,361.2410583496094,347.93961985039243
972,365.00396728515625,350.4957664688842
973,361.2410583496094,354.4377521183161
974,361.2410583496094,356.5142464218512
975,361.2410583496094,357.735897246485
976,357.4781188964844,357.8060275798532
977,349.9522399902344,357.45427438945126
978,349.9522399902344,355.0586442320632
979,357.4781188964844,352.1121910985429
980,357.4781188964844,351.8931103014588
981,353.7151794433594,353.0260884794516
982,357.4781188964844,352.77341121376446
983,353.7151794433594,353.5150425489213
984,349.9522399902344,353.10160403911686
985,353.7151794433594,351.7784906553867
986,357.4781188964844,351.2166524436468
987,353.7151794433594,352.5983913591107
988,349.9522399902344,352.71943655928726
989,349.9522399902344,351.16983769231456
990,346.1893310546875,349.8991078734738
991,346.1893310546875,347.82885553678284
992,346.1893310546875,346.1110295437811
993,338.6634521484375,344.99029051646346
994,338.6634521484375,342.36933759514704
995,353.7151794433594,339.92468963930526
996,353.7151794433594,341.3772932371779
997,338.6634521484375,344.58719408897946
998,338.6634521484375,343.6154055253776
999,338.6634521484375,341.4058104582508
1000,316.0859069824219,337.8693690664379
1001,323.6117858886719,329.9178988516012
1002,323.6117858886719,326.21922751758996
1003,342.4263916015625,323.7835753374944
1004,334.9005432128906,329.2908259667631
1005,334.9005432128906,331.75144601423585
1006,334.9005432128906,330.4581961581529
1007,334.9005432128906,329.4861628115375
1008,334.9005432128906,329.53836278916674
1009,319.84881591796875,330.2438886298321
1010,349.9522399902344,327.34039491518126
1011,349.9522399902344,329.47949247441954
1012,338.6634521484375,335.2174510939136
1013,338.6634521484375,337.65848850030625
1014,316.0859069824219,338.2744237580299
1015,323.6117858886719,332.56082104837935
1016,316.0859069824219,327.77959683715676
1017,301.0341796875,323.53866993248596
1018,308.56005859375,316.7466756568534
1019,308.56005859375,313.2493383514475
1020,301.0341796875,310.3069853334033
1021,301.0341796875,308.9115997649367
1022,301.0341796875,304.8940985558395
1023,308.56005859375,299.0090865409843
1024,308.56005859375,297.2623149566359
1025,308.56005859375,298.19818161300645
1026,301.0341796875,300.4009839515086
1027,316.0859069824219,301.00002918130065
1028,316.0859069824219,304.0383371406375
1029,316.0859069824219,308.07389109698033
1030,312.322998046875,311.4090596559414
1031,312.322998046875,312.66577564725935
1032,312.322998046875,312.82647569562323
1033,319.84881591796875,312.5424662042078
1034,312.322998046875,314.04788173724353
1035,312.322998046875,313.89011908504165
1036,312.322998046875,313.4491424862182
1037,319.84881591796875,312.56149808350756
1038,319.84881591796875,313.08600688568845
1039,319.84881591796875,314.7311323236802
1040,316.0859069824219,316.05179787727536
1041,316.0859069824219,315.70108501468076
1042,316.0859069824219,315.15228149840993
1043,316.0859069824219,314.6996777064452
1044,316.0859069824219,314.4549558886969
1045,316.0859069824219,314.22308517915735
1046,312.322998046875,314.40006329791913
1047,312.322998046875,313.789941636766
1048,312.322998046875,312.5889749767732
1049,312.322998046875,311.5707388363594
1050,316.0859069824219,310.940850946866
1051,316.0859069824219,311.6474783110922
1052,316.0859069824219,312.6292417824942
1053,323.8905029296875,313.71913815011067
1054,331.6950988769531,316.2489093988977
1055,327.79278564453125,320.20662235694704
1056,327.79278564453125,322.9714464944491
1057,323.8905029296875,324.5830978553445
1058,323.8905029296875,324.48585780323083
1059,323.8905029296875,323.63878618500814
1060,323.8905029296875,322.8513804263265
1061,323.8905029296875,322.36205918233645
1062,323.8905029296875,322.04904290382115
1063,327.79278564453125,321.8602540046579
1064,323.8905029296875,322.7788022628232
1065,335.597412109375,323.06727904423497
1066,339.4996643066406,326.2941923154749
1067,339.4996643066406,330.0610357187463
1068,339.4996643066406,333.1975016664974
1069,339.4996643066406,335.27454673181285
1070,323.8905029296875,336.4448543193646
1071,323.8905029296875,333.01507712568514
1072,323.8905029296875,328.9335039628039
1073,327.79278564453125,325.757933928646
1074,323.8905029296875,324.32430101431976
1075,347.30426025390625,323.47637265554977
1076,351.20654296875,326.98894770354616
1077,351.20654296875,333.14334342476
1078,351.20654296875,339.3443091142926
1079,327.79278564453125,343.8663693099702
1080,327.79278564453125,340.66687173624246
1081,331.6950988769531,335.79367030769663
1082,343.4019775390625,332.29100897174703
1083,343.4019775390625,333.4353695598676
1084,343.4019775390625,335.81729186849964
1085,327.79278564453125,337.93038123255326
1086,331.6950988769531,335.3839035430948
1087,331.6950988769531,332.7634401878054
1088,331.6950988769531,331.0831271916228
1089,331.6950988769531,330.15729663880586
1090,331.6950988769531,329.71283188204006
1091,331.6950988769531,329.34608573206106
1092,331.6950988769531,329.3064920796272
1093,331.6950988769531,329.38610775476866
1094,331.6950988769531,329.47386246510905
1095,331.6950988769531,329.5383015934133
1096,331.6950988769531,329.5687770785943
1097,335.597412109375,329.5794251396816
1098,335.597412109375,330.568899276009
1099,355.1088562011719,331.617978076124
1100,339.4996643066406,336.8355892046668
1101,335.597412109375,338.68394573961837
1102,347.30426025390625,338.04971295163534
1103,351.20654296875,339.20747540974514
1104,351.20654296875,342.1326324210909
1105,351.20654296875,344.8325278642616
1106,351.20654296875,346.29773778732954
1107,359.01116943359375,347.391061117135
1108,359.01116943359375,349.91783377400657
1109,351.20654296875,352.4473602397801
1110,351.20654296875,352.23213477515867
1111,351.20654296875,351.15747615013277
1112,343.4019775390625,350.1375877243778
1113,343.4019775390625,348.25312569493474
1114,343.4019775390625,345.71093170821246
1115,343.4019775390625,343.6652800643785
1116,343.4019775390625,342.3345172114764
1117,343.4019775390625,341.58713347550224
1118,343.4019775390625,341.22344711319204
1119,343.4019775390625,341.07963709275975
1120,343.4019775390625,341.03496419279566
1121,343.4019775390625,341.04353159826826
1122,343.4019775390625,341.0632978266085
1123,343.4019775390625,341.0745578452296
1124,355.1088562011719,341.0773728498849
1125,351.20654296875,344.16402545438837
1126,351.20654296875,346.55837050095545
1127,351.20654296875,347.6323559726943
1128,351.20654296875,348.8263463168024
1129,351.20654296875,349.1371595481962
1130,347.30426025390625,349.0939553463131
1131,351.20654296875,348.161882826652
1132,351.20654296875,348.66417757035754
1133,351.20654296875,348.8562098444496
1134,351.20654296875,348.88454347826246
1135,366.81573486328125,348.85015146486546
1136,359.01116943359375,352.95638651635693
1137,359.01116943359375,355.200740771401
1138,359.01116943359375,356.14364493940957
1139,359.01116943359375,356.4734288543498
1140,351.20654296875,356.5096567403481
1141,351.20654296875,354.39216128205135
1142,343.4019775390625,352.15423258111184
1143,343.4019775390625,348.5631433815347
1144,351.20654296875,345.36499211438115
1145,351.20654296875,344.7682723232174
1146,351.20654296875,345.69379689726736
1147,351.20654296875,346.7906083850153
1148,351.20654296875,347.62299302242786
1149,351.20654296875,348.17246969198595
1150,335.597412109375,348.49356380994675
1151,351.20654296875,344.6825982684917
1152,355.1088562011719,344.55488273119727
1153,359.01116943359375,346.38451336561593
1154,359.01116943359375,349.63982146642206
1155,359.01116943359375,352.3942423258502
1156,355.1088562011719,355.5191422762133
1157,359.01116943359375,355.4171901510898
1158,359.01116943359375,353.9245033347563
1159,359.01116943359375,353.55708403149026
1160,370.718017578125,353.8871739251973
1161,374.6203308105469,357.38524557964377
1162,374.6203308105469,362.71411058782303
1163,374.6203308105469,366.3094222943831
1164,370.718017578125,368.07693923912575
1165,370.718017578125,369.11426845459266
1166,386.3272399902344,369.0891169999553
1167,398.0340881347656,372.37453341142225
1168,405.8386535644531,378.4419087713362
1169,413.6432800292969,386.15086021554623
1170,405.8386535644531,394.27490245490173
1171,405.8386535644531,397.9056465026662
1172,405.8386535644531,399.89713990476287
1173,413.6432800292969,401.3040302748641
1174,405.8386535644531,403.5178478489737
1175,413.6432800292969,403.2692706987626
1176,405.8386535644531,404.58448983030746
1177,405.8386535644531,404.4707269247825
1178,405.8386535644531,403.04039858113856
1179,405.8386535644531,402.5402456888012
1180,405.8386535644531,402.9700846605102
1181,405.8386535644531,402.8297627980203
1182,405.8386535644531,402.4472281436705
1183,405.8386535644531,402.2482195536936
1184,405.8386535644531,402.22918767439387
1185,405.8386535644531,402.3095376985758
1186,405.8386535644531,402.4243409319081
1187,405.8386535644531,402.8292732319933
1188,405.8386535644531,402.75014712287884
1189,429.2524719238281,402.5038342155427
1190,429.2524719238281,408.90692947847435
1191,429.2524719238281,407.70963456368406
1192,382.4249267578125,412.68741953474847
1193,382.4249267578125,405.12087060864314
1194,390.2294921875,395.6698596530947
1195,390.2294921875,389.682405947089
1196,390.2294921875,387.3057464732474
1197,390.2294921875,386.65743866198807
1198,390.2294921875,386.67310477485216
1199,390.2294921875,386.87162379880203
1200,437.05706787109375,387.0580260635836
1201,421.4478759765625,401.8506307440134
1202,421.4478759765625,409.7907797444758
1203,421.4478759765625,414.2347235609696
1204,413.6432800292969,413.3159917155442
1205,413.6432800292969,410.81911318419657
1206,429.2524719238281,407.1801077097265
1207,413.6432800292969,407.3416033028842
1208,421.4478759765625,406.32942554205454
1209,437.05706787109375,408.3971076571037
1210,444.8616638183594,415.86519261602797
1211,444.8616638183594,425.01732351209074
1212,429.2524719238281,432.18610004125577
1213,437.05706787109375,433.21498424275694
1214,429.2524719238281,433.2130871744023
1215,429.2524719238281,431.09292970083374
1216,444.8616638183594,429.68432584963807
1217,437.05706787109375,431.84065001345147
1218,437.05706787109375,433.3282575822549
1219,437.05706787109375,433.60559673655234
1220,437.05706787109375,433.88801513837996
1221,437.05706787109375,432.2438076366888
1222,405.8386535644531,431.55529421546186
1223,437.05706787109375,425.2628102767563
1224,429.2524719238281,424.72985646060965
1225,437.05706787109375,424.01802745734665
1226,437.05706787109375,426.2412079817227
1227,460.4708862304688,430.1607347896658
1228,429.2524719238281,438.573070223173
1229,444.8616638183594,442.5719985211207
1230,444.8616638183594,440.59311144421935
1231,444.8616638183594,438.0178717506744
1232,444.8616638183594,437.0973346305244
1233,413.6432800292969,437.5062752524558
1234,413.6432800292969,430.3772453651081
1235,429.2524719238281,422.9364843100659
1236,429.2524719238281,421.2139462440542
1237,421.4478759765625,422.5486868209258
1238,413.6432800292969,422.2179543718083
1239,413.6432800292969,418.81843847817294
1240,429.2524719238281,416.4992112188741
1241,421.4478759765625,417.72352405877973
1242,421.4478759765625,418.47571166139386
1243,421.4478759765625,418.5476472694867
1244,421.4478759765625,418.7554986458263
1245,413.6432800292969,419.0425067291571
1246,429.2524719238281,417.148834738831
1247,413.6432800292969,418.6553823933041
1248,413.6432800292969,417.7899826469454
1249,421.4478759765625,419.09314621507525
1250,421.4478759765625,418.68968261307106
1251,413.6432800292969,416.6846343516017
1252,421.4478759765625,413.27043147715625
1253,421.4478759765625,412.44046407200193
1254,413.6432800292969,414.0718510633609
1255,421.4478759765625,413.4146086721087
1256,421.4478759765625,414.2247486531694
1257,413.6432800292969,415.11144452170277
1258,413.6432800292969,414.17505770142856
1259,413.6432800292969,413.28554682823994
1260,413.6432800292969,412.5615704679319
1261,413.6432800292969,411.74047644701704
1262,405.8386535644531,411.2151721000423
1263,405.8386535644531,408.4267875974907
1264,421.4478759765625,405.6421360358951
1265,421.4478759765625,411.0489032381213
1266,437.05706787109375,415.70727697444266
1267,444.8616638183594,426.1886714274499
1268,468.2753601074219,433.0217280535973
1269,483.8845520019531,440.6083185889331
1270,476.08001708984375,452.9906061311648
1271,468.2753601074219,461.9722762562003
1272,483.8845520019531,464.7362436531551
1273,515.1029052734375,469.17177305355983
1274,561.9305419921875,485.64937220530544
1275,577.5396728515625,515.9720821879691
1276,569.735107421875,531.7472152867181
1277,569.735107421875,537.5506227644472
1278,569.735107421875,545.971923375824
1279,577.5396728515625,551.9437415668422
1280,577.5396728515625,558.363573868322
1281,577.5396728515625,563.5712406869412
1282,577.5396728515625,567.3046100131162
1283,569.735107421875,570.7064207475032
1284,569.735107421875,571.3767284321009
1285,577.5396728515625,569.3454883881869
1286,577.5396728515625,569.2263402563649
1287,577.5396728515625,571.115606152448
1288,588.6768188476562,571.7119281712148
1289,548.9013671875,574.8459156909541
1290,564.8115234375,565.9971015464968
1291,548.9013671875,547.0193804884746
1292,548.9013671875,541.5532840033509
1293,572.7667236328125,541.8689928950147
1294,572.7667236328125,550.7147166539266
1295,572.7667236328125,559.5752497851556
1296,588.6768188476562,572.238272845997
1297,588.6768188476562,575.7726029843184
1298,556.8564453125,577.4016951349258
1299,556.8564453125,568.5247003460389
1300,556.8564453125,560.5459674230733
1301,556.8564453125,555.4436490938899
1302,572.7667236328125,552.9722585938231
1303,588.6768188476562,555.6242377621008
1304,596.6318969726562,565.9496136418775
1305,588.6768188476562,574.7978770245545
1306,588.6768188476562,577.6985251366733
1307,596.6318969726562,575.633902809293
1308,620.4971923828125,576.6545867798418
1309,620.4971923828125,587.0754892306375
1310,564.8115234375,597.8037473527612
1311,580.7217407226562,586.2522227604777
1312,596.6318969726562,578.3179485523394
1313,580.7217407226562,578.6924971608738
1314,580.7217407226562,578.159757529864
1315,580.7217407226562,577.6153601078361
1316,580.7217407226562,577.262841970517
1317,580.7217407226562,577.0814883553888
1318,580.7217407226562,576.984860260809
1319,580.7217407226562,576.9313751723589
1320,580.7217407226562,576.8827245484254
1321,580.7217407226562,569.0686693977932
1322,588.6768188476562,569.4202695988117
1323,588.6768188476562,563.8517314225376
1324,588.6768188476562,569.1104354994718
1325,588.6768188476562,575.610679020887
1326,564.8115234375,580.3351747687304
1327,564.8115234375,575.0079620458923
1328,564.8115234375,567.822356684549
1329,564.8115234375,562.7894343396933
1330,564.8115234375,560.3549754767887
1331,564.8115234375,559.6211160023104
1332,564.8115234375,559.6913075314321
1333,564.8115234375,560.022101176303
1334,580.7217407226562,560.3643996228084
1335,580.7217407226562,564.306507663747
1336,501.17083740234375,569.5846413923781
1337,556.8564453125,547.2960464894848
1338,580.7217407226562,541.6863847669424
1339,532.9910888671875,551.8420648226089
1340,540.9462890625,547.1866590803263
1341,580.7217407226562,547.6910038817698
1342,556.8564453125,555.7832243293701
1343,556.8564453125,557.3554962229684
1344,556.8564453125,558.6813634156006
1345,556.8564453125,556.2253942453845
1346,556.8564453125,553.7790328084482
1347,556.8564453125,547.8792114212761
1348,548.9013671875,545.277320977136
1349,532.9910888671875,544.6503398859281
1350,580.7217407226562,539.605117194644
1351,509.12591552734375,550.4304929773745
1352,572.7667236328125,540.4075465107793
1353,572.7667236328125,544.0991191373989
1354,572.7667236328125,553.2116869789045
1355,564.8115234375,560.787231680756
1356,564.8115234375,557.2684452637919
1357,564.8115234375,557.7036388639212
1358,564.8115234375,558.996521545484
1359,564.8115234375,559.98868829496
1360,556.8564453125,560.5350439810959
1361,525.0361328125,558.0072615942936
1362,525.0361328125,544.700122631299
1363,540.9462890625,533.2687559007682
1364,525.0361328125,529.9306499456451
1365,525.0361328125,525.96947942753
1366,525.0361328125,522.5619774880793
1367,540.9462890625,519.1207260906418
1368,525.0361328125,522.3234058435451
1369,532.9910888671875,523.9541196816169
1370,509.12591552734375,525.0888419385808
1371,509.12591552734375,520.4943871666601
1372,525.0361328125,516.1054889303275
1373,525.0361328125,517.010788307887
1374,525.0361328125,518.8798902032329
1375,525.0361328125,523.020150093601
1376,525.0361328125,523.0785002444445
1377,525.0361328125,523.1897235262044
1378,525.0361328125,521.6803302691994
1379,525.0361328125,520.1092822906685
1380,525.0361328125,519.3330141591011
1381,532.9910888671875,520.1208788859333
1382,525.0361328125,522.6486918706122
1383,525.0361328125,522.0535325711594
1384,517.0809936523438,521.047107211147
1385,517.0809936523438,517.8344525504435
1386,517.0809936523438,516.8293123012521
1387,517.0809936523438,515.4600573194768
1388,525.0361328125,513.0750752231761
1389,548.9013671875,514.203035349392
1390,525.0361328125,522.0802751153844
1391,525.0361328125,523.9196664724666
1392,517.0809936523438,522.7785798571515
1393,532.9910888671875,513.151906491539
1394,532.9910888671875,515.1942229668139
1395,532.9910888671875,519.9008801525486
1396,525.0361328125,524.2849133264879
1397,532.9910888671875,525.0784998562604
1398,532.9910888671875,524.3597251349893
1399,540.9462890625,525.0969809737799
1400,548.9013671875,528.6038648167123
1401,548.9013671875,533.2938155617754
1402,548.9013671875,534.8989189770596
1403,540.9462890625,536.1945860654009
1404,517.0809936523438,535.4104542795249
1405,525.0361328125,528.203552796007
1406,548.9013671875,523.4721725259087
1407,572.7667236328125,527.7050521890108
1408,580.7217407226562,537.4920890263436
1409,580.7217407226562,548.7137685079335
1410,532.9910888671875,559.6181786061484
1411,564.8115234375,548.7788195937716
1412,517.0809936523438,549.247915641271
1413,564.8115234375,537.5530399967056
1414,556.8564453125,538.1143580445416
1415,580.7217407226562,537.7687550273539
1416,509.12591552734375,548.9923927730517
1417,509.12591552734375,537.7535172847635
1418,525.0361328125,530.0416590422681
1419,556.8564453125,524.1572283870701
1420,556.8564453125,533.351859733852
1421,556.8564453125,539.2923151012653
1422,485.2605590820313,543.1837836562859
1423,485.2605590820313,525.8806537915057
1424,540.9462890625,506.8980982689667
1425,493.2156372070313,510.1269086085613
1426,556.8564453125,513.5610918964837
1427,556.8564453125,522.7430557223172
1428,501.17083740234375,530.6744843279234
1429,532.9910888671875,521.5499833145097
1430,525.0361328125,516.9272561045295
1431,540.9462890625,520.4685625587357
1432,517.0809936523438,525.3099115976496
1433,556.8564453125,521.7573451248223
1434,532.9910888671875,524.2464823933681
1435,540.9462890625,531.5806710439069
1436,580.7217407226562,532.9887853290757
1437,532.9910888671875,542.8722360758516
1438,564.8115234375,539.0555793293325
1439,532.9910888671875,546.5223179816826
1440,540.9462890625,540.3373243837809
1441,540.9462890625,536.3567854097225
1442,564.8115234375,533.2927752339681
1443,564.8115234375,539.3373857736265
1444,532.9910888671875,546.9706686687877
1445,532.9910888671875,544.0456646468253
1446,564.8115234375,537.3871995050581
1447,540.9462890625,540.2246630018168
1448,525.0361328125,539.8943283250962
1449,532.9910888671875,534.214781052199
1450,540.9462890625,530.2701027896187
1451,540.9462890625,530.7822806474943
1452,540.9462890625,536.0045426532936
1453,525.0361328125,537.1796541074852
1454,532.9910888671875,531.3761548361263
1455,532.9910888671875,527.8380917568488
1456,540.9462890625,526.2565793044909
1457,532.9910888671875,527.8042505052322
1458,493.2156372070313,530.4332812659942
1459,540.9462890625,524.9286008583673
1460,564.8115234375,535.6172347301805
1461,564.8115234375,539.8246263620016
1462,564.8115234375,540.4388175407541
1463,564.8115234375,543.9154400836426
1464,517.0809936523438,549.0780362299008
1465,525.0361328125,539.0490925794747
1466,517.0809936523438,530.9042437839715
1467,540.9462890625,523.5905863086901
1468,556.8564453125,524.6181853993704
1469,556.8564453125,532.9961594173574
1470,540.9462890625,541.0382911408199
1471,548.9013671875,540.9092904927045
1472,532.9910888671875,542.1077787246857
1473,556.8564453125,537.6689753514753
1474,540.9462890625,539.5356906124396
1475,540.9462890625,539.397388209811
1476,540.9462890625,551.8010330699707
1477,540.9462890625,544.7251516944295
1478,525.0361328125,532.3829779685354
1479,540.9462890625,520.8518927578795
1480,540.9462890625,519.690366760937
1481,525.0361328125,524.697984661772
1482,525.0361328125,525.9251125063329
1483,540.9462890625,525.8026904017054
1484,540.9462890625,528.8986447607218
1485,517.0809936523438,533.4558007209603
1486,540.9462890625,529.2908483441049
1487,540.9462890625,531.2655435119001
1488,540.9462890625,534.1562167162188
1489,540.9462890625,536.1555431747474
1490,517.0809936523438,534.4753525700717
1491,517.0809936523438,530.4185942851841
1492,517.0809936523438,523.7932054481162
1493,517.0809936523438,518.5666597395807
1494,517.0809936523438,515.541264084206
1495,517.0809936523438,513.7964813618423
1496,540.9462890625,514.0875283648959
1497,540.9462890625,518.7829561298861
1498,540.9462890625,525.8483730316
1499,540.9462890625,531.3306863913683
1500,517.0809936523438,534.604261424557
1501,517.0809936523438,528.6200510934801
1502,517.0809936523438,521.9871351787472
1503,540.9462890625,517.3229784437317
1504,540.9462890625,519.5267293164111
1505,540.9462890625,525.7348855069654
1506,540.9462890625,531.0461873339259
1507,540.9462890625,534.367342065364
1508,540.9462890625,536.0648510682452
1509,540.9462890625,536.7559347111138
1510,556.8564453125,535.4066907406923
1511,580.7217407226562,540.6807855496006
1512,580.7217407226562,553.8776497650126
1513,580.7217407226562,564.8879591144437
1514,580.7217407226562,571.6259787355991
1515,580.7217407226562,574.973019270715
1516,580.7217407226562,576.2826083929492
1517,580.7217407226562,576.5955634757113
1518,580.7217407226562,576.5226181376877
1519,580.7217407226562,576.366905543224
1520,580.7217407226562,576.2452789833902
1521,580.7217407226562,576.1934155824046
1522,493.2156372070313,576.1920692758304
1523,532.9910888671875,544.6475554791496
1524,532.9910888671875,531.2851873487336
1525,532.9910888671875,527.0922685125859
1526,532.9910888671875,526.5981128040792
1527,461.3953552246094,527.2712966890856
1528,540.9462890625,506.077187835312
1529,540.9462890625,501.09961704938434
1530,477.3055114746094,502.5497422192453
1531,532.9910888671875,494.7828995923421
1532,501.17083740234375,503.861932160998
1533,501.17083740234375,506.254624922224
1534,501.17083740234375,503.6208514905755
1535,517.0809936523438,500.45363467675327
1536,517.0809936523438,503.3948861712367
1537,540.9462890625,507.07731003272664
1538,540.9462890625,517.4308053611792
1539,554.8167114257812,529.5934001487931
1540,554.8167114257812,537.8375390541479
1541,554.8167114257812,545.5405851081572
1542,562.9757690429688,547.1041060090228
1543,562.9757690429688,549.1842414598839
1544,562.9757690429688,552.0064978119287
1545,562.9757690429688,554.2104322718682
1546,562.9757690429688,556.0234788571222
1547,562.9757690429688,557.2479752842878
1548,571.134765625,558.1071024659255
1549,571.134765625,561.2191207102031
1550,571.134765625,563.8668467736213
1551,489.5441284179688,565.5634378402017
1552,489.5441284179688,549.9260563823008
1553,489.5441284179688,525.0747363174278
1554,489.5441284179688,506.0469877310212
1555,489.5441284179688,494.616538936791
1556,489.5441284179688,488.8084499839287
1557,546.6575317382812,486.3737769358871
1558,554.8167114257812,503.3776901645382
1559,554.8167114257812,523.8181733154934
1560,554.8167114257812,538.0325393222788
1561,546.6575317382812,546.8148030849404
1562,554.8167114257812,547.9228745913094
1563,554.8167114257812,548.8659011508248
1564,554.8167114257812,549.4449353692631
1565,571.134765625,549.7608890439406
1566,571.134765625,554.7651105804631
1567,571.134765625,560.0049051696044
1568,571.134765625,563.5855910911077
1569,571.134765625,565.5476799337075
1570,554.8167114257812,566.4372520026495
1571,554.8167114257812,561.475255535956
1572,554.8167114257812,556.4176101067367
1573,554.8167114257812,553.6739902977791
1574,562.9757690429688,551.8876862567503
1575,562.9757690429688,555.332915378157
1576,554.8167114257812,557.2188461056812
1577,554.8167114257812,555.1341515711937
1578,562.9757690429688,552.5535572492283
1579,554.8167114257812,554.1005552966826
1580,554.8167114257812,547.7571564911686
1581,530.3394775390625,545.8060522862997
1582,571.134765625,539.8087766618773
1583,562.9757690429688,548.9828768334019
1584,571.134765625,555.8109766035259
1585,562.9757690429688,560.8288141951746
1586,562.9757690429688,562.9404348611472
1587,562.9757690429688,560.3412370301558
1588,522.180419921875,567.6656343601546
1589,514.0213623046875,554.7453749499996
1590,497.7031555175781,532.620815264029
1591,497.7031555175781,511.86043131230383
1592,497.7031555175781,499.25208665710335
1593,473.2259826660156,493.6093486298615
1594,473.2259826660156,485.78519617992225
1595,473.2259826660156,484.9004279776202
1596,432.43060302734375,480.6794814864265
1597,407.95343017578125,462.0205291077368
1598,399.7943420410156,438.4540444828578
1599,391.6352844238281,419.112086300745
1600,424.27154541015625,404.98256820601466
1601,440.5897216796875,405.3676118862529
1602,399.7943420410156,411.3988817516754
1603,391.6352844238281,409.4355383961314
1604,383.4761962890625,401.0000709678483
1605,383.4761962890625,392.75798212023153
1606,407.95343017578125,387.3577016678631
1607,407.95343017578125,391.07191672323154
1608,407.95343017578125,396.6477065962807
1609,407.95343017578125,401.9523380861234
1610,416.1124877929688,407.0777884100827
1611,407.95343017578125,413.22462645575473
1612,407.95343017578125,415.3459772465141
1613,407.95343017578125,412.73291857738315
1614,407.95343017578125,410.17570103320725
1615,407.95343017578125,412.6358621125297
1616,407.95343017578125,411.04155974771624
1617,407.95343017578125,404.79683909452024
1618,407.95343017578125,400.1078368836345
1619,407.95343017578125,398.53516721763924
1620,407.95343017578125,399.2076473514818
1621,407.95343017578125,400.8937127484818
1622,391.6352844238281,402.2520136904028
1623,367.1580505371094,399.2730044160868
1624,367.1580505371094,389.108634563441
1625,367.1580505371094,379.6007727530068
1626,375.3171691894531,373.0050332584493
1627,375.3171691894531,371.1743622962232
1628,375.3171691894531,371.28298475846464
1629,375.3171691894531,371.84231394431606
1630,375.3171691894531,372.2890429439567
1631,375.3171691894531,372.5376812899211
1632,375.3171691894531,373.18341887953864
1633,375.3171691894531,373.0215561118606
1634,375.3171691894531,372.5039624298113
1635,375.3171691894531,372.14792553667303
1636,375.3171691894531,372.05637668962333
1637,383.4761962890625,372.0757145476899
1638,383.4761962890625,374.42954800552263
1639,383.4761962890625,376.7961713758107
1640,383.4761962890625,378.48321590486466
1641,383.4761962890625,379.5212794693721
1642,383.4761962890625,380.0847699664531
1643,407.95343017578125,380.3582537882879
1644,407.95343017578125,387.6635580432335
1645,407.95343017578125,394.4504118755825
1646,407.95343017578125,399.17772262808126
1647,407.95343017578125,401.84824410963176
1648,407.95343017578125,403.1967537310128
1649,407.95343017578125,403.8553424288392
1650,407.95343017578125,404.1708065374895
1651,407.95343017578125,404.3241630954484
1652,407.95343017578125,404.39264114347554
1653,489.5441284179688,409.71446864001655
1654,440.5897216796875,433.1968702997578
1655,391.6352844238281,441.50349006930895
1656,301.8855285644531,423.70455221068096
1657,358.9990234375,383.90760748406296
1658,391.6352844238281,364.43095744877076
1659,391.6352844238281,364.8943316933296
1660,391.6352844238281,371.7832600423088
1661,383.4761962890625,378.64856683048504
1662,342.6808776855469,381.37477644760713
1663,326.36273193359375,371.0862404113626
1664,342.6808776855469,350.0877743811302
1665,342.6808776855469,341.02199069308017
1666,342.6808776855469,339.15631575992336
1667,334.5218200683594,339.134591267475
1668,342.6808776855469,337.4211713687163
1669,342.6808776855469,338.2386854380587
1670,342.6808776855469,340.0978124256044
1671,342.6808776855469,339.08569586052806
1672,334.5218200683594,340.18140582471517
1673,342.6808776855469,337.4449765167793
1674,342.6808776855469,338.9615908726827
1675,342.6808776855469,338.33115222140896
1676,342.6808776855469,333.32515600803845
1677,342.6808776855469,331.3597931926331
1678,342.6808776855469,332.3370893740388
1679,342.6808776855469,334.767968285371
1680,342.6808776855469,337.4769207000413
1681,342.6808776855469,339.7548714236884
1682,342.6808776855469,341.3427176365208
1683,367.1580505371094,342.26873177659775
1684,367.1580505371094,349.03790003622123
1685,367.1580505371094,357.64153339478
1686,367.1580505371094,366.4127207260808
1687,367.1580505371094,371.02743129236876
1688,367.1580505371094,365.27949776507455
1689,367.1580505371094,357.39846386237286
1690,367.1580505371094,354.1932138878278
1691,367.1580505371094,354.9505113358488
1692,367.1580505371094,357.5103908952965
1693,367.1580505371094,360.56081561380165
1694,367.1580505371094,362.97351938638155
1695,367.1580505371094,364.8341150720081
1696,367.1580505371094,365.9345983049585
1697,367.1580505371094,366.4325481501745
1698,350.8399658203125,366.5270343933861
1699,350.8399658203125,362.15692325333976
1700,350.8399658203125,357.3152376377823
1701,350.8399658203125,353.57740102161085
1702,367.1580505371094,351.17216313094286
1703,367.1580505371094,357.2225872671719
1704,367.1580505371094,359.6168099222323
1705,358.9990234375,358.2864754396038
1706,367.1580505371094,355.3051407266595
1707,367.1580505371094,356.07834907055803
1708,367.1580505371094,358.4327332901711
1709,350.8399658203125,360.8297709498868
1710,350.8399658203125,358.4329780731846
1711,350.8399658203125,355.1747937719698
1712,367.1580505371094,352.59282254555353
1713,367.1580505371094,355.3925282624796
1714,367.1580505371094,359.3601549325757
1715,367.1580505371094,362.05876526492557
1716,367.1580505371094,363.5855381158892
1717,367.1580505371094,364.35678819567977
1718,367.1580505371094,364.63963496778103
1719,367.1580505371094,364.68173764610333
1720,367.1580505371094,364.6385946399737
1721,367.1580505371094,364.57562420975034
1722,367.1580505371094,364.5185285718511
1723,367.1580505371094,364.3573389574601
1724,367.1580505371094,364.3588076555412
1725,367.1580505371094,364.3612554856762
1726,367.1580505371094,364.36755864827387
1727,367.1580505371094,364.3671302780002
1728,367.1580505371094,364.36792582279406
1729,367.1580505371094,364.39497434578607
1730,367.1580505371094,364.3919757538706
1731,367.1580505371094,364.3718423510102
1732,367.1580505371094,364.3615002686897
1733,367.1580505371094,364.3495059010281
1734,367.1580505371094,364.3501178585618
1735,367.1580505371094,364.3556254763656
1736,367.1580505371094,364.40476566632617
1737,367.1580505371094,366.5318076621494
1738,367.1580505371094,365.6612368746305
1739,367.1580505371094,363.4334666687513
1740,350.8399658203125,362.17981046510215
1741,350.8399658203125,358.7846700678332
1742,350.8399658203125,354.2900255696678
1743,350.8399658203125,350.43206168962035
1744,350.8399658203125,349.78461061890835
1745,350.8399658203125,348.911530805501
1746,358.9990234375,348.1120694834043
1747,358.9990234375,355.0552172698742
1748,358.9990234375,356.113720216009
1749,358.9990234375,350.8235921197164
1750,358.9990234375,348.32766212254603
1751,358.9990234375,348.9910852848891
1752,358.9990234375,351.3009801917981
1753,350.8399658203125,356.45035805532723
1754,350.8399658203125,356.24877924370855
1755,350.8399658203125,352.39993353091415
1756,350.8399658203125,349.60995793877487
1757,350.8399658203125,348.3844517816784
1758,350.8399658203125,348.31370949077643
1759,358.9990234375,348.70175176293003
1760,358.9990234375,351.27533917113385
1761,358.9990234375,353.8390128672909
1762,358.9990234375,355.6782512349895
1763,358.9990234375,356.7171715400442
1764,358.9990234375,357.14431789860464
1765,358.9990234375,357.240211644144
1766,358.9990234375,357.1536808488711
1767,391.6352844238281,356.84329598775093
1768,391.6352844238281,365.46700155341694
1769,358.9990234375,374.5552440829557
1770,358.9990234375,372.4767915153126
1771,358.9990234375,370.7153329501541
1772,358.9990234375,366.1354427675367
1773,358.9990234375,361.8342992415445
1774,358.9990234375,358.98612648794506
1775,358.9990234375,357.3659077215772
1776,358.9990234375,356.58982317726986
1777,358.9990234375,356.4795484296874
1778,358.9990234375,356.3649899793686
1779,358.9990234375,356.4735512458566
1780,358.9990234375,356.455192519844
1781,358.9990234375,356.43236650383494
1782,358.9990234375,356.430591826987
1783,367.1580505371094,356.4433205436891
1784,367.1580505371094,358.64153320068806
1785,367.1580505371094,360.91997349036217
1786,367.1580505371094,362.58559950573465
1787,367.1580505371094,363.5816215876732
1788,367.1580505371094,364.07865349658846
1789,367.1580505371094,364.2944909187436
1790,367.1580505371094,364.37416778963836
1791,367.1580505371094,364.3641316860849
1792,358.9990234375,364.3581345022541
1793,358.9990234375,362.20722616261435
1794,358.9990234375,359.9071837719987
1795,358.9990234375,358.2059418281617
1796,358.9990234375,357.1697141362555
1797,358.9990234375,356.6242763864202
1798,358.9990234375,356.39161013208684
1799,358.9990234375,356.3198275133775
1800,358.9990234375,356.3219081689922
1801,358.9990234375,356.34705962362955
1802,358.9990234375,356.3719662952534
1803,391.6352844238281,356.3886115401715
1804,391.6352844238281,365.0856908141345
1805,399.7943420410156,374.2927754967285
1806,399.7943420410156,383.41277862226923
1807,399.7943420410156,389.75700357045366
1808,399.7943420410156,393.41669320956464
1809,399.7943420410156,395.26706920437766
1810,407.95343017578125,396.6743879447524
1811,399.7943420410156,399.1798644794494
1812,399.7943420410156,399.11518056813156
1813,399.7943420410156,397.68026254298445
1814,399.7943420410156,396.35592524418666
1815,399.7943420410156,395.6954394780056
1816,399.7943420410156,396.5541382893697
1817,399.7943420410156,396.2897726347878
1818,399.7943420410156,395.6479515733863
1819,399.7943420410156,395.3895219068819
1820,399.7943420410156,395.4991235011772
1821,399.7943420410156,395.7973916031291
1822,399.7943420410156,396.13005171847794
1823,399.7943420410156,396.41149098825156
1824,399.7943420410156,396.598688797827
1825,403.8739013671875,396.7109218095176
1826,403.8739013671875,397.97443052946016
1827,403.8739013671875,399.11126403991557
1828,403.8739013671875,399.85442526890677
1829,391.6352844238281,400.2834075000686
1830,391.6352844238281,397.14951177395926
1831,391.6352844238281,393.73093340314756
1832,391.6352844238281,391.2127893475018
1833,391.6352844238281,389.7024781541961
1834,403.8739013671875,388.9246801287944
1835,448.748779296875,392.0828705689937
1836,416.1124877929688,407.0309124629971
1837,391.6352844238281,424.48280920423304
1838,391.6352844238281,416.77260324707885
1839,383.4761962890625,403.6716327772061
1840,391.6352844238281,392.4562870560907
1841,383.4761962890625,390.91721385869846
1842,387.5557556152344,387.7309957634533
1843,383.4761962890625,385.88686173548456
1844,387.5557556152344,384.2560561037827
1845,387.5557556152344,384.05827142887324
1846,383.4761962890625,384.38132381094215
1847,424.27154541015625,383.65958109563235
1848,424.27154541015625,393.9781642467842
1849,416.1124877929688,404.95894664521177
1850,399.7943420410156,410.6130058868281
1851,399.7943420410156,408.7205272136928
1852,399.7943420410156,404.5735357904533
1853,399.7943420410156,401.07632087655406
1854,407.95343017578125,398.6287967203036
1855,416.1124877929688,399.5107499179503
1856,440.5897216796875,403.36981532155846
1857,440.5897216796875,413.87963520200867
1858,456.9078674316406,430.96735601490735
1859,465.0669250488281,440.8205760595158
1860,473.2259826660156,448.23499234272987
1861,489.5441284179688,454.4939716064623
1862,489.5441284179688,464.05375801363556
1863,489.5441284179688,472.809982983236
1864,489.5441284179688,479.9883978435577
1865,489.5441284179688,483.5845968885417
1866,489.5441284179688,485.12106926641536
1867,489.5441284179688,485.65867395981854
1868,489.5441284179688,485.75107954741543
1869,489.5441284179688,485.6980840249923
1870,489.5441284179688,485.622966237724
1871,489.5441284179688,485.56703331913883
1872,489.5441284179688,485.53983180676346
1873,489.5441284179688,485.53031586711353
1874,375.3171691894531,485.5357010934106
1875,375.3171691894531,451.59873931851723
1876,375.3171691894531,418.79010484436014
1877,375.3171691894531,396.21597055621703
1878,375.3171691894531,382.9954235842488
1879,375.3171691894531,376.3074008936011
1880,375.3171691894531,373.4299153741349
1881,375.3171691894531,372.5341319362253
1882,375.3171691894531,372.4919680621497
1883,375.3171691894531,372.71961626470625
1884,375.3171691894531,372.93973738959767
1885,375.3171691894531,373.0740620682568
1886,375.3171691894531,373.10667940480585
1887,375.3171691894531,373.06225128785536
1888,375.3171691894531,372.9713143983395
1889,375.3171691894531,372.8595709526759
1890,375.3171691894531,372.74507369811045
1891,375.3171691894531,372.63859308723715
1892,375.3171691894531,372.54569793361327
1893,375.3171691894531,372.46840769710013
1894,371.2376403808594,372.40696716071113
1895,371.2376403808594,371.31113480501733
1896,371.2376403808594,370.1648159527887
1897,371.2376403808594,369.33824491194673
1898,371.2376403808594,368.83503223194054
1899,371.2376403808594,368.5637514572272
1900,371.2376403808594,368.43536276664565
1901,371.2376403808594,368.3849986616176
1902,371.2376403808594,368.3717803788885
1903,432.43060302734375,368.3732490769695
1904,432.43060302734375,380.77193708110576
1905,432.43060302734375,398.3830957705013
1906,432.43060302734375,412.60878299166103
1907,375.3171691894531,421.6032736270287
1908,375.3171691894531,410.2761232644963
1909,334.5218200683594,396.0520271329243
1910,334.5218200683594,374.67916548354094
1911,334.5218200683594,356.61674930875506
1912,399.7943420410156,344.60298259335025
1913,399.7943420410156,354.873771861116
1914,399.7943420410156,369.73742481121474
1915,399.7943420410156,381.8301952442272
1916,399.7943420410156,389.6879135648928
1917,399.7943420410156,394.0422973963217
1918,358.9990234375,396.0925387216588
1919,358.9990234375,385.254158841336
1920,358.9990234375,373.9201545544255
1921,358.9990234375,365.6903660532372
1922,387.5557556152344,360.6613602365975
1923,358.9990234375,365.3762482511611
1924,358.9990234375,364.5177942228105
1925,358.9990234375,361.9995277756582
1926,358.9990234375,359.707869203255
1927,383.4761962890625,358.11506613439917
1928,448.748779296875,366.1545358425899
1929,448.748779296875,390.57604753363046
1930,465.0669250488281,413.682462484633
1931,379.3966979980469,434.37794833990364
1932,379.3966979980469,425.03742631707456
1933,379.3966979980469,408.0526979571067
1934,383.4761962890625,393.7175315331583
1935,403.8739013671875,385.60150593749495
1936,403.8739013671875,386.3534181592189
1937,403.8739013671875,390.86642138339687
1938,379.3966979980469,394.95613358147705
1939,379.3966979980469,390.57482361856296
1940,379.3966979980469,384.8598746023381
1941,379.3966979980469,380.58192426687503
1942,383.4761962890625,378.03067330865326
1943,383.4761962890625,377.72328703944845
1944,383.4761962890625,378.31168420815334
1945,383.4761962890625,379.1072901977873
1946,383.4761962890625,379.80229036887204
1947,383.4761962890625,380.3004238013481
1948,383.4761962890625,380.58204665838184
1949,367.1580505371094,380.70847708485553
1950,387.5557556152344,376.4341372988416
1951,387.5557556152344,377.27074444323716
1952,375.3171691894531,379.55885366194457
1953,375.3171691894531,378.3282070615646
1954,375.3171691894531,376.30917557044904
1955,391.6352844238281,374.63853150329965
1956,391.6352844238281,377.9177059479223
1957,334.5218200683594,381.8900446910284
1958,334.5218200683594,373.84200757736505
1959,334.5218200683594,360.0800617752843
1960,334.5218200683594,348.4804067229711
1961,407.95343017578125,340.70811767401756
1962,407.95343017578125,353.8279364359299
1963,342.6808776855469,372.24614472084056
1964,293.72650146484375,369.40855883257507
1965,293.72650146484375,349.1162306005418
1966,293.72650146484375,327.82463691164105
1967,326.36273193359375,312.07199325225747
1968,326.36273193359375,310.3315860262602
1969,326.36273193359375,313.653169127972
1970,326.36273193359375,317.6292408120339
1971,326.36273193359375,320.7458181399379
1972,391.6352844238281,322.7657063716008
1973,367.1580505371094,337.3952243692851
1974,367.1580505371094,349.6909199204905
1975,367.1580505371094,357.6691326795524
1976,367.1580505371094,363.2515928897195
1977,367.1580505371094,365.3451608084464
1978,407.95343017578125,365.6543829502525
1979,383.4761962890625,376.32533124934014
1980,424.27154541015625,381.01023334474974
1981,456.9078674316406,393.2578902295554
1982,456.9078674316406,413.51677498236904
1983,367.1580505371094,430.60599509122545
1984,367.1580505371094,415.72912385839766
1985,334.5218200683594,396.40757446003556
1986,334.5218200683594,372.85498127117273
1987,334.5218200683594,354.61277197296977
1988,334.5218200683594,343.0501403514487
1989,334.5218200683594,336.6852312386234
1990,334.5218200683594,333.6608759110561
1991,338.601318359375,332.5126599904728
1992,338.601318359375,333.3298680810484
1993,416.1124877929688,334.5416051936353
1994,416.1124877929688,353.8057223774546
1995,371.2376403808594,376.43652393322327
1996,379.3966979980469,380.83288805146776
1997,448.748779296875,380.91795014865954
1998,473.2259826660156,398.91525404185404
1999,424.27154541015625,421.46674590124815
2000,416.1124877929688,431.645710941074
2001,416.1124877929688,429.0656673808891
2002,407.95343017578125,423.47843390195874
2003,407.95343017578125,416.9269695349684
2004,407.95343017578125,411.3871015691506
2005,407.95343017578125,411.9165060316015
2006,407.95343017578125,410.1408806495366
2007,407.95343017578125,408.056492093816
2008,416.1124877929688,406.44012865991067
2009,416.1124877929688,407.49122691988714
2010,416.1124877929688,409.1514065132093
2011,514.0213623046875,410.61600447874343
2012,522.180419921875,438.1393759190013
2013,652.7254638671875,470.64753924408507
2014,571.134765625,526.267441550715
2015,505.8622131347656,557.6640452114874
2016,554.8167114257812,551.6757653628111
2017,522.180419921875,546.6742670373137
2018,522.180419921875,534.7340270195896
2019,530.3394775390625,526.172098566956
2020,522.180419921875,523.3716279031129
2021,505.8622131347656,520.7282467381845
2022,628.248291015625,513.8739551856156
2023,660.884521484375,544.9497095114407
2024,677.20263671875,591.4551163103338
2025,669.0436401367188,635.7513870102504
2026,660.884521484375,657.4054737442705
2027,660.884521484375,662.9898310227923
2028,660.884521484375,660.6474717687174
2029,652.7254638671875,657.4957374804992
2030,652.7254638671875,653.2270583016726
2031,660.884521484375,650.2531588727634
2032,677.20263671875,651.2416844749134
2033,677.20263671875,658.1292359194417
2034,693.5208129882812,665.1751313758289
2035,652.7254638671875,673.6049075990481
2036,660.884521484375,669.2834776808119
2037,660.884521484375,663.5563507096653
2038,709.8389892578125,659.7038026537916
2039,709.8389892578125,678.2343357440228
2040,734.3161010742188,691.9687128592079
2041,734.3161010742188,706.5423897319372
2042,897.49755859375,718.9056147969924
2043,897.49755859375,786.2496749161778
2044,815.9068603515625,858.0385049945278
2045,881.179443359375,863.4286307765705
2046,783.2705688476562,865.2279350904571
2047,815.9068603515625,835.8632216784783
2048,693.5208129882812,814.9254159387793
2049,750.6343383789062,767.120433172798
2050,734.3161010742188,753.8956942917235
2051,873.0203247070312,740.457749405889
2052,856.7022094726562,782.9650846473816
2053,913.8157348632812,817.1720038388215
2054,758.7933959960938,858.5974976037357
2055,946.4519653320312,840.6147047535604
2056,1183.06494140625,883.5725287087917
2057,1297.2919921875,1012.7117966798025
2058,1460.47314453125,1196.5996656456184
2059,1468.6322021484375,1358.5358682276878
2060,1452.3143310546875,1462.9199431881748
2061,1395.20068359375,1481.4679476659949
2062,1387.0416259765625,1439.0112519104205
2063,1378.8826904296875,1400.7951464828732
2064,1378.8826904296875,1386.6905350597667
2065,1248.3375244140625,1381.4869989545005
2066,1264.655517578125,1301.2623648712238
2067,1223.8602294921875,1274.1166324250457
2068,1207.5421142578125,1266.0023203104768
2069,1142.26953125,1204.2357329475583
2070,1427.8369140625,1159.178217673528
2071,1272.814697265625,1278.0947235689691
2072,1272.814697265625,1348.1395358718726
2073,1280.9737548828125,1307.131894360475
2074,1280.9737548828125,1282.2963322020962
2075,1264.655517578125,1280.9272914054577
2076,1215.701171875,1263.6531989256541
2077,1199.383056640625,1238.7321462998098
2078,1158.587646484375,1220.5736527922245
2079,1183.06494140625,1190.52595652523
2080,1150.4285888671875,1180.6148147000517
2081,1183.06494140625,1166.6287088533568
2082,1248.3375244140625,1169.8145903719585
2083,1297.2919921875,1218.1873549872262
2084,1321.76904296875,1268.419399579423
2085,1395.20068359375,1306.3007948338832
2086,1419.677978515625,1417.4496319597506
2087,1395.20068359375,1409.4146907373097
2088,1387.0416259765625,1401.9904525356787
2089,1387.0416259765625,1391.6453716233154
2090,1387.0416259765625,1398.7175506557774
2091,1387.0416259765625,1397.2047304365833
2092,1419.677978515625,1396.094241697956
2093,1427.8369140625,1412.145398242305
2094,1476.7913818359375,1423.831094523864
2095,1509.427734375,1486.9242222327016
2096,1550.2230224609375,1532.2439001141925
2097,1444.1552734375,1583.25227403371
2098,1484.9505615234375,1494.4790827699126
2099,1509.427734375,1460.9226361895076
2100,1493.1094970703125,1466.729623618809
2101,1493.1094970703125,1485.8121118066101
2102,1476.7913818359375,1499.1307555712392
2103,1493.1094970703125,1481.9319950638408
2104,1517.5867919921875,1491.9628969783748
2105,1427.8369140625,1503.4717375326788
2106,1444.1552734375,1456.3838695531585
2107,1395.20068359375,1437.120731501393
2108,1411.518798828125,1407.8051506299057
2109,1435.99609375,1403.8323223207726
2110,1435.99609375,1414.1537816723333
2111,1435.99609375,1423.8302377833168
2112,1305.450927734375,1431.5344159587635
2113,1427.8369140625,1365.1743835538548
2114,1427.8369140625,1399.1573033395332
2115,1387.0416259765625,1422.0288795869574
2116,1387.0416259765625,1404.9961431584666
2117,1387.0416259765625,1395.5336274012836
2118,1419.677978515625,1391.655713705636
2119,1387.0416259765625,1408.2637210078246
2120,1387.0416259765625,1399.9112656189952
2121,1427.8369140625,1393.7284138724617
2122,1403.35986328125,1413.5138270814095
2123,1403.35986328125,1411.7830275886922
2124,1509.427734375,1409.5521669972675
2125,1427.8369140625,1466.9982729761273
2126,1427.8369140625,1452.1021862767395
2127,1346.246337890625,1440.1927583208399
2128,1346.246337890625,1382.6972673690063
2129,1419.677978515625,1356.1932641905996
2130,1419.677978515625,1387.7643981399988
2131,1427.8369140625,1413.8010799477538
2132,1427.8369140625,1431.5341099799966
2133,1427.8369140625,1425.263381131616
2134,1427.8369140625,1430.2876136794923
2135,1411.518798828125,1432.9979429986136
2136,1411.518798828125,1422.2467976647274
2137,1354.4052734375,1417.0520737479471
2138,1370.7235107421875,1378.999972939446
2139,1460.47314453125,1371.4840634992588
2140,1468.6322021484375,1423.855970597611
2141,1468.6322021484375,1460.4621381453574
2142,1533.90478515625,1474.7561198272842
2143,1533.90478515625,1513.0070150406252
2144,1533.90478515625,1537.259871235363
2145,1631.813720703125,1544.3637802659503
2146,1713.4044189453125,1634.2179945131247
2147,1672.6090087890625,1746.0802211339662
2148,1693.0068359375,1688.5136819124637
2149,1978.5740966796875,1692.6223647940901
2150,1937.77880859375,1884.859950638772
2151,2284.5390625,1965.4221404976674
2152,2141.75537109375,2295.0158590363826
2153,2080.5625,2258.100255161693
2154,2019.3697509765625,2133.4717988419425
2155,1937.77880859375,2055.851105260544
2156,1998.9718017578125,1979.1171381455556
2157,2345.732421875,1991.0080849839358
2158,2325.334716796875,2251.1217362297725
2159,2264.1416015625,2346.702037120286
2160,2366.1298828125,2301.548750492223
2161,2366.1298828125,2381.711393277331
2162,2427.322998046875,2437.1604982362896
2163,2570.1064453125,2518.667856506069
2164,2631.2998046875,2643.432045006806
2165,2590.504150390625,2730.325241531157
2166,2610.90185546875,2665.2872515842946
2167,2835.2763671875,2643.0583837366958
2168,2896.469482421875,2859.9527789441463
2169,3263.62744140625,2949.5223105466184
2170,3202.434326171875,3341.5855108715223
2171,3202.434326171875,3296.506760671071
2172,3161.63916015625,3295.951348013435
2173,3141.241455078125,3244.8854500857447
2174,3182.036865234375,3191.2390496297194
2175,3141.241455078125,3234.877986144754
2176,3141.241455078125,3195.9234621591017
2177,3161.63916015625,3242.0202649127073
2178,3182.036865234375,3209.454332796437
2179,3141.241455078125,3213.963235905139
2180,3100.446044921875,3188.64777664879
2181,3080.04833984375,3152.320019181025
2182,3080.04833984375,3136.155038535398
2183,3059.650634765625,3127.464996773073
2184,3080.04833984375,3101.883947947075
2185,3100.446044921875,3178.6310109532856
2186,3080.04833984375,3139.924452160311
2187,3080.04833984375,3124.4906383760135
2188,2916.866943359375,3145.8577476245796
2189,2916.866943359375,2994.2974074188214
2190,2855.673828125,2938.3028035142734
2191,2692.49267578125,2895.250122316576
2192,2733.2880859375,2755.1320416854496
2193,2733.2880859375,2722.7378248531504
2194,2712.890380859375,2754.7835930657293
2195,2814.878662109375,2719.216254029408
2196,2733.2880859375,2820.950889445382
2197,2753.685791015625,2776.450683897342
2198,2692.49267578125,2798.0682061687203
2199,2610.90185546875,2726.6532515456174
2200,2570.1064453125,2651.060952405601
2201,2570.1064453125,2576.4600244702665
2202,2570.1064453125,2584.304218529436
2203,2651.697265625,2557.323255649221
2204,2651.697265625,2640.277526311809
2205,2610.90185546875,2672.631598729894
2206,2610.90185546875,2622.064079017693
2207,2529.31103515625,2629.16817163554
2208,2549.708740234375,2561.729717066773
2209,2570.1064453125,2571.199270335594
2210,2794.48095703125,2588.3343260637284
2211,3141.241455078125,2790.975863135521
2212,3080.04833984375,3197.959812048423
2213,3039.253173828125,3267.595194163368
2214,2978.06005859375,3106.445234620666
2215,3080.04833984375,3040.826496974271
2216,3080.04833984375,3152.3831731985088
2217,3018.85546875,3126.3083970342773
2218,3080.04833984375,3081.409807131763
2219,3080.04833984375,3150.7925731767746
2220,3080.04833984375,3131.0442139964953
2221,3080.04833984375,3175.430717834764
2222,3018.85546875,3133.59950387444
2223,3080.04833984375,3057.231120190116
2224,3120.84375,3097.5843343149168
2225,3120.84375,3179.331824720941
2226,3120.84375,3154.6501086865483
2227,3120.84375,3161.5358548563518
2228,3018.85546875,3188.717539807638
2229,2998.457763671875,3104.3753494584953
2230,3018.85546875,3004.260320851355
2231,3068.9609375,3034.8804727933
2232,3027.20654296875,3089.017663191397
2233,3068.9609375,3065.3442083896175
2234,2985.45166015625,3112.840190848399
2235,3027.20654296875,3036.4561410512106
2236,3027.20654296875,3048.843385449466
2237,2985.45166015625,3056.1805114961667
2238,2964.57470703125,3031.950664904698
2239,2901.942626953125,2976.292637643715
2240,2672.29248046875,2924.0058844361847
2241,2567.906005859375,2720.278367524992
2242,2463.519775390625,2554.2421718582755
2243,2463.519775390625,2482.8758066633527
2244,2484.39697265625,2481.40417118618
2245,2463.519775390625,2459.008973280907
2246,2505.274169921875,2461.6138317190853
2247,2463.519775390625,2491.193533462141
2248,2463.519775390625,2478.216484392854
2249,2275.6240234375,2471.756905449557
2250,2275.6240234375,2324.611838849836
2251,2317.378662109375,2256.0897298802965
2252,2275.6240234375,2291.928043712565
2253,2275.6240234375,2272.4556773800086
2254,2254.746826171875,2273.346320374635
2255,2171.237548828125,2254.3050169288554
2256,2233.86962890625,2197.6394627842997
2257,2380.010498046875,2220.915022797632
2258,2317.378662109375,2362.8517188275696
2259,2296.50146484375,2364.203043453606
2260,2296.50146484375,2330.396306241895
2261,2296.50146484375,2327.8619453116053
2262,2233.86962890625,2321.8699019240967
2263,2150.3603515625,2267.097744388976
2264,2171.237548828125,2183.59344629505
2265,2171.237548828125,2167.897959469319
2266,2108.605712890625,2160.3991542422004
2267,2045.973876953125,2110.0585483835157
2268,1837.201171875,2065.013823021941
2269,1878.9556884765625,1888.3933322429161
2270,1586.6737060546875,1848.8934928989358
2271,1837.201171875,1682.201033973021
2272,1858.078369140625,1761.6296948921433
2273,1837.201171875,1837.573624831055
2274,1774.5692138671875,1841.2662377854822
2275,1670.182861328125,1793.4114646246608
2276,1628.4283447265625,1702.2189604469188
2277,1586.6737060546875,1639.3447911436583
2278,1653.48095703125,1591.1000174465753
2279,1586.6737060546875,1635.6973406552224
2280,1586.6737060546875,1618.209430213125
2281,1670.182861328125,1599.9738300562867
2282,1691.0601806640625,1659.631672953641
2283,1691.0601806640625,1693.4019986920932
2284,1899.8330078125,1714.5387059292007
2285,2338.256103515625,1860.9816736504451
2286,2025.0965576171875,2220.3730732057393
2287,2171.237548828125,2153.3829387262003
2288,2004.2193603515625,2202.749430582655
2289,2004.2193603515625,2079.9293087751485
2290,2045.973876953125,2033.738386952852
2291,1962.4647216796875,2053.649649228616
2292,1941.58740234375,2011.0607094499976
2293,2025.0965576171875,1966.4774000688735
2294,1983.34228515625,2013.690780538567
2295,1962.4647216796875,2013.2774644202693
2296,1878.9556884765625,1985.8418170924751
2297,1878.9556884765625,1905.3053294499973
2298,1816.32373046875,1865.9084213631945
2299,1837.201171875,1853.944406795284
2300,1837.201171875,1859.4194684582772
2301,1837.201171875,1840.8688937588154
2302,1878.9556884765625,1849.3385696132354
2303,1816.32373046875,1880.4816392677733
2304,1837.201171875,1830.4764473333394
2305,1858.078369140625,1856.0649620412494
2306,1795.4466552734375,1866.8217679823229
2307,1753.6920166015625,1819.855924335033
2308,1711.9373779296875,1773.486616891647
2309,1670.182861328125,1746.7421755982282
2310,1661.8319091796875,1700.7435920287905
2311,1691.0601806640625,1669.5576241511362
2312,1661.8319091796875,1677.5335726673234
2313,1661.8319091796875,1668.4629545147568
2314,1661.8319091796875,1665.7253012917533
2315,1645.130126953125,1663.6565176531435
2316,1636.7791748046875,1653.6750007115834
2317,1670.182861328125,1645.9965247525543
2318,1670.182861328125,1665.495082867555
2319,1670.182861328125,1675.1868379168823
2320,1661.8319091796875,1678.262964851805
2321,1661.8319091796875,1677.21351887717
2322,1670.182861328125,1671.953499091538
2323,1670.182861328125,1674.66012606758
2324,1670.182861328125,1677.009492235416
2325,1653.48095703125,1677.6915801025389
2326,1628.4283447265625,1665.5219478032868
2327,1586.6737060546875,1642.5822300844789
2328,1586.6737060546875,1604.6995497191979
2329,1595.0245361328125,1591.317568349825
2330,1595.0245361328125,1594.6221390320984
2331,1595.0245361328125,1597.384270556452
2332,1628.4283447265625,1599.0409619918316
2333,1628.4283447265625,1622.320928099407
2334,1603.37548828125,1638.626414194784
2335,1603.37548828125,1618.329251498234
2336,1645.130126953125,1611.5826032758528
2337,1711.9373779296875,1631.380041450339
2338,1653.48095703125,1685.7792720643893
2339,1653.48095703125,1674.888692206437
2340,1653.48095703125,1666.8927938746497
2341,1628.4283447265625,1663.4885353101279
2342,1603.37548828125,1638.6026702424745
2343,1603.37548828125,1617.7768986282676
2344,1578.32275390625,1609.7329004343271
2345,1595.0245361328125,1592.8822825678815
2346,1620.077392578125,1606.5631439967397
2347,1899.8330078125,1625.3797366361246
2348,1920.7103271484373,1803.5366079993928
2349,1920.7103271484373,1920.1757751287205
2350,1795.4466552734375,1957.1832338292263
2351,1816.32373046875,1852.6074631712909
2352,1795.4466552734375,1837.94410392199
2353,1795.4466552734375,1820.1122121501694
2354,1837.201171875,1809.3889414819455
2355,1837.201171875,1833.9730502897048
2356,1878.9556884765625,1846.0890139132466
2357,1920.7103271484373,1929.561429019664
2358,1795.4466552734375,1926.6721327197965
2359,1795.4466552734375,1853.1449454731874
2360,1753.6920166015625,1812.4941363997218
2361,1732.814697265625,1776.7000059013908
2362,1732.814697265625,1742.0769785354055
2363,1774.5692138671875,1742.2885322548245
2364,1795.4466552734375,1760.5512421304081
2365,1837.201171875,1787.187795310626
2366,1795.4466552734375,1831.1642264055258
2367,1837.201171875,1823.3282325773084
2368,1837.201171875,1837.2856988114236
2369,1795.4466552734375,1841.7826687482175
2370,1837.201171875,1816.1899315333244
2371,1837.201171875,1839.5774797753336
2372,1878.9556884765625,1844.236067696792
2373,1858.078369140625,1961.8912679194118
2374,1837.201171875,1883.6014599706064
2375,1899.8330078125,1841.7009724174611
2376,1920.7103271484373,1877.3899074157398
2377,1837.201171875,1920.1490325844957
2378,1837.201171875,1864.6290629431278
2379,1816.32373046875,1848.0458093231794
2380,1837.201171875,1826.9312549487936
2381,1837.201171875,1837.627109919505
2382,1837.201171875,1842.3986652016945
2383,1837.201171875,1842.108107764668
2384,1837.201171875,1843.7261846796678
2385,1816.32373046875,1869.7575118590025
2386,1837.201171875,1838.8510861827672
2387,1837.201171875,1841.6472425459974
2388,1837.201171875,1843.8415386747804
2389,1816.32373046875,1842.2943264421892
2390,1837.201171875,1833.8489453018594
2391,1837.201171875,1838.9373109992732
2392,1837.201171875,1844.6222740963442
2393,1837.201171875,1846.5985297558504
2394,1837.201171875,1845.883396181905
2395,1858.078369140625,1847.1827044175723
2396,1858.078369140625,1866.6045842535934
2397,1858.078369140625,1872.4108373338545
2398,1878.9556884765625,1877.157363552913
2399,1858.078369140625,1887.5701269685098
2400,1774.5692138671875,1876.235082353792
2401,1795.4466552734375,1862.8135685277389
2402,1691.0601806640625,1804.7817579933228
2403,1691.0601806640625,1728.3371855960468
2404,1636.7791748046875,1692.9403991243823
2405,1691.0601806640625,1651.3279599823754
2406,1711.9373779296875,1675.1197673711827
2407,1711.9373779296875,1700.397958413726
2408,1691.0601806640625,1706.8565582249694
2409,1691.0601806640625,1698.981643897605
2410,1645.130126953125,1697.39447083806
2411,1670.182861328125,1665.2132152275076
2412,1645.130126953125,1666.986545768821
2413,1653.48095703125,1659.2104013874048
2414,1645.130126953125,1663.6411575190461
2415,1636.7791748046875,1662.9081547851151
2416,1670.182861328125,1655.0050904111986
2417,1653.48095703125,1663.4345606556508
2418,1653.48095703125,1661.2383674585133
2419,1653.48095703125,1662.5533418070445
2420,1628.4283447265625,1659.0012343023675
2421,1595.0245361328125,1647.3920327125277
2422,1595.0245361328125,1615.608243520149
2423,1628.4283447265625,1602.0238877943639
2424,1645.130126953125,1620.8739545108447
2425,1578.32275390625,1643.707436401793
2426,1620.077392578125,1605.6535303185674
2427,1595.0245361328125,1609.471288588647
2428,1544.9190673828125,1606.1631073569247
2429,1503.1644287109375,1568.7728692190556
2430,1469.7608642578125,1541.9802056719773
2431,1428.00634765625,1495.2717513633843
2432,1453.05908203125,1461.8343305232947
2433,1453.05908203125,1451.1833320398073
2434,1444.7081298828125,1453.8403292598618
2435,1569.9718017578125,1450.2025477004595
2436,1453.05908203125,1524.3577869639607
2437,1453.05908203125,1485.0917153978744
2438,1419.6552734375,1465.6081502424508
2439,1419.6552734375,1438.2652756767739
2440,1419.6552734375,1425.9730682835109
2441,1419.6552734375,1422.4377896110122
2442,1419.6552734375,1421.7113960184456
2443,1419.6552734375,1424.7797510926898
2444,1377.90087890625,1423.4008271818814
2445,1377.90087890625,1404.6140980701439
2446,1377.90087890625,1388.567714794558
2447,1386.251708984375,1381.7196040130802
2448,1394.6026611328125,1386.2585848345661
2449,1394.6026611328125,1405.7960940465903
2450,1377.90087890625,1404.2753183794573
2451,1386.251708984375,1389.4155207618214
2452,1377.90087890625,1389.0270807172708
2453,1377.90087890625,1384.7047940584873
2454,1377.90087890625,1382.7579123606013
2455,1436.3572998046875,1381.335753650033
2456,1386.251708984375,1418.1495889868588
2457,1386.251708984375,1405.103694695024
2458,1377.90087890625,1395.432960386981
2459,1377.90087890625,1385.6107971872107
2460,1411.3045654296875,1381.6667614800406
2461,1377.90087890625,1395.527018259919
2462,1377.90087890625,1391.858914204719
2463,1386.251708984375,1385.2321484632002
2464,1402.95361328125,1385.6826410016733
2465,1419.6552734375,1396.9524509432931
2466,1419.6552734375,1415.4220330631624
2467,1411.3045654296875,1423.433199735417
2468,1419.6552734375,1420.4149333853106
2469,1419.6552734375,1418.883846233734
2470,1402.95361328125,1422.6983611288847
2471,1402.95361328125,1413.5968085229867
2472,1402.95361328125,1408.8084244086192
2473,1402.95361328125,1407.1450932339983
2474,1436.3572998046875,1406.7571733533514
2475,1436.3572998046875,1428.2280400017655
2476,1419.6552734375,1438.715676421617
2477,1419.6552734375,1431.131656107923
2478,1386.251708984375,1426.4498138001823
2479,1386.251708984375,1403.1108855842297
2480,1377.90087890625,1392.2953929156693
2481,1486.4627685546875,1383.9271796203457
2482,1486.4627685546875,1439.4746873507324
2483,1486.4627685546875,1479.6773599222297
2484,1506.0325927734375,1493.9947795776993
2485,1403.9287109375,1509.6951620637
2486,1403.9287109375,1446.9089922537937
2487,1403.9287109375,1417.0735534573819
2488,1361.3853759765625,1407.2534709132262
2489,1369.8941650390625,1380.9370327189154
2490,1420.946044921875,1372.1153588910797
2491,1420.946044921875,1398.891683172007
2492,1420.946044921875,1418.1982702086689
2493,1420.946044921875,1425.5671568513717
2494,1420.946044921875,1427.048308268194
2495,1420.946044921875,1426.9382783036249
2496,1420.946044921875,1426.5230957148492
2497,1420.946044921875,1426.1444775887155
2498,1420.946044921875,1425.860070324903
2499,1420.946044921875,1425.6652536440324
2500,1420.946044921875,1425.5355798426299
2501,1369.8941650390625,1425.4548014481743
2502,1369.8941650390625,1392.6506342640137
2503,1369.8941650390625,1377.040943884515
2504,1369.8941650390625,1371.628363085718
2505,1369.8941650390625,1375.0229527212068
2506,1386.911376953125,1371.7096004483242
2507,1361.3853759765625,1381.8959701743083
2508,1369.8941650390625,1371.9826558998852
2509,1369.8941650390625,1370.518455706748
2510,1369.8941650390625,1371.4979243373984
2511,1369.8941650390625,1373.1567576241464
2512,1361.3853759765625,1373.8893625856804
2513,1361.3853759765625,1368.1608587100827
2514,1361.3853759765625,1367.1139829570893
2515,1327.350830078125,1366.1071904225566
2516,1318.8421630859375,1339.9503201551722
2517,1318.8421630859375,1325.7123937833373
2518,1318.8421630859375,1321.0411995366837
2519,1318.8421630859375,1321.3036069271575
2520,1318.8421630859375,1321.2292540868066
2521,1327.350830078125,1321.2203501046904
2522,1318.8421630859375,1326.3888822390259
2523,1318.8421630859375,1324.1605306734896
2524,1318.8421630859375,1323.882732551042
2525,1318.8421630859375,1322.5996105921427
2526,1318.8421630859375,1322.0389656975935
2527,1276.298828125,1321.9278342094638
2528,1276.298828125,1296.2595814349054
2529,1276.298828125,1282.7976478137477
2530,1284.8074951171875,1278.156470084125
2531,1293.316162109375,1282.3566406170476
2532,1293.316162109375,1289.4993477552748
2533,1293.316162109375,1294.221824043257
2534,1293.316162109375,1296.118219244608
2535,1293.316162109375,1305.7175993042154
2536,1293.316162109375,1301.826712108852
2537,1293.316162109375,1298.6308862803266
2538,1276.298828125,1303.9397402771524
2539,1284.8074951171875,1291.607480263305
2540,1276.298828125,1296.0109124910643
2541,1276.298828125,1287.3038889071777
2542,1276.298828125,1281.5644003938494
2543,1301.8248291015625,1279.3277874016073
2544,1301.8248291015625,1291.8397487452414
2545,1301.8248291015625,1301.1181876762712
2546,1284.8074951171875,1304.8660909938728
2547,1310.3333740234375,1303.5410499439113
2548,1310.3333740234375,1318.0357536969095
2549,1276.298828125,1317.9679182042928
2550,1276.298828125,1295.6896347858433
2551,1293.316162109375,1283.6885661892638
2552,1293.316162109375,1289.3991703069992
2553,1276.298828125,1293.7656402997197
2554,1276.298828125,1285.4909647134305
2555,1276.298828125,1280.6603249313573
2556,1284.8074951171875,1278.8933893462718
2557,1276.298828125,1293.9093891243986
2558,1276.298828125,1287.8313351055206
2559,1276.298828125,1282.445282665812
2560,1276.298828125,1279.9983704670954
2561,1276.298828125,1279.1744308436485
2562,1276.298828125,1278.9051695287967
2563,1276.298828125,1278.9141959024196
2564,1276.298828125,1279.14762710367
2565,1191.2122802734375,1279.4942092529118
2566,1191.2122802734375,1229.238940872309
2567,1191.2122802734375,1202.1354028980834
2568,1191.2122802734375,1192.1295606445565
2569,1191.2122802734375,1186.2679560053675
2570,1191.2122802734375,1188.6552635402966
2571,1191.2122802734375,1191.7035158095568
2572,1191.2122802734375,1192.5684565877652
2573,1191.2122802734375,1192.8893977163427
2574,1191.2122802734375,1192.9769688394229
2575,1191.2122802734375,1193.028403870135
2576,1191.2122802734375,1193.0613577833276
2577,1191.2122802734375,1193.64635858772
2578,1191.2122802734375,1193.1171377125293
2579,1191.2122802734375,1192.8535676027414
2580,1191.2122802734375,1192.8310781633759
2581,1191.2122802734375,1192.8437456843246
2582,1191.2122802734375,1192.85136455562
2583,1191.2122802734375,1192.8060491002452
2584,1208.2294921875,1192.8010616463453
2585,1208.2294921875,1202.4239408752485
2586,1208.2294921875,1208.0018114039126
2587,1191.2122802734375,1210.1260689929572
2588,1191.2122802734375,1201.0101965807694
2589,1157.1776123046875,1196.518183499999
2590,1157.1776123046875,1179.3904712622696
2591,1191.2122802734375,1167.9948122538333
2592,1191.2122802734375,1180.4152859461713
2593,1191.2122802734375,1184.8958248231836
2594,1191.2122802734375,1190.3350563725753
2595,1191.2122802734375,1192.9424544345193
2596,1191.2122802734375,1193.7115932608183
2597,1233.7554931640625,1193.7173456616356
2598,1233.7554931640625,1217.567136026766
2599,1233.7554931640625,1231.406586250497
2600,1233.7554931640625,1236.5057529983815
2601,1233.7554931640625,1237.5644701296533
2602,1233.7554931640625,1237.2956677829516
2603,1242.26416015625,1236.795147716094
2604,1242.26416015625,1241.3093748553395
2605,1148.6689453125,1243.805886212167
2606,1148.6689453125,1197.33349452222
2607,1148.6689453125,1165.6946168738343
2608,1148.6689453125,1151.6953233422869
2609,1148.6689453125,1147.5897308462058
2610,1148.6689453125,1147.1980168288496
2611,1148.6689453125,1147.659861179574
2612,1123.14306640625,1148.403817953359
2613,1123.14306640625,1139.1636875639424
2614,1123.14306640625,1130.31242558935
2615,1123.14306640625,1125.071131704251
2616,1123.14306640625,1123.3164046719637
2617,1123.14306640625,1123.119354346095
2618,1123.14306640625,1123.378304176503
2619,1123.14306640625,1123.6653122598339
2620,1123.14306640625,1123.8069192331445
2621,1123.14306640625,1123.9024764020403
2622,1123.14306640625,1123.8765600004858
2623,1182.70361328125,1123.8971829693733
2624,1182.70361328125,1152.4890934593195
2625,1182.70361328125,1174.1664345796223
2626,1148.6689453125,1183.5308841420213
2627,1148.6689453125,1172.4605723564055
2628,1148.6689453125,1159.517517528118
2629,1148.6689453125,1152.683940738067
2630,1165.6861572265625,1150.0126237117227
2631,1165.6861572265625,1158.62874100397
2632,1165.6861572265625,1164.2218186773478
2633,1165.6861572265625,1166.5901249308536
2634,1148.6689453125,1167.2913670687826
2635,1131.651611328125,1157.9381163292514
2636,1131.651611328125,1143.0659571694337
2637,1131.651611328125,1135.1962444811065
2638,1148.6689453125,1132.2869983656383
2639,1250.7728271484375,1138.9768569288872
2640,1250.7728271484375,1190.6344565959648
2641,1148.6689453125,1233.9317984156576
2642,1148.6689453125,1194.6826780732563
2643,1148.6689453125,1166.6977070652877
2644,1148.6689453125,1153.83188127776
2645,1123.14306640625,1149.445675654576
2646,1123.14306640625,1134.5758419333863
2647,1123.14306640625,1126.3601284554743
2648,1123.14306640625,1124.3304489032714
2649,1123.14306640625,1123.4394387341251
2650,1123.14306640625,1123.3449218930368
2651,1131.651611328125,1123.534016770967
2652,1131.651611328125,1127.394367285396
2653,1140.1602783203125,1130.7821641922599
2654,1140.1602783203125,1136.9664540389977
2655,1140.1602783203125,1140.3053555389145
2656,1140.1602783203125,1141.5098103568498
2657,1140.1602783203125,1141.7281874027701
2658,1114.63427734375,1141.6201768980625
2659,1123.14306640625,1129.050048990845
2660,1123.14306640625,1124.4121758319043
2661,1123.14306640625,1123.1850173894668
2662,1123.14306640625,1123.1294516454018
2663,1131.651611328125,1123.3774168380792
2664,1131.651611328125,1128.1671778568975
2665,1131.651611328125,1131.1441064755988
2666,1131.651611328125,1132.3955290342496
2667,1131.651611328125,1132.7569205558084
2668,1131.651611328125,1132.7758912393547
2669,1106.1256103515625,1132.7060362868767
2670,1106.1256103515625,1119.7134434962318
2671,1106.1256103515625,1112.7250720480176
2672,1106.1256103515625,1108.882498899944
2673,1106.1256103515625,1107.238383191883
2674,1106.1256103515625,1106.7050010054627
2675,1106.1256103515625,1106.0871380815076
2676,1106.1256103515625,1106.0361314210693
2677,1148.6689453125,1106.2147006294188
2678,1148.6689453125,1129.1810385009449
2679,1106.1256103515625,1143.6010528369484
2680,1106.1256103515625,1127.2002237578122
2681,1106.1256103515625,1114.2155558172296
2682,1106.1256103515625,1108.1928533572795
2683,1106.1256103515625,1106.1647342967876
2684,1106.1256103515625,1105.8119407785784
2685,1106.1256103515625,1105.985614326658
2686,1106.1256103515625,1106.1829706312935
2687,1114.63427734375,1106.385467379213
2688,1114.63427734375,1109.3981649157622
2689,1114.63427734375,1112.5240134003025
2690,1114.63427734375,1114.8552044293863
2691,1114.63427734375,1115.7683674612545
2692,1114.63427734375,1115.918327654901
2693,1114.63427734375,1115.796639899314
2694,1106.1256103515625,1115.345810784197
2695,1106.1256103515625,1112.1755953784595
2696,1106.1256103515625,1108.7281326120547
2697,1106.1256103515625,1107.386232132038
2698,1106.1256103515625,1106.8710862801236
2699,1378.4027099609375,1106.706836878064
2700,1301.8248291015625,1201.7154470405444
2701,1301.8248291015625,1277.3719405258519
2702,1301.8248291015625,1310.609526633294
2703,1293.316162109375,1317.9923353098898
2704,1293.316162109375,1310.4901031205818
2705,1293.316162109375,1304.1402175652102
2706,1293.316162109375,1300.3332297477245
2707,1293.316162109375,1298.2311556192785
2708,1293.316162109375,1297.0909563423875
2709,1293.316162109375,1296.486923658695
2710,1293.316162109375,1296.1858711499647
2711,1114.63427734375,1296.0571764806161
2712,1148.6689453125,1192.0326877669634
2713,1106.1256103515625,1155.4729066002756
2714,1063.582275390625,1122.1710037560358
2715,1072.091064453125,1087.1515502996845
2716,1080.5997314453125,1072.1593862674974
2717,1072.091064453125,1072.6968685693937
2718,1072.091064453125,1071.5690614325613
2719,1097.616943359375,1071.38792200257
2720,1072.091064453125,1080.135090000671
2721,1072.091064453125,1078.1648927207489
2722,1072.091064453125,1075.6039116377403
2723,1072.091064453125,1074.0454087886515
2724,1063.582275390625,1072.7979945518466
2725,1080.5997314453125,1069.6307471401478
2726,1080.5997314453125,1074.8992731354988
2727,1080.5997314453125,1078.755798915342
2728,1063.582275390625,1080.5580444501252
2729,1063.582275390625,1072.4152151144833
2730,1063.582275390625,1066.834957951438
2731,1063.582275390625,1064.3350196324213
2732,1063.582275390625,1063.289214805112
2733,1072.091064453125,1063.077844672953
2734,1063.582275390625,1066.0195551355869
2735,1063.582275390625,1065.3392113474354
2736,1063.582275390625,1064.40108044819
2737,1063.582275390625,1064.0766205637935
2738,1080.5997314453125,1063.9065575651632
2739,1021.0390014648438,1070.8323257576744
2740,1021.0390014648438,1038.3990354368455
2741,850.8658447265625,1028.271115304804
2742,850.8658447265625,938.6904996215018
2743,850.8658447265625,882.1200551518949
2744,859.3745727539062,855.8185984429573
2745,859.3745727539062,850.1630016580374
2746,859.3745727539062,851.3331027099216
2747,859.3745727539062,853.870194500706
2748,859.3745727539062,855.9553480033439
2749,859.3745727539062,857.2471521097534
2750,867.8831787109375,857.883236069276
2751,867.8831787109375,861.8567987274496
2752,867.8831787109375,864.6255776405135
2753,867.8831787109375,865.980023249972
2754,867.8831787109375,866.3801019618676
2755,867.8831787109375,866.3308623288079
2756,867.8831787109375,866.1311079155868
2757,867.8831787109375,865.9205027303452
2758,867.8831787109375,865.7466685434131
2759,867.8831787109375,865.6126919156013
2760,867.8831787109375,865.5010287893641
2761,867.8831787109375,865.4584212460765
2762,867.8831787109375,865.4664149413611
2763,867.8831787109375,865.4768029204965
2764,867.8831787109375,865.4873132911388
2765,867.8831787109375,865.4944846684875
2766,893.4091796875,865.5008605010423
2767,893.4091796875,876.7907847218496
2768,893.4091796875,885.3448265717667
2769,893.4091796875,889.7178330358947
2770,893.4091796875,891.3379714828363
2771,893.4091796875,884.9060912674107
2772,850.8658447265625,886.907731690364
2773,935.9525146484376,870.4732525963406
2774,935.9525146484376,888.9441236517654
2775,935.9525146484376,913.0767301911205
2776,935.9525146484376,927.6935911858762
2777,935.9525146484376,933.9653622744314
2778,935.9525146484376,935.7253263245505
2779,935.9525146484376,934.1819770738912
2780,935.9525146484376,934.1104296763589
2781,935.9525146484376,934.2017251347422
2782,935.9525146484376,934.2129000530188
2783,935.9525146484376,934.1864271525819
2784,935.9525146484376,934.1625627211329
2785,935.9525146484376,934.1575781357836
2786,935.9525146484376,934.1715116438803
2787,935.9525146484376,934.1916660827811
2788,935.9525146484376,934.2195675215856
2789,935.9525146484376,934.2499072286888
2790,935.9525146484376,920.2585581489684
2791,935.9525146484376,924.8809561927283
2792,935.9525146484376,930.4516943085271
2793,935.9525146484376,933.6480039659774
2794,935.9525146484376,934.8903083573754
2795,935.9525146484376,935.1313412186155
2796,935.9525146484376,934.9951395514584
2797,935.9525146484376,934.7818015933552
2798,935.9525146484376,934.6018535681874
2799,935.9525146484376,934.4788137689243
2800,935.9525146484376,934.4041998904376
2801,935.9525146484376,934.3639828062662
2802,867.8831787109375,934.3452502124478
2803,867.8831787109375,903.0761163497727
2804,867.8831787109375,880.731619126171
2805,867.8831787109375,869.5961950589639
2806,867.8831787109375,865.3616095642365
2807,867.8831787109375,864.3951985774626
2808,850.8658447265625,864.6298919411265
2809,850.8658447265625,857.7262460134605
2810,850.8658447265625,852.5151063358372
2811,850.8658447265625,849.8207720567544
2812,850.8658447265625,848.7534186747877
2813,850.8658447265625,848.4665176840253
2814,850.8658447265625,848.4646894608933
2815,850.8658447265625,848.5214867694948
2816,850.8658447265625,848.5579670879757
2817,850.8658447265625,848.5602083824431
2818,944.4611206054688,848.5363726365034
2819,944.4611206054688,888.4182608935411
2820,944.4611206054688,920.6453088560614
2821,944.4611206054688,937.3276338588523
2822,944.4611206054688,943.5220630769775
2823,944.4611206054688,944.7843421447507
2824,944.4611206054688,944.3349702535111
2825,944.4611206054688,943.5913098966563
2826,944.4611206054688,943.0152742701334
2827,944.4611206054688,942.6769535475973
2828,850.8658447265625,942.5247807449929
2829,808.3225708007812,902.6990472411463
2830,731.74462890625,853.1774815209037
2831,727.4902954101562,804.7579098037729
2832,723.2359619140625,761.1146513386564
2833,723.2359619140625,736.024300661099
2834,680.6926879882812,724.2684128504184
2835,672.1840209960938,703.8867388184569
2836,659.4210815429688,685.0523382148399
2837,621.132080078125,671.4598128559791
2838,621.132080078125,649.8965712178448
2839,621.132080078125,640.4428064533945
2840,621.132080078125,629.863162218343
2841,621.132080078125,622.8595836254149
2842,638.1494140625,619.3980764336102
2843,638.1494140625,624.104029868181
2844,748.761962890625,629.2370378676821
2845,748.761962890625,672.8969033303711
2846,748.761962890625,710.9989398736263
2847,748.761962890625,733.4842791236217
2848,748.761962890625,743.567472809415
2849,748.761962890625,746.7176466059221
2850,748.761962890625,746.8863632979782
2851,748.761962890625,746.1294636223541
2852,748.761962890625,745.3794178711082
2853,748.761962890625,744.8705139860381
2854,642.4037475585938,744.6075558337839
2855,642.4037475585938,703.4960345310315
2856,642.4037475585938,669.8662754380828
2857,646.6580810546875,650.4062094519554
2858,646.6580810546875,642.7925703936276
2859,646.6580810546875,640.7237255592644
2860,646.6580810546875,640.9238968685554
2861,646.6580810546875,641.7329965218087
2862,646.6580810546875,642.4850005371627
2863,680.6926879882812,642.9823690227215
2864,638.1494140625,655.5668167362289
2865,672.1840209960938,651.0609122194425
2866,672.1840209960938,656.3867174399529
2867,672.1840209960938,662.1056441801472
2868,672.1840209960938,665.7845492858181
2869,672.1840209960938,667.6029199016157
2870,672.1840209960938,668.2770217229228
2871,672.1840209960938,668.4009737213847
2872,672.1840209960938,668.3077113932405
2873,672.1840209960938,668.1767830788938
2874,672.1840209960938,668.0745555728802
2875,672.1840209960938,668.0485473776956
2876,672.1840209960938,668.0483637904355
2877,672.1840209960938,668.0643052841898
2878,748.761962890625,668.0866417341718
2879,680.6926879882812,688.0284712887474
2880,680.6926879882812,688.8639769095821
2881,680.6926879882812,684.8816020629224
2882,731.74462890625,681.1607778661894
2883,731.74462890625,700.4409895331464
2884,731.74462890625,715.4367947126593
2885,731.74462890625,723.7845686263555
2886,731.74462890625,727.3927008432477
2887,731.74462890625,728.4907974418164
2888,731.74462890625,728.5380099655456
2889,731.74462890625,728.2826400867099
2890,680.6926879882812,729.2951238263064
2891,680.6926879882812,709.4810710047789
2892,680.6926879882812,692.4924873123483
2893,638.1494140625,682.5471676589099
2894,595.6061401367188,662.283111864936
2895,595.6061401367188,637.599345772805
2896,599.8604125976562,615.237040584971
2897,599.8604125976562,602.9656703457324
2898,748.761962890625,597.4810009494593
2899,625.3864135742188,630.6270688077284
2900,625.3864135742188,636.2237570305554
2901,625.3864135742188,633.2923274544887
2902,612.6234741210938,629.1403791752257
2903,612.6234741210938,621.3903041847475
2904,676.4383544921875,615.3060999926552
2905,680.6926879882812,634.1875295327411
2906,633.8950805664062,654.264540506523
2907,646.6580810546875,649.8875448442219
2908,676.4383544921875,650.9850906810102
2909,676.4383544921875,659.6850767532587
2910,676.4383544921875,666.3987098666939
2911,667.9297485351562,670.1770886694766
2912,667.9297485351562,672.9411784579381
2913,676.4383544921875,670.2004042515126
2914,676.4383544921875,672.4571200487385
2915,676.4383544921875,672.9054707358436
2916,646.6580810546875,672.7994796909973
2917,638.1494140625,668.933468569381
2918,638.1494140625,661.2751872089659
2919,697.7100219726562,649.5176777108209
2920,697.7100219726562,662.8148723638918
2921,697.7100219726562,677.400604800036
2922,697.7100219726562,687.0193227177098
2923,697.7100219726562,691.9628074690072
2924,697.7100219726562,693.9660504557521
2925,697.7100219726562,694.4766984197934
2926,697.7100219726562,694.4044874308104
2927,697.7100219726562,694.1997264400161
2928,697.7100219726562,693.9925482169635
2929,697.7100219726562,693.8594168554953
2930,697.7100219726562,693.7921015267824
2931,701.96435546875,693.7689695320064
2932,697.7100219726562,695.373460989757
2933,680.6926879882812,695.1548391608233
2934,680.6926879882812,692.0879221867833
2935,680.6926879882812,685.7616581922146
2936,680.6926879882812,681.0535935041523
2937,680.6926879882812,678.402562870052
2938,667.9297485351562,677.2041358338241
2939,638.1494140625,672.1020622876542
2940,638.1494140625,657.3874821927781
2941,621.132080078125,645.5590162185941
2942,625.3864135742188,634.2952034608053
2943,621.132080078125,626.7595583901546
2944,625.3864135742188,624.940300435933
2945,625.3864135742188,623.386417866224
2946,625.3864135742188,622.4774161455853
2947,625.3864135742188,622.0325842142993
2948,625.3864135742188,621.8491193456798
2949,625.3864135742188,621.7763269970396
2950,625.3864135742188,621.7323884461161
2951,693.4556884765625,621.6845639648532
2952,693.4556884765625,645.9405411430132
2953,693.4556884765625,667.8239283649311
2954,693.4556884765625,681.1747610958357
2955,693.4556884765625,687.5481152226268
2956,638.1494140625,689.8298600829833
2957,638.1494140625,668.2034950252422
2958,638.1494140625,650.6984191743231
2959,676.4383544921875,640.430995672993
2960,676.4383544921875,649.3234117917305
2961,680.6926879882812,659.7202031156962
2962,680.6926879882812,668.4685950288646
2963,680.6926879882812,673.5705461835278
2964,680.6926879882812,675.9589246441408
2965,680.6926879882812,676.8393785458298
2966,680.6926879882812,677.0183149286996
2967,735.9990234375,676.9455225800596
2968,740.2533569335938,697.6042603854282
2969,740.2533569335938,717.2070042705504
2970,740.2533569335938,729.1908462625547
2971,740.2533569335938,734.8417845207489
2972,740.2533569335938,736.8109720707403
2973,740.2533569335938,737.1249980791863
2974,740.2533569335938,736.8847741493109
2975,765.779296875,736.5773266843528
2976,850.8658447265625,753.9249458618369
2977,1063.582275390625,788.8180606853448
2978,1063.582275390625,896.3328032959504
2979,957.22412109375,1019.5897250921124
2980,1042.3106689453125,1021.7718738638503
2981,1097.616943359375,1035.351081496883
2982,1046.5650634765625,1084.882656547537
2983,1046.5650634765625,1076.1204343941056
2984,978.4957885742188,1061.1585316619628
2985,1021.0390014648438,1023.2838908887813
2986,1131.651611328125,1012.8784786130589
2987,1072.091064453125,1060.143814277368
2988,1067.836669921875,1089.3654290695474
2989,1093.3626708984375,1075.6493494846216
2990,1093.3626708984375,1097.7311333389825
2991,1046.5650634765625,1107.7217378499188
2992,1072.091064453125,1079.8943153090152
2993,1106.1256103515625,1076.2656519168656
2994,1097.616943359375,1092.7964607761712
2995,1008.276123046875,1098.737834079885
2996,1033.802001953125,1053.4399724844727
2997,1106.1256103515625,1035.6878570266463
2998,1038.056396484375,1061.3136628967695
2999,1038.056396484375,1059.761187829388
3000,1101.871337890625,1049.382663437805
3001,1089.1083984375,1079.5653881346223
3002,1089.1083984375,1089.932591311831
3003,1089.1083984375,1091.6097527267148
3004,1089.1083984375,1091.1734576030246
3005,1089.1083984375,1075.5693054392066
3006,1089.1083984375,1081.3537116355126
3007,1089.1083984375,1086.9811507244106
3008,1012.5304565429688,1089.655588734177
3009,1008.276123046875,1051.889884051473
3010,1008.276123046875,1024.3758602625433
3011,1008.276123046875,1011.8729176430629
3012,999.7673950195312,1007.2091510309754
3013,999.7673950195312,1002.0263755850415
3014,999.7673950195312,999.4591601846579
3015,999.7673950195312,998.6873363946795
3016,999.7673950195312,998.7143007735106
3017,999.7673950195312,998.9392640123878
3018,999.7673950195312,999.1172671600186
3019,931.6981201171876,999.2287199258535
3020,987.00439453125,966.8330726428197
3021,867.8831787109375,970.6600332243133
3022,850.8658447265625,919.2585889409371
3023,867.8831787109375,877.2087517174037
3024,867.8831787109375,862.9897998538498
3025,880.6461791992188,861.3179050984909
3026,816.8312377929688,868.149320913501
3027,808.3225708007812,848.8777837445849
3028,748.761962890625,825.3280132098465
3029,931.6981201171876,791.0065738154337
3030,931.6981201171876,827.4619932742088
3031,931.6981201171876,880.2642786318467
3032,931.6981201171876,914.2812127383816
3033,931.6981201171876,929.4721377089811
3034,931.6981201171876,933.9025802123865
3035,931.6981201171876,933.8768550475613
3036,931.6981201171876,932.6282102024035
3037,931.6981201171876,931.4117447616846
3038,850.8658447265625,930.5554593578443
3039,850.8658447265625,887.1039291004203
3040,850.8658447265625,862.412341426061
3041,850.8658447265625,851.3898694206464
3042,850.8658447265625,840.3179359475662
3043,850.8658447265625,841.8159314955051
3044,850.8658447265625,845.1637828743533
3045,1012.5304565429688,847.5114738084408
3046,850.8658447265625,898.3909369611057
3047,850.8658447265625,884.101217945875
3048,850.8658447265625,867.8559637707575
3049,850.8658447265625,857.5585467008043
3050,1021.0390014648438,852.2226365315177
3051,1021.0390014648438,926.3918771921544
3052,1021.0390014648438,984.5417238168114
3053,1021.0390014648438,1013.3030012036934
3054,1021.0390014648438,1023.0170009093727
3055,906.172119140625,1024.3623895473315
3056,880.6461791992188,990.6674646265072
3057,893.4091796875,930.4347755950861
3058,850.8658447265625,892.5792890927112
3059,850.8658447265625,865.073251349597
3060,901.9177856445312,851.6346677330865
3061,901.9177856445312,868.0339401452462
3062,850.8658447265625,886.2150110610925
3063,931.6981201171876,873.0104055828784
3064,748.761962890625,896.116271684468
3065,765.779296875,846.3195870683551
3066,765.779296875,802.1597752489964
3067,753.0162963867188,777.2356934333601
3068,753.0162963867188,762.1883002337518
3069,753.0162963867188,753.8052163703579
3070,706.2186279296875,750.3687382416838
3071,672.1840209960938,737.8574500513369
3072,655.1666870117188,701.8041861353375
3073,642.4037475585938,677.5569905477869
3074,684.9470825195312,663.4952161520432
3075,718.981689453125,667.137097826922
3076,718.981689453125,661.1967036552619
3077,663.6754150390625,681.4802196988092
3078,723.2359619140625,687.5801206016422
3079,723.2359619140625,702.2426537082725
3080,723.2359619140625,713.1575588781914
3081,723.2359619140625,718.7743805038788
3082,723.2359619140625,720.8065996798468
3083,723.2359619140625,721.0708123450452
3084,723.2359619140625,720.6503363236027
3085,723.2359619140625,720.1505812036621
3086,680.6926879882812,719.7753900397174
3087,680.6926879882812,703.2652041492993
3088,680.6926879882812,689.4979955124282
3089,638.1494140625,681.487685580721
3090,672.1840209960938,666.8265293785416
3091,672.1840209960938,663.8692751945505
3092,672.1840209960938,664.7923519384656
3093,672.1840209960938,666.3314251358577
3094,672.1840209960938,667.51225839299
3095,706.2186279296875,668.2164685249578
3096,706.2186279296875,681.1894480766458
3097,638.1494140625,692.3036372174317
3098,676.4383544921875,674.0577561740263
3099,676.4383544921875,669.3715995656725
3100,676.4383544921875,669.45513176903
3101,676.4383544921875,670.5696288295032
3102,650.9124145507812,671.5281991103761
3103,642.4037475585938,662.7338797842995
3104,650.9124145507812,651.8179342865733
3105,650.9124145507812,647.430168171678
3106,633.8950805664062,646.1560113906481
3107,655.1666870117188,639.9993514265593
3108,778.542236328125,642.5413924238982
3109,757.2706298828125,674.4078876769638
3110,757.2706298828125,717.5536782134222
3111,757.2706298828125,742.5078071439659
3112,757.2706298828125,753.354203667981
3113,757.2706298828125,756.4739937729373
3114,757.2706298828125,756.3555799901558
3115,757.2706298828125,755.3320504170749
3116,757.2706298828125,754.3458196556766
3117,757.2706298828125,753.6777150182003
3118,757.2706298828125,753.3385681529936
3119,757.2706298828125,753.2063853257026
3120,757.2706298828125,753.2079152195371
3121,757.2706298828125,753.2785963146857
3122,757.2706298828125,753.3774580542637
3123,757.2706298828125,753.4890791084205
3124,757.2706298828125,753.5940298254593
3125,757.2706298828125,753.6816009485395
3126,757.2706298828125,753.7543015035496
3127,757.2706298828125,753.8182510658269
3128,757.2706298828125,753.8614246698332
3129,757.2706298828125,753.867421853664
3130,663.6754150390625,753.851357968403
3131,663.6754150390625,717.2644364850933
3132,791.3052978515625,687.4978123133523
3133,791.3052978515625,719.0254666799781
3134,791.3052978515625,753.0190651246205
3135,791.3052978515625,774.6727846841203
3136,791.3052978515625,785.1165743466784
3137,791.3052978515625,788.8870282993989
3138,791.3052978515625,789.5766432441867
3139,791.3052978515625,789.1935884259331
3140,850.8658447265625,788.6321785844669
3141,927.4437866210938,804.090753700474
3142,927.4437866210938,859.0361105165849
3143,706.2186279296875,899.7008052889647
3144,731.74462890625,823.9047529757174
3145,735.9990234375,768.756624030797
3146,735.9990234375,742.8435270469836
3147,757.2706298828125,732.6564229719588
3148,757.2706298828125,732.243902398455
3149,757.2706298828125,740.6659985546256
3150,757.2706298828125,747.931341982617
3151,757.2706298828125,752.2263659332718
3152,757.2706298828125,754.1973587579878
3153,757.2706298828125,754.8093468896187
3154,757.2706298828125,754.8299698585063
3155,757.2706298828125,754.6336538816779
3156,757.2706298828125,754.4102281861042
3157,859.3745727539062,754.2341068078897
3158,863.62890625,784.1233366715185
3159,876.391845703125,837.4761963975404
3160,799.8139038085938,878.0975205920827
3161,799.8139038085938,867.070902574377
3162,753.0162963867188,834.1376238247979
3163,804.0682373046875,792.1037524777018
3164,808.3225708007812,786.4992006005662
3165,808.3225708007812,792.4636447033027
3166,808.3225708007812,798.6763140806684
3167,808.3225708007812,802.6795337308215
3168,808.3225708007812,797.146083669639
3169,701.96435546875,799.9318903010796
3170,701.96435546875,769.233981505002
3171,697.7100219726562,729.414608534772
3172,663.6754150390625,707.4096253508972
3173,693.4556884765625,687.81902882282
3174,697.7100219726562,684.5508696138049
3175,693.4556884765625,687.5896977370455
3176,693.4556884765625,689.4372893250799
3177,697.7100219726562,690.3789083822676
3178,697.7100219726562,692.3444547849331
3179,680.6926879882812,693.736780565731
3180,642.4037475585938,688.0187717618373
3181,642.4037475585938,668.6357512292095
3182,646.6580810546875,658.5977812051607
3183,650.9124145507812,655.2781869654336
3184,672.1840209960938,655.6723182150481
3185,638.1494140625,657.6850159456894
3186,646.6580810546875,649.9756055333291
3187,646.6580810546875,645.7183393625071
3188,646.6580810546875,643.7806676255041
3189,646.6580810546875,641.9649284271015
3190,646.6580810546875,641.9370231635623
3191,693.4556884765625,642.3509818372705
3192,659.4210815429688,654.6184661461698
3193,659.4210815429688,658.2525759603699
3194,659.4210815429688,658.6453303055334
3195,659.4210815429688,657.9141634442037
3196,655.1666870117188,656.7623369741714
3197,655.1666870117188,654.3894410391622
3198,655.1666870117188,652.5844416954772
3199,655.1666870117188,651.5720803473874
3200,680.6926879882812,651.1267282521977
3201,680.6926879882812,660.3011038046125
3202,680.6926879882812,668.480222222006
3203,616.8777465820312,673.4588333357409
3204,616.8777465820312,652.576425051785
3205,680.6926879882812,633.3617234388164
3206,642.4037475585938,643.6568686164255
3207,642.4037475585938,644.1802146992923
3208,642.4037475585938,642.7661950239228
3209,642.4037475585938,640.8740223295545
3210,642.4037475585938,639.5703997932743
3211,667.9297485351562,638.8459032690625
3212,667.9297485351562,643.8425671300433
3213,667.9297485351562,652.502255798694
3214,667.9297485351562,658.9180797783276
3215,663.6754150390625,662.4248718276301
3216,663.6754150390625,662.3585968267246
3217,663.6754150390625,661.4082879725574
3218,642.4037475585938,660.5450606754437
3219,604.11474609375,655.5641853188338
3220,616.8777465820312,639.2000736917229
3221,697.7100219726562,625.754326347333
3222,697.7100219726562,635.060272769505
3223,697.7100219726562,659.028966483444
3224,697.7100219726562,678.08960778729
3225,697.7100219726562,688.8977263675687
3226,697.7100219726562,693.6138994929531
3227,697.7100219726562,695.0248593806538
3228,697.7100219726562,695.0031654860823
3229,608.3690795898438,694.5583947505495
3230,608.3690795898438,661.1344981719558
3231,608.3690795898438,632.7866975422241
3232,608.3690795898438,615.8176046972437
3233,608.3690795898438,607.4320118079615
3234,608.3690795898438,604.1312352623975
3235,608.3690795898438,603.3465221168643
3236,646.6580810546875,603.5607990473084
3237,646.6580810546875,613.8368205519878
3238,680.6926879882812,626.8561864847343
3239,621.132080078125,648.216655994059
3240,595.6061401367188,642.6045158435049
3241,612.6234741210938,624.7278287802135
3242,650.9124145507812,613.1420957617931
3243,650.9124145507812,622.0571543092794
3244,595.6061401367188,632.9819731912452
3245,595.6061401367188,621.2794786753846
3246,659.4210815429688,607.8668994293241
3247,676.4383544921875,621.0925868445759
3248,625.3864135742188,640.9478244081251
3249,633.8950805664062,638.7784349509661
3250,633.8950805664062,639.8425067106582
3251,633.8950805664062,636.5208930110698
3252,629.6407470703125,633.3214566330953
3253,629.6407470703125,629.7397303837847
3254,604.11474609375,627.3283117220258
3255,604.11474609375,616.0406020225438
3256,604.11474609375,607.6761828639296
3257,604.11474609375,602.9443130278044
3258,604.11474609375,600.7500168990214
3259,604.11474609375,599.9519936771292
3260,608.3690795898438,599.8229930290137
3261,612.6234741210938,601.4371534157974
3262,689.2013549804688,604.3453286055815
3263,731.74462890625,633.5651993187897
3264,731.74462890625,678.2775093480292
3265,731.74462890625,707.8421569357547
3266,731.74462890625,722.6377296102232
3267,731.74462890625,728.211102251014
3268,731.74462890625,729.3734237927503
3269,731.74462890625,728.9566501143869
3270,731.74462890625,728.2225764547719
3271,740.2533569335938,727.6749968535685
3272,680.6926879882812,730.6973327212744
3273,680.6926879882812,710.3749573743337
3274,680.6926879882812,692.8988577126379
3275,680.6926879882812,682.6558207190279
3276,680.6926879882812,677.8845408177289
3277,612.6234741210938,676.2226171454356
3278,612.6234741210938,651.0873793827773
3279,612.6234741210938,629.981514805371
3280,612.6234741210938,617.5237728992274
3281,701.96435546875,611.3570462337084
3282,701.96435546875,631.6555858347094
3283,659.4210815429688,660.9607940259996
3284,667.9297485351562,676.7673205462303
3285,629.6407470703125,665.0605117297566
3286,629.6407470703125,653.044572565107
3287,676.4383544921875,640.3256165856806
3288,616.8777465820312,635.7570476174376
3289,616.8777465820312,637.9774131371585
3290,599.8604125976562,628.3766255752237
3291,599.8604125976562,613.8877354187961
3292,599.8604125976562,603.6766732063247
3293,599.8604125976562,598.3367623646612
3294,604.11474609375,596.0981299125579
3295,599.8604125976562,596.969955213021
3296,595.6061401367188,596.9391125533198
3297,629.6407470703125,595.8266961484611
3298,599.8604125976562,602.2512711208276
3299,599.8604125976562,602.016952581153
3300,599.8604125976562,600.1424348616334
3301,599.8604125976562,598.3837607032535
3302,599.8604125976562,597.134755376861
3303,595.6061401367188,596.3996107915619
3304,595.6061401367188,594.5442779407256
3305,595.6061401367188,593.048164162203
3306,595.6061401367188,592.3333671649012
3307,595.6061401367188,591.7667250865214
3308,595.6061401367188,591.4204795139233
3309,595.6061401367188,591.258341365355
3310,595.6061401367188,591.2567196778906
3311,595.6061401367188,591.3052173124406
3312,629.6407470703125,591.3561933750024
3313,578.5888061523438,596.2214393556094
3314,595.6061401367188,592.6853039425635
3315,646.6580810546875,591.5791601024257
3316,646.6580810546875,608.9921975402683
3317,646.6580810546875,625.2242181337183
3318,646.6580810546875,635.4383095359817
3319,646.6580810546875,640.5265834397654
3320,646.6580810546875,642.4947918577027
3321,646.6580810546875,642.9407559104262
3322,646.6580810546875,642.809674606696
3323,646.6580810546875,642.5569055473788
3324,646.6580810546875,642.3578357616486
3325,646.6580810546875,642.2492132994071
3326,595.6061401367188,642.2172691161452
3327,582.8430786132812,624.1180436957039
3328,574.33447265625,602.8787417780625
3329,544.55419921875,586.7082841125082
3330,544.55419921875,567.0356240791546
3331,544.55419921875,553.185464598583
3332,544.55419921875,545.5190442029691
3333,510.5195007324219,541.9569005947385
3334,557.317138671875,529.7300808639571
3335,557.317138671875,537.4606344091087
3336,557.317138671875,544.9208557137242
3337,557.317138671875,549.8322432923762
3338,557.317138671875,552.4392741797997
3339,557.317138671875,553.5528227060959
3340,595.6061401367188,553.8571185897551
3341,608.3690795898438,566.4768762529602
3342,608.3690795898438,582.5430869526394
3343,608.3690795898438,594.0889509377357
3344,553.0628051757812,600.4896901641623
3345,570.0801391601562,584.7663286727689
3346,570.0801391601562,580.3168160427178
3347,553.0628051757812,574.2768563803161
3348,561.571533203125,566.8954858039248
3349,561.571533203125,561.7481885960103
3350,561.571533203125,558.9436790124444
3351,561.571533203125,557.6946124902984
3352,570.0801391601562,557.2971766700017
3353,578.5888061523438,560.1075916437685
3354,578.5888061523438,569.4896961810161
3355,557.317138671875,573.658503890334
3356,557.317138671875,568.0293513203414
3357,561.571533203125,561.6637078584756
3358,510.5195007324219,558.6332635534475
3359,514.7738647460938,547.5804843511738
3360,514.7738647460938,534.4995554905315
3361,553.0628051757812,522.9738249082959
3362,561.571533203125,525.5172734079623
3363,561.571533203125,535.9324540558173
3364,561.571533203125,545.7727617964636
3365,561.571533203125,552.2238039321649
3366,561.571533203125,555.6769579036338
3367,540.2998657226562,557.244334136962
3368,540.2998657226562,550.5607175405573
3369,540.2998657226562,544.1190383551225
3370,540.2998657226562,539.8478501504076
3371,540.2998657226562,537.521432390087
3372,574.33447265625,536.4618891161449
3373,599.8604125976562,547.1552656588447
3374,595.6061401367188,566.6195235540783
3375,595.6061401367188,580.113890924525
3376,595.6061401367188,587.4282827488469
3377,595.6061401367188,590.668200117679
3378,595.6061401367188,591.6794293443313
3379,536.0455322265625,591.726397085047
3380,553.0628051757812,571.4687974430543
3381,646.6580810546875,565.0895379260623
3382,646.6580810546875,579.2366803977648
3383,582.8430786132812,604.9184268359425
3384,655.1666870117188,604.8105693206182
3385,655.1666870117188,621.3648773492199
3386,655.1666870117188,635.5459222682923
3387,655.1666870117188,644.2349543006866
3388,655.1666870117188,648.6024340233378
3389,655.1666870117188,650.3947658460742
3390,655.1666870117188,650.928086836741
3391,655.1666870117188,650.9656916271903
3392,659.4210815429688,650.8749689228111
3393,680.6926879882812,647.8086333084284
3394,621.132080078125,656.2912214668106
3395,646.6580810546875,644.5320290854477
3396,604.11474609375,640.6673030746522
3397,608.3690795898438,631.2882583250733
3398,608.3690795898438,619.879472827538
3399,608.3690795898438,611.8986592489578
3400,655.1666870117188,607.4834162407969
3401,625.3864135742188,626.59313653885
3402,625.3864135742188,644.0419428945404
3403,629.6407470703125,636.0211378911292
3404,629.6407470703125,627.6248663428831
3405,629.6407470703125,623.3586349941916
3406,604.11474609375,622.316563107838
3407,604.11474609375,614.0000908219934
3408,612.6234741210938,607.0228264030168
3409,604.11474609375,605.8765687465416
3410,604.11474609375,604.8410142079224
3411,604.11474609375,603.0959255067919
3412,663.6754150390625,601.7912320448277
3413,663.6754150390625,615.5280569901479
3414,604.11474609375,635.0991014750216
3415,604.11474609375,632.6720778961519
3416,604.11474609375,620.8963626613777
3417,565.8258056640625,610.9216078505656
3418,612.6234741210938,591.6334713335464
3419,612.6234741210938,587.5317647678047
3420,612.6234741210938,593.8982649702178
3421,612.6234741210938,600.7013050793346
3422,659.4210815429688,605.2467114549249
3423,659.4210815429688,624.0682303524563
3424,621.132080078125,640.0176489568187
3425,621.132080078125,641.0507556653026
3426,659.4210815429688,632.8326249551324
3427,659.4210815429688,638.8918306819708
3428,655.1666870117188,646.24098169421
3429,667.9297485351562,649.6986029556753
3430,667.9297485351562,650.2586358926906
3431,680.6926879882812,655.5648890699977
3432,680.6926879882812,664.7217320390703
3433,612.6234741210938,671.3909982313083
3434,582.8430786132812,657.227883667975
3435,574.33447265625,626.2085212288854
3436,574.33447265625,599.5108334910456
3437,574.33447265625,582.8179782768018
3438,570.0801391601562,574.3071176803603
3439,574.33447265625,569.3472936629115
3440,574.33447265625,568.4627090478696
3441,587.0974731445312,569.0057907611999
3442,587.0974731445312,574.0611719475444
3443,587.0974731445312,578.6044364717666
3444,587.0974731445312,581.4691932745307
3445,574.33447265625,582.9002559672151
3446,570.0801391601562,580.1060578680929
3447,570.0801391601562,574.7627812599937
3448,570.0801391601562,570.499487307464
3449,587.0974731445312,567.9107539503
3450,574.33447265625,572.2786314453481
3451,574.33447265625,574.3601438006601
3452,578.5888061523438,573.4829638717765
3453,570.0801391601562,572.6529964666223
3454,587.0974731445312,570.169305620127
3455,587.0974731445312,572.5959926223532
3456,587.0974731445312,576.3583075398747
3457,587.0974731445312,579.2970500084697
3458,587.0974731445312,581.1384302275364
3459,604.11474609375,582.1404494933058
3460,604.11474609375,588.3918404836197
3461,621.132080078125,593.9068017778137
3462,612.6234741210938,603.3162608168202
3463,612.6234741210938,607.430114739607
3464,629.6407470703125,608.7127471324793
3465,638.1494140625,614.7801224923933
3466,638.1494140625,622.9504593191774
3467,633.8950805664062,628.9033680224027
3468,633.8950805664062,630.5271055445896
3469,633.8950805664062,630.5238315717841
3470,633.8950805664062,630.1254166194333
3471,633.8950805664062,629.7709402180062
3472,633.8950805664062,629.5656896611849
3473,633.8950805664062,629.4815455002938
3474,633.8950805664062,629.4770782102973
3475,629.6407470703125,629.5082574466421
3476,629.6407470703125,627.5637317852611
3477,591.351806640625,626.2996111077848
3478,591.351806640625,617.3545666411444
3479,587.0974731445312,604.6522865045126
3480,587.0974731445312,597.3966426034312
3481,587.0974731445312,590.6453435037934
3482,587.0974731445312,586.353318145054
3483,621.132080078125,584.179124821255
3484,621.132080078125,590.7032958822399
3485,621.132080078125,601.7272824825504
3486,621.132080078125,610.1054094899207
3487,621.132080078125,614.8493960852143
3488,621.132080078125,616.9660654008405
3489,621.132080078125,617.6159337038109
3490,561.571533203125,617.6076110813518
3491,561.571533203125,604.7064141483731
3492,561.571533203125,585.2523453460766
3493,561.571533203125,570.9332734052659
3494,561.571533203125,562.7105530135925
3495,561.571533203125,558.8063251439933
3496,561.571533203125,557.3615546025526
3497,561.571533203125,557.0870304529105
3498,561.571533203125,557.2386123340214
3499,587.0974731445312,557.489484324984
3500,557.317138671875,564.7260045531357
3501,557.317138671875,566.8266099835007
3502,557.317138671875,563.0334830041546
3503,565.8258056640625,558.9464328213463
3504,557.317138671875,558.8914178390618
3505,557.317138671875,557.0605632895756
3506,629.6407470703125,555.3257860728888
3507,629.6407470703125,569.2047993511768
3508,629.6407470703125,592.3859343170507
3509,629.6407470703125,610.162902900217
3510,621.132080078125,620.2599574241499
3511,621.132080078125,622.9119059945508
3512,621.132080078125,621.52487364642
3513,621.132080078125,619.5200089722107
3514,621.132080078125,617.9947966129582
3515,621.132080078125,617.0884569075913
3516,587.0974731445312,616.6512744454773
3517,672.1840209960938,609.95899864997
3518,672.1840209960938,623.1899794978888
3519,672.1840209960938,642.5972641467299
3520,672.1840209960938,656.6934305558707
3521,672.1840209960938,664.3892861088582
3522,625.3864135742188,667.7122767128976
3523,646.6580810546875,656.9251788739034
3524,646.6580810546875,651.0094465908537
3525,595.6061401367188,646.5523150895074
3526,621.132080078125,632.7094379035877
3527,650.9124145507812,624.3497002201066
3528,663.6754150390625,640.9181444677381
3529,659.4210815429688,646.7326589747049
3530,650.9124145507812,643.2834827272054
3531,684.9470825195312,639.7217980871251
3532,672.1840209960938,651.8884623923384
3533,714.7273559570312,663.3147192774624
3534,740.2533569335938,677.5859055412568
3535,770.0336303710938,706.4322373758614
3536,791.3052978515625,733.492173375807
3537,765.779296875,757.049172658913
3538,799.8139038085938,767.0160026196629
3539,799.8139038085938,775.4912778855168
3540,799.8139038085938,788.1893049172888
3541,816.8312377929688,791.6584309803889
3542,812.576904296875,801.8999533791027
3543,825.3399047851562,813.9284759205401
3544,850.8658447265625,819.2125532867178
3545,914.6808471679688,828.6035312082049
3546,982.7500610351562,866.1649682908762
3547,893.4091796875,920.7935579590726
3548,816.8312377929688,955.6448022178382
3549,774.2879638671875,906.883643454835
3550,791.3052978515625,842.3464527804551
3551,718.981689453125,798.4644926298284
3552,680.6926879882812,766.9265956239814
3553,638.1494140625,727.0818876118539
3554,650.9124145507812,683.4200332871803
3555,655.1666870117188,670.3353714855822
3556,655.1666870117188,660.5814109529487
3557,744.5076293945312,655.7078117520059
3558,740.2533569335938,674.81909254177
3559,740.2533569335938,704.6413742512061
3560,723.2359619140625,725.2096035373324
3561,761.5249633789062,726.0270870087982
3562,765.779296875,739.8809182345722
3563,689.2013549804688,757.8514795835415
3564,689.2013549804688,745.4539542987194
3565,689.2013549804688,719.9662595944953
3566,689.2013549804688,701.3952149155296
3567,689.2013549804688,691.1947395683922
3568,642.4037475585938,686.4737319784911
3569,642.4037475585938,667.0568395963701
3570,642.4037475585938,652.0689592669193
3571,642.4037475585938,643.6080650031087
3572,642.4037475585938,639.7555781429883
3573,642.4037475585938,638.4666731853949
3574,642.4037475585938,636.2847997945473
3575,642.4037475585938,635.856949684823
3576,642.4037475585938,636.9990766279454
3577,642.4037475585938,638.0507562475789
3578,642.4037475585938,638.6530754501766
3579,642.4037475585938,638.8847319745793
3580,612.6234741210938,638.9031518963452
3581,612.6234741210938,623.7148248767132
3582,621.132080078125,614.9600074094404
3583,621.132080078125,612.6527133220497
3584,621.132080078125,613.7676693506735
3585,616.8777465820312,615.3309760664023
3586,689.2013549804688,614.9925941481129
3587,689.2013549804688,630.5099095378912
3588,689.2013549804688,654.5139437994046
3589,723.2359619140625,672.0365828315425
3590,753.0162963867188,691.8848746770836
3591,753.0162963867188,717.3116796066992
3592,753.0162963867188,735.9189521716632
3593,744.5076293945312,745.5764987948537
3594,744.5076293945312,747.2382082820102
3595,744.5076293945312,745.0286744106369
3596,744.5076293945312,742.7219616829033
3597,761.5249633789062,741.220340286577
3598,761.5249633789062,744.7756605683062
3599,765.779296875,750.6167952279911
3600,765.779296875,756.4162555796275
3601,765.779296875,759.9540738758914
3602,765.779296875,761.6279001222161
3603,808.3225708007812,762.2419995073386
3604,808.3225708007812,774.6552521007783
3605,808.3225708007812,789.919247669459
3606,808.3225708007812,799.6568077401879
3607,808.3225708007812,804.2186145776828
3608,808.3225708007812,805.752440239223
3609,808.3225708007812,805.9394468120691
3610,808.3225708007812,805.6869301852346
3611,650.9124145507812,805.3905209042915
3612,680.6926879882812,764.2021606837071
3613,808.3225708007812,721.3516702551617
3614,735.9990234375,745.1354915981537
3615,735.9990234375,745.2908676159739
3616,735.9990234375,740.447560312952
3617,735.9990234375,736.5212407763843
3618,735.9990234375,734.3194175699361
3619,697.7100219726562,733.3392451881218
3620,646.6580810546875,718.2065757061848
3621,646.6580810546875,685.3579804050735
3622,663.6754150390625,662.3590557948748
3623,663.6754150390625,658.5487940045837
3624,663.6754150390625,659.6157419646843
3625,718.981689453125,660.0931606346428
3626,710.4730224609375,673.3926807263421
3627,710.4730224609375,689.6206624000694
3628,710.4730224609375,700.4525249326578
3629,710.4730224609375,705.7964134982907
3630,710.4730224609375,707.72395733811
3631,710.4730224609375,707.9970739854245
3632,680.6926879882812,707.63666159592
3633,642.4037475585938,700.2755774117727
3634,642.4037475585938,676.0706986876811
3635,638.1494140625,656.6004130107399
3636,676.4383544921875,647.4749022673955
3637,676.4383544921875,650.9382759296781
3638,676.4383544921875,659.7675074330555
3639,676.4383544921875,666.7449860371689
3640,676.4383544921875,670.7665567638654
3641,676.4383544921875,672.6139035688864
3642,676.4383544921875,673.2151518457999
3643,676.4383544921875,673.234153127223
3644,676.4383544921875,673.0646714882498
3645,676.4383544921875,672.8769229168939
3646,676.4383544921875,672.7140198214086
3647,680.6926879882812,672.5975031069818
3648,680.6926879882812,674.6858081909184
3649,680.6926879882812,675.6371267750161
3650,735.9990234375,676.0785317441131
3651,735.9990234375,691.4347493131306
3652,753.0162963867188,711.2944235687996
3653,753.0162963867188,728.200117613283
3654,753.0162963867188,742.0293175483234
3655,753.0162963867188,748.3268807345592
3656,799.8139038085938,750.3533781075867
3657,808.3225708007812,764.4394778152971
3658,952.9697875976562,782.4794963443476
3659,969.9871215820312,835.3615847891216
3660,889.1548461914062,905.158766563624
3661,880.6461791992188,912.7706672800824
3662,918.9351806640624,899.683085293628
3663,978.4957885742188,901.6838766255031
3664,1106.1256103515625,927.1259518079531
3665,1106.1256103515625,1007.7671951060058
3666,1106.1256103515625,1071.461509896004
3667,1123.14306640625,1101.3860191114536
3668,1118.888671875,1118.5144656982236
3669,1089.1083984375,1120.0833412275097
3670,1127.397216796875,1111.3335724098902
3671,1123.14306640625,1115.045400830877
3672,1106.1256103515625,1120.5470826465887
3673,1021.0390014648438,1117.1460062612423
3674,1021.0390014648438,1083.1105193234143
3675,1059.3280029296875,1046.21131591063
3676,1059.3280029296875,1040.3160918544302
3677,1063.582275390625,1048.4022309740387
3678,1063.582275390625,1056.8391518014646
3679,1063.582275390625,1061.5459007808292
3680,1063.582275390625,1063.4773611488647
3681,1063.582275390625,1065.2295485573868
3682,1063.582275390625,1069.4345535548262
3683,1063.582275390625,1064.8702988871962
3684,1063.582275390625,1062.5608935463142
3685,1063.582275390625,1062.0652997376033
3686,1063.582275390625,1062.3599878879827
3687,1063.582275390625,1062.7878073998302
3688,1072.091064453125,1063.159388014326
3689,978.4957885742188,1072.4247310541332
3690,1012.5304565429688,1039.6132203795673
3691,999.7673950195312,1019.8368182453041
3692,1021.0390014648438,1005.4155111490105
3693,1021.0390014648438,1009.508527917773
3694,935.9525146484376,1014.8475131736667
3695,969.9871215820312,992.180583174999
3696,1029.5477294921875,966.0719351612745
3697,1029.5477294921875,992.7308018430667
3698,1029.5477294921875,1015.2171661219311
3699,1029.5477294921875,1026.5671807478184
3700,1025.2933349609375,1030.5921937356422
3701,1025.2933349609375,1029.9953821508484
3702,1029.5477294921875,1027.8886341967382
3703,1029.5477294921875,1028.4725258281007
3704,914.6808471679688,1029.0380893313275
3705,914.6808471679688,972.2966906999317
3706,914.6808471679688,935.245129941099
3707,914.6808471679688,917.9311191845135
3708,914.6808471679688,911.7995671687061
3709,914.6808471679688,910.6785852707422
3710,808.3225708007812,911.236049898483
3711,893.4091796875,871.1669332339932
3712,995.5130615234376,873.3977938254179
3713,859.3745727539062,904.9627164058494
3714,876.391845703125,912.4539390966514
3715,893.4091796875,901.5648317615149
3716,935.9525146484376,898.0043117531161
3717,935.9525146484376,914.6387307599882
3718,893.4091796875,913.3600464493923
3719,893.4091796875,908.0274580620935
3720,910.426513671875,900.7851691780025
3721,910.426513671875,903.5326825667685
3722,944.4611206054688,906.9699256423598
3723,910.426513671875,913.4814205767432
3724,952.9697875976562,915.1849277196387
3725,935.9525146484376,931.1124554555983
3726,935.9525146484376,929.1759072343799
3727,893.4091796875,929.2356194688278
3728,876.391845703125,912.4996857908505
3729,918.9351806640624,890.5678458750141
3730,935.9525146484376,897.4006347697405
3731,863.62890625,915.038657438684
3732,863.62890625,897.7949974157974
3733,863.62890625,878.6904347723334
3734,825.3399047851562,867.5755533545876
3735,893.4091796875,850.0462860574121
3736,935.9525146484376,857.768050362485
3737,855.1201782226562,886.2373054389941
3738,855.1201782226562,876.9563421831376
3739,923.189453125,865.4589643583877
3740,923.189453125,881.5650211429835
3741,910.426513671875,903.0696716719954
3742,867.8831787109375,910.3182895356424
3743,867.8831787109375,904.7280765884697
3744,935.9525146484376,886.8151578144453
3745,952.9697875976562,893.9803333559977
3746,952.9697875976562,921.9092667432719
3747,935.9525146484376,941.1203305555575
3748,918.9351806640624,947.4890644029688
3749,935.9525146484376,937.4517101611883
3750,901.9177856445312,933.967183804278
3751,927.4437866210938,917.475966685039
3752,884.9005126953125,918.0009923044807
3753,952.9697875976562,909.8223027354528
3754,1029.5477294921875,915.8286812281899
3755,1140.1602783203125,957.8416379703863
3756,1106.1256103515625,1040.2345791109342
3757,1106.1256103515625,1093.5317583508536
3758,1148.6689453125,1145.237580271591
3759,1148.6689453125,1148.2858937366047
3760,1165.6861572265625,1145.1201762187402
3761,1165.6861572265625,1153.8022625331264
3762,1165.6861572265625,1160.4988832271233
3763,1148.6689453125,1163.9785655576804
3764,1148.6689453125,1161.5841593153598
3765,1106.1256103515625,1154.3297393293458
3766,1106.1256103515625,1140.6461240915855
3767,1114.63427734375,1120.356978038728
3768,1114.63427734375,1114.018474893484
3769,1106.1256103515625,1112.8261674325938
3770,1140.1602783203125,1117.2707844023748
3771,1157.1776123046875,1126.6100519122597
3772,1131.651611328125,1138.1407699483955
3773,1114.63427734375,1143.5486998699357
3774,1114.63427734375,1128.3605870354406
3775,1106.1256103515625,1125.322738044254
3776,1106.1256103515625,1115.458992330065
3777,1106.1256103515625,1116.6531050656797
3778,1106.1256103515625,1125.3275725087706
3779,1106.1256103515625,1117.0718370081513
3780,1106.1256103515625,1107.7382301054536
3781,1106.1256103515625,1104.2974376761665
3782,1106.1256103515625,1107.7361800477154
3783,1131.651611328125,1107.1640609494086
3784,1114.63427734375,1114.5170366962336
3785,1123.14306640625,1117.003664938891
3786,1106.1256103515625,1118.9072200433873
3787,1106.1256103515625,1116.2151882545252
3788,1106.1256103515625,1122.2797792076606
3789,1106.1256103515625,1154.12286708506
3790,1106.1256103515625,1152.2410976687656
3791,1106.1256103515625,1144.6359954180339
3792,1089.1083984375,1114.0147725504048
3793,1106.1256103515625,1082.4761947418015
3794,1106.1256103515625,1091.3120047886666
3795,1106.1256103515625,1089.7236690098073
3796,1106.1256103515625,1119.7063141909637
3797,1106.1256103515625,1128.120883269469
3798,1106.1256103515625,1102.826291765021
3799,1106.1256103515625,1097.8102900459737
3800,1106.1256103515625,1111.051306997446
3801,1106.1256103515625,1078.6994988222366
3802,1106.1256103515625,1084.9362640274937
3803,1106.1256103515625,1094.4607404849694
3804,1106.1256103515625,1095.1665723044016
3805,1106.1256103515625,1097.0498104187773
3806,1106.1256103515625,1093.1387592226765
3807,1106.1256103515625,1093.2939516532367
3808,1097.616943359375,1095.6294569829333
3809,1063.582275390625,1092.6705199157245
3810,1097.616943359375,1080.5330153869945
3811,1097.616943359375,1086.4336323189605
3812,1063.582275390625,1091.756714328446
3813,1063.582275390625,1082.0702527117855
3814,1063.582275390625,1070.3227487193171
3815,1097.616943359375,1064.069919628799
3816,1097.616943359375,1073.7018558292018
3817,1063.582275390625,1081.4951044236864
3818,1063.582275390625,1073.7808289489328
3819,1063.582275390625,1067.7741597763672
3820,1097.616943359375,1064.972495795333
3821,1097.616943359375,1075.353498614928
3822,1097.616943359375,1088.910040870804
3823,1097.616943359375,1096.1943855802187
3824,1097.616943359375,1098.8468237166467
3825,1080.5997314453125,1099.3345232731722
3826,1080.5997314453125,1093.4822815842497
3827,1080.5997314453125,1084.4839050185426
3828,1080.5997314453125,1079.1759383601411
3829,1063.582275390625,1076.3048477969025
3830,1089.1083984375,1073.8284086471822
3831,1089.1083984375,1077.6605479193051
3832,1089.1083984375,1084.6813225189317
3833,1106.1256103515625,1088.488830500321
3834,1106.1256103515625,1098.8387152793246
3835,1106.1256103515625,1100.9491120302296
3836,1106.1256103515625,1105.0476058189192
3837,1097.616943359375,1107.0944201820673
3838,1106.1256103515625,1103.1461925657911
3839,1097.616943359375,1103.172476141866
3840,1097.616943359375,1101.6915695080572
3841,1110.3800048828125,1099.74783939147
3842,1106.1256103515625,1116.1836112457836
3843,1106.1256103515625,1109.9603091062688
3844,1089.1083984375,1130.4479741830764
3845,1089.1083984375,1094.7323578363262
3846,1089.1083984375,1080.8217063535433
3847,1089.1083984375,1079.1421583042777
3848,1106.1256103515625,1083.6238293027275
3849,1106.1256103515625,1119.828552708331
3850,1106.1256103515625,1135.886960949455
3851,1106.1256103515625,1103.0174061028126
3852,1106.1256103515625,1086.8809120803817
3853,1097.616943359375,1087.1058676697896
3854,1089.1083984375,1088.631202420549
3855,1089.1083984375,1087.1161485563566
3856,1106.1256103515625,1086.8128930005048
3857,1148.6689453125,1094.4820672050207
3858,1174.1949462890625,1123.6231177878815
3859,1182.70361328125,1146.9396483580986
3860,1191.2122802734375,1170.6751862516771
3861,1191.2122802734375,1186.6589050758064
3862,1191.2122802734375,1192.8358514321392
3863,1191.2122802734375,1193.9225962184569
3864,1191.2122802734375,1193.5719445516156
3865,1191.2122802734375,1192.777868455816
3866,1191.2122802734375,1192.2014044590194
3867,1191.2122802734375,1191.8864605142726
3868,1191.2122802734375,1191.8130256102222
3869,1191.2122802734375,1192.1269598250383
3870,1191.2122802734375,1192.6497857440013
3871,1021.0390014648438,1192.6506118866719
3872,1063.582275390625,1131.648971440946
3873,1063.582275390625,1080.3370971825632
3874,1067.836669921875,1055.8038726437358
3875,1191.2122802734375,1061.5037981025068
3876,1191.2122802734375,1121.8742655479184
3877,1191.2122802734375,1169.5506224897736
3878,1191.2122802734375,1191.0267213751013
3879,1191.2122802734375,1197.2136120413575
3880,1191.2122802734375,1197.447746993772
3881,1191.2122802734375,1196.1661549287069
3882,1191.2122802734375,1194.8905600474727
3883,1191.2122802734375,1193.9686766207485
3884,1191.2122802734375,1193.3829414673155
3885,1191.2122802734375,1193.0470379770377
3886,1191.2122802734375,1192.8461017208297
3887,1191.2122802734375,1192.7477295472786
3888,1191.2122802734375,1192.7100329631994
3889,1216.7381591796875,1192.7050149114225
3890,1216.7381591796875,1204.301610176067
3891,1216.7381591796875,1214.2040010085125
3892,1216.7381591796875,1218.5364461623562
3893,1216.7381591796875,1219.7576380188398
3894,1216.7381591796875,1219.76299264726
3895,1216.7381591796875,1219.4545048544946
3896,1216.7381591796875,1219.1424065122799
3897,1216.7381591796875,1218.91968456787
3898,1216.7381591796875,1218.7798216735305
3899,1216.7381591796875,1218.699808225992
3900,1216.7381591796875,1218.6588070712305
3901,1216.7381591796875,1218.6415192709019
3902,1216.7381591796875,1218.6379087214527
3903,1216.7381591796875,1218.6415498687786
3904,1216.7381591796875,1218.6486179782935
3905,1280.5531005859375,1218.6568182092458
3906,1599.6278076171875,1237.4739922082877
3907,1999.5347900390625,1402.9551117940125
3908,2493.037109375,1766.235715661452
3909,3114.1689453125,2382.6720442138185
3910,3148.203857421875,3057.9079452224482
3911,3148.203857421875,3412.875626157739
3912,2603.649658203125,3345.8092417694947
3913,2637.684326171875,2928.211746174172
3914,2731.279541015625,2721.7972461237705
3915,3199.255615234375,2759.0193183313636
3916,3309.868408203125,3118.6444856645517
3917,2935.4873046875,3389.0775768020876
3918,3080.134521484375,3153.7674211398607
3919,3122.677734375,3113.3383242808745
3920,3309.868408203125,3198.265301249273
3921,3207.764404296875,3349.777908767398
3922,3063.1171875,3329.405597685703
3923,3063.1171875,3147.608925303171
3924,3063.1171875,3150.0743798151602
3925,2978.030517578125,3101.883703164061
3926,2961.013427734375,2998.4452555826083
3927,2961.013427734375,2957.657918783362
3928,2986.539306640625,2983.0244152980263
3929,3726.79248046875,3007.5580376092507
3930,4637.21923828125,3576.7588328292013
3931,5402.998046875,4667.746932685872
3932,6360.22216796875,5595.2978205216805
3933,6360.22216796875,6459.437179143839
3934,6360.22216796875,6546.287661032333
3935,6360.22216796875,6487.203405931366
3936,6360.22216796875,6448.835137263051
3937,6360.22216796875,6425.6365615074665
3938,6360.22216796875,6409.36681373206
3939,6360.22216796875,6397.318104241478
3940,7126.00146484375,6388.169094328838
3941,7126.00146484375,6921.350069112008
3942,8168.31201171875,7046.343619296396
3943,7827.96630859375,7785.067911384916
3944,6806.9267578125,7742.982857439591
3945,7189.81689453125,6685.196635968268
3946,6402.765625,6912.574598077972
3947,5488.0849609375,6387.346623403471
3948,5020.10888671875,5563.5568071609105
3949,4016.0869140625,5201.013581523768
3950,5020.10888671875,4236.806926982103
3951,5551.89990234375,4625.208785382554
3952,4679.76220703125,5631.273090450002
3953,4849.935546875,4931.715794002854
3954,5275.36865234375,4854.605473004607
3955,5594.443359375,5333.532251109227
3956,5488.0849609375,5561.255846833994
3957,5509.3564453125,5658.822439487569
3958,5275.36865234375,5578.221757499799
3959,5169.01025390625,5353.833575117007
3960,6190.04931640625,5272.185711397478
3961,5062.65234375,5526.751722816818
3962,5105.1953125,5025.012881334931
3963,5062.65234375,5057.84440302085
3964,5041.38037109375,5106.495516520346
3965,4998.8369140625,5155.216148395675
3966,5658.2578125,5108.278026424665
3967,5743.3447265625,5546.381362235548
3968,5849.703125,5723.040283947694
3969,5700.80126953125,5800.933665806133
3970,6317.67919921875,5741.460695279726
3971,5913.51806640625,6154.012111443217
3972,5764.61669921875,5948.336121744551
3973,5892.24609375,5686.970038210133
3974,5764.61669921875,5842.657909589556
3975,5828.43115234375,5791.575611199962
3976,5785.8876953125,5782.485349210561
3977,5700.80126953125,5858.710290048974
3978,5317.91162109375,5720.97235704963
3979,5190.2822265625,5397.009382170496
3980,5232.8251953125,5210.996811946423
3981,5190.2822265625,5217.784644910826
3982,5190.2822265625,5267.361527767385
3983,5169.01025390625,5230.053659113561
3984,5105.1953125,5268.794487528425
3985,5105.1953125,5189.307078686063
3986,5232.8251953125,5162.302616636551
3987,5190.2822265625,5275.430065458429
3988,5105.1953125,5275.800177374844
3989,5105.1953125,5252.1418991199025
3990,5083.92333984375,5182.733675641486
3991,5317.91162109375,5180.038125096806
3992,5275.36865234375,5448.252747782975
3993,5190.2822265625,5315.794294818837
3994,5041.38037109375,5285.520510840997
3995,4679.76220703125,5149.685520988618
3996,4637.21923828125,4763.377291702647
3997,4637.21923828125,4660.6793127370365
3998,4530.86083984375,4716.202219774566
3999,4530.86083984375,4664.122185821938
4000,4403.23095703125,4600.85336510516
4001,4488.31787109375,4531.463989918784
4002,4849.935546875,4546.777125677425
4003,4679.76220703125,4906.777055804285
4004,4573.404296875,4847.316569211565
4005,4594.67578125,4690.87231832042
4006,4552.13232421875,4741.672137112435
4007,4594.67578125,4709.75316650085
4008,4530.86083984375,4697.859404657815
4009,4488.31787109375,4658.052301436136
4010,4254.3291015625,4576.060762365651
4011,4254.3291015625,4383.222907376109
4012,4594.67578125,4353.680779825626
4013,4381.958984375,4607.5719244767415
4014,4296.87255859375,4549.0389207221815
4015,4245.82080078125,4425.055100468488
4016,4169.24267578125,4346.037675012048
4017,4254.3291015625,4267.764634699667
4018,4118.19091796875,4261.620825843787
4019,4296.87255859375,4197.55939772929
4020,4254.3291015625,4372.320761520768
4021,4109.68212890625,4399.3151874667265
4022,4024.595703125,4213.50162583263
4023,3999.069580078125,4115.183549327607
4024,3871.439697265625,4071.017594984503
4025,3905.474609375,3967.814873445052
4026,3837.405029296875,3975.551974935815
4027,3862.93115234375,3944.468693532325
4028,3854.42236328125,3924.9788252143035
4029,3828.896484375,3927.4232283871315
4030,3752.318359375,3912.002143319536
4031,3624.6884765625,3860.8385769694587
4032,3624.6884765625,3667.4994063682657
4033,3573.63671875,3678.270593311382
4034,3573.63671875,3599.716052533475
4035,3531.093505859375,3584.7889395871257
4036,3531.093505859375,3605.801113466114
4037,3428.989501953125,3584.0264405000676
4038,3377.9375,3499.1613936340855
4039,3233.290283203125,3423.3540526167076
4040,3258.816162109375,3303.0037914154336
4041,3548.110595703125,3291.2933720495107
4042,3599.162841796875,3530.7114762443234
4043,3573.63671875,3677.0339495271714
4044,3488.550048828125,3660.8510997215585
4045,3505.5673828125,3573.613371105704
4046,3488.550048828125,3575.2546412112333
4047,3480.041259765625,3564.1165245308775
4048,3480.041259765625,3565.1874502149476
4049,3480.041259765625,3517.8067605555257
4050,3454.515625,3535.396378339733
4051,3267.324951171875,3482.3430871254222
4052,3267.324951171875,3366.2917052072653
4053,4084.156005859375,3345.7252811958633
4054,5105.1953125,3956.291713084458
4055,4743.5771484375,5166.637234239639
4056,4807.39208984375,5380.528141871424
4057,4849.935546875,4853.119395329637
4058,4935.02197265625,4959.16796418406
4059,5743.3447265625,5125.239530996227
4060,5722.0732421875,5723.483830768158
4061,5530.6279296875,5941.827830981567
4062,5530.6279296875,5689.536832889711
4063,5530.6279296875,5647.674041920645
4064,5679.52978515625,5577.30675859533
4065,5679.52978515625,5744.966477599097
4066,5722.0732421875,5830.190621145886
4067,5530.6279296875,5811.018236396378
4068,5445.54150390625,5634.6016498676
4069,5360.45458984375,5485.003979864097
4070,5339.18359375,5406.651874638355
4071,5339.18359375,5466.840101130216
4072,5339.18359375,5404.145296580098
4073,5339.18359375,5386.489587382246
4074,5339.18359375,5430.15447089671
4075,5020.10888671875,5428.726406795942
4076,4892.47900390625,5157.26253438855
4077,5041.38037109375,4993.442481734572
4078,5041.38037109375,5085.946472102902
4079,5041.38037109375,5140.430275248118
4080,4977.5654296875,5137.072831434927
4081,4913.75048828125,5049.743064405997
4082,5020.10888671875,5034.8137484125255
4083,5147.73876953125,5125.281144108523
4084,5360.45458984375,5306.71676154614
4085,5360.45458984375,5443.714960278679
4086,5232.8251953125,5461.257579724295
4087,5275.36865234375,5336.232207748151
4088,5722.0732421875,5345.220150437908
4089,6019.8759765625,5731.961645657777
4090,5849.703125,6115.134694106819
4091,6104.96240234375,5991.154545598327
4092,6466.58056640625,6192.546342994687
4093,6296.40771484375,6495.723813065335
4094,6253.8642578125,6392.163953109186
4095,6126.234375,6331.697653113988
4096,6062.41943359375,6165.114489803602
4097,6083.69091796875,6169.87062375594
4098,5956.06103515625,6085.214866366501
4099,5934.7890625,5985.571534626379
