,y_actual,y_predict
0,245.0,255.75973464954762
1,245.0,255.3396908249301
2,245.0,255.05404960995583
3,245.0,254.79113614987813
4,245.0,254.79113614987813
5,245.0,254.79113614987813
6,245.0,254.79113614987813
7,245.0,254.79113614987813
8,245.0,254.79113614987813
9,245.0,254.79113614987813
10,245.0,254.79113614987813
11,245.0,254.79113614987813
12,245.0,254.79113614987813
13,245.0,254.79113614987813
14,255.00000000000003,254.79113614987813
15,255.00000000000003,255.66801791930024
16,255.00000000000003,258.6712540513771
17,255.00000000000003,261.8005671162666
18,255.00000000000003,264.1276945042671
19,255.00000000000003,265.44947962932724
20,255.00000000000003,265.9302371093812
21,255.00000000000003,265.85131103587776
22,255.00000000000003,265.4764877221106
23,255.00000000000003,265.0001280794147
24,255.00000000000003,264.54235013883897
25,255.00000000000003,264.14735048726845
26,255.00000000000003,264.14735048726845
27,255.00000000000003,264.14735048726845
28,255.00000000000003,264.14735048726845
29,255.00000000000003,264.14735048726845
30,255.00000000000003,264.14735048726845
31,255.00000000000003,264.14735048726845
32,255.00000000000003,264.14735048726845
33,255.00000000000003,264.14735048726845
34,255.00000000000003,264.14735048726845
35,255.00000000000003,264.14735048726845
36,255.00000000000003,264.14735048726845
37,255.00000000000003,264.14735048726845
38,255.00000000000003,264.14735048726845
39,255.00000000000003,264.14735048726845
40,255.00000000000003,264.14735048726845
41,255.00000000000003,264.14735048726845
42,255.00000000000003,264.14735048726845
43,255.00000000000003,264.14735048726845
44,255.00000000000003,264.14735048726845
45,255.00000000000003,264.14735048726845
46,255.00000000000003,264.14735048726845
47,255.00000000000003,264.14735048726845
48,255.00000000000003,264.14735048726845
49,255.00000000000003,264.14735048726845
50,255.00000000000003,264.14735048726845
51,255.00000000000003,264.14735048726845
52,250.0,264.14735048726845
53,250.0,262.3851102008447
54,250.0,260.6656565076493
55,250.0,259.45277660693847
56,250.0,258.80065454066647
57,250.0,258.5887694224541
58,250.0,258.6551398381565
59,250.0,258.8598239173359
60,250.0,259.1049781715934
61,250.0,259.3330278599427
62,250.0,259.51678024757416
63,250.0,259.4691258191019
64,250.0,259.4691258191019
65,250.0,259.4691258191019
66,250.0,259.4691258191019
67,250.0,259.4691258191019
68,250.0,259.4691258191019
69,250.0,259.4691258191019
70,250.0,259.4691258191019
71,225.0,259.4691258191019
72,225.0,256.02770058689555
73,225.0,248.45064645981066
74,225.0,241.24893600129485
75,225.0,236.18291272059076
76,225.0,233.45383642656847
77,225.0,232.56824291062395
78,225.0,232.86128659229644
79,225.0,233.75000223705246
80,225.0,234.81911314168556
81,225.0,235.81874828744353
82,225.0,236.08422995025325
83,225.0,236.08422995025325
84,225.0,236.08422995025325
85,225.0,236.08422995025325
86,225.0,236.08422995025325
87,225.0,236.08422995025325
88,225.0,236.08422995025325
89,225.0,236.08422995025325
90,225.0,236.08422995025325
91,225.0,236.08422995025325
92,225.0,236.08422995025325
93,225.0,236.08422995025325
94,225.0,236.08422995025325
95,225.0,236.08422995025325
96,225.0,236.08422995025325
97,225.0,236.08422995025325
98,225.0,236.08422995025325
99,225.0,236.08422995025325
100,225.0,236.08422995025325
101,225.0,236.08422995025325
102,225.0,236.08422995025325
103,225.0,236.08422995025325
104,225.0,236.08422995025325
105,225.0,236.08422995025325
106,225.0,236.08422995025325
107,225.0,236.08422995025325
108,225.0,236.08422995025325
109,225.0,236.08422995025325
110,225.0,236.08422995025325
111,225.0,236.08422995025325
112,275.0,236.08422995025325
113,275.0,243.50699048575066
114,275.0,258.9550992030029
115,275.0,273.89441842345275
116,275.0,284.48043258543555
117,275.0,290.0939026890327
118,275.0,291.73858475432047
119,300.0,290.87267239983555
120,300.0,289.46633801228336
121,300.0,294.71237887599216
122,300.0,301.10851295858714
123,300.0,306.36531341674845
124,300.0,310.1545538699387
125,300.0,311.5311021414908
126,300.0,311.2925782145481
127,300.0,310.2091743385011
128,300.0,308.85005795281313
129,300.0,307.56215463961314
130,300.0,306.24271111116155
131,300.0,306.24271111116155
132,300.0,306.24271111116155
133,300.0,306.24271111116155
134,300.0,306.24271111116155
135,300.0,306.24271111116155
136,300.0,306.24271111116155
137,300.0,306.24271111116155
138,300.0,306.24271111116155
139,300.0,306.24271111116155
140,300.0,306.24271111116155
141,300.0,306.24271111116155
142,300.0,306.24271111116155
143,280.0,306.24271111116155
144,280.0,302.9787100807697
145,280.0,296.36277645128166
146,255.00000000000003,290.2806932772817
147,255.00000000000003,282.24193337014856
148,255.00000000000003,272.1958124936116
149,255.00000000000003,264.305236205553
150,255.00000000000003,259.7057193975859
151,255.00000000000003,258.022153400084
152,255.00000000000003,258.3420373181521
153,255.00000000000003,259.7446117226194
154,195.0,261.2749919806928
155,195.0,249.07576043329934
156,195.0,231.44493117839772
157,195.0,216.2108897123982
158,195.0,205.90410465137893
159,195.0,200.78163126748638
160,195.0,199.49106743054114
161,195.0,200.54886481464226
162,195.0,202.73982710092847
163,195.0,205.22514234871136
164,195.0,207.50914743070786
165,195.0,208.054898904085
166,195.0,208.054898904085
167,195.0,208.054898904085
168,195.0,208.054898904085
169,195.0,208.054898904085
170,195.0,208.054898904085
171,195.0,208.054898904085
172,195.0,208.054898904085
173,195.0,208.054898904085
174,195.0,208.054898904085
175,195.0,208.054898904085
176,195.0,208.054898904085
177,195.0,208.054898904085
178,195.0,208.054898904085
179,195.0,208.054898904085
180,195.0,208.054898904085
181,220.0,208.054898904085
182,220.0,211.54894711383997
183,220.0,218.87062453265554
184,220.0,226.0165059566174
185,220.0,231.20195905718055
186,220.0,234.1111788264984
187,220.0,235.15919018319576
188,220.0,234.97887885151252
189,220.0,234.1481911599895
190,220.0,233.08905092478665
191,220.0,232.06242447188416
192,220.0,231.40949669495114
193,220.0,231.40949669495114
194,220.0,231.40949669495114
195,220.0,231.40949669495114
196,220.0,231.40949669495114
197,220.0,231.40949669495114
198,220.0,231.40949669495114
199,220.0,231.40949669495114
200,220.0,231.40949669495114
201,220.0,231.40949669495114
202,220.0,231.40949669495114
203,220.0,231.40949669495114
204,220.0,231.40949669495114
205,220.0,231.40949669495114
206,220.0,231.40949669495114
207,220.0,231.40949669495114
208,220.0,231.40949669495114
209,220.0,231.40949669495114
210,220.0,231.40949669495114
211,220.0,231.40949669495114
212,220.0,231.40949669495114
213,220.0,231.40949669495114
214,220.0,231.40949669495114
215,220.0,231.40949669495114
216,220.0,231.40949669495114
217,220.0,231.40949669495114
218,220.0,231.40949669495114
219,220.0,231.40949669495114
220,220.0,231.40949669495114
221,220.0,231.40949669495114
222,220.0,231.40949669495114
223,220.0,231.40949669495114
224,220.0,231.40949669495114
225,220.0,231.40949669495114
226,195.0,231.40949669495114
227,180.0,227.81679928613616
228,155.0,218.82481652444818
229,150.0,204.01704635505038
230,150.0,187.18660671368926
231,205.0,173.0539549356804
232,235.0,174.34693590460876
233,270.0,189.25832382214287
234,270.0,216.60315330484892
235,310.0,247.87404298237155
236,310.0,279.45439269628514
237,375.0,308.0517581512997
238,410.0,344.4918272525965
239,450.0,383.54730449856487
240,505.0,423.74306900306954
241,505.0,468.94375076853555
242,575.0,510.96376065998345
243,575.0,555.2560844360236
244,600.0,587.6340541330803
245,650.0,616.5071488833746
246,700.0,642.9563806094284
247,700.0,683.2871677431084
248,800.0,716.4738191592588
249,800.0,778.5223021620877
250,800.0,823.8255662115985
251,800.0,840.3739567646824
252,800.0,835.0594221019666
253,800.0,819.8543862197641
254,800.0,803.0967794650325
255,800.0,789.5286119332698
256,800.0,780.0183725745122
257,800.0,774.89808132366
258,800.0,772.1601086410888
259,800.0,772.1601086410888
260,800.0,772.1601086410888
261,800.0,772.1601086410888
262,800.0,772.1601086410888
263,800.0,772.1601086410888
264,800.0,772.1601086410888
265,800.0,772.1601086410888
266,800.0,772.1601086410888
267,800.0,772.1601086410888
268,800.0,772.1601086410888
269,800.0,772.1601086410888
270,800.0,772.1601086410888
271,800.0,772.1601086410888
272,800.0,772.1601086410888
273,800.0,772.1601086410888
274,800.0,772.1601086410888
275,800.0,772.1601086410888
276,800.0,772.1601086410888
277,800.0,772.1601086410888
278,800.0,772.1601086410888
279,800.0,772.1601086410888
280,800.0,772.1601086410888
281,800.0,772.1601086410888
282,800.0,772.1601086410888
283,800.0,772.1601086410888
284,800.0,772.1601086410888
285,800.0,772.1601086410888
286,800.0,772.1601086410888
287,800.0,772.1601086410888
288,800.0,772.1601086410888
289,800.0,772.1601086410888
290,800.0,772.1601086410888
291,800.0,772.1601086410888
292,800.0,772.1601086410888
293,800.0,772.1601086410888
294,800.0,772.1601086410888
295,800.0,772.1601086410888
296,800.0,772.1601086410888
297,800.0,772.1601086410888
298,800.0,772.1601086410888
299,800.0,772.1601086410888
300,800.0,772.1601086410888
301,800.0,772.1601086410888
302,800.0,772.1601086410888
303,800.0,772.1601086410888
304,800.0,772.1601086410888
305,800.0,772.1601086410888
306,800.0,772.1601086410888
307,800.0,772.1601086410888
308,800.0,772.1601086410888
309,800.0,772.1601086410888
310,800.0,772.1601086410888
311,800.0,772.1601086410888
312,800.0,772.1601086410888
313,800.0,772.1601086410888
314,800.0,772.1601086410888
315,800.0,772.1601086410888
316,800.0,772.1601086410888
317,800.0,772.1601086410888
318,800.0,772.1601086410888
319,800.0,772.1601086410888
320,800.0,772.1601086410888
321,800.0,772.1601086410888
322,800.0,772.1601086410888
323,800.0,772.1601086410888
324,800.0,772.1601086410888
325,800.0,772.1601086410888
326,800.0,772.1601086410888
327,800.0,772.1601086410888
328,800.0,772.1601086410888
329,800.0,772.1601086410888
330,800.0,772.1601086410888
331,800.0,772.1601086410888
332,800.0,772.1601086410888
333,800.0,772.1601086410888
334,800.0,772.1601086410888
335,800.0,772.1601086410888
336,800.0,772.1601086410888
337,800.0,772.1601086410888
338,800.0,772.1601086410888
339,800.0,772.1601086410888
340,800.0,772.1601086410888
341,800.0,772.1601086410888
342,800.0,772.1601086410888
343,800.0,772.1601086410888
344,800.0,772.1601086410888
345,800.0,772.1601086410888
346,800.0,772.1601086410888
347,800.0,772.1601086410888
348,800.0,772.1601086410888
349,800.0,772.1601086410888
350,800.0,772.1601086410888
351,800.0,772.1601086410888
352,800.0,772.1601086410888
353,800.0,772.1601086410888
354,800.0,772.1601086410888
355,800.0,772.1601086410888
356,800.0,772.1601086410888
357,800.0,772.1601086410888
358,800.0,772.1601086410888
359,800.0,772.1601086410888
360,800.0,772.1601086410888
361,800.0,772.1601086410888
362,800.0,772.1601086410888
363,800.0,772.1601086410888
364,800.0,772.1601086410888
365,800.0,772.1601086410888
366,800.0,772.1601086410888
367,800.0,772.1601086410888
368,800.0,772.1601086410888
369,800.0,772.1601086410888
370,800.0,772.1601086410888
371,800.0,772.1601086410888
372,800.0,772.1601086410888
373,800.0,772.1601086410888
374,800.0,772.1601086410888
375,800.0,772.1601086410888
376,800.0,772.1601086410888
377,800.0,772.1601086410888
378,800.0,772.1601086410888
379,800.0,772.1601086410888
380,800.0,772.1601086410888
381,800.0,772.1601086410888
382,800.0,772.1601086410888
383,800.0,772.1601086410888
384,800.0,772.1601086410888
385,800.0,772.1601086410888
386,800.0,772.1601086410888
387,800.0,772.1601086410888
388,800.0,772.1601086410888
389,800.0,772.1601086410888
390,800.0,772.1601086410888
391,800.0,772.1601086410888
392,800.0,772.1601086410888
393,800.0,772.1601086410888
394,800.0,772.1601086410888
395,800.0,772.1601086410888
396,800.0,772.1601086410888
397,800.0,772.1601086410888
398,800.0,772.1601086410888
399,800.0,772.1601086410888
400,800.0,772.1601086410888
401,800.0,772.1601086410888
402,800.0,772.1601086410888
403,800.0,772.1601086410888
404,800.0,772.1601086410888
405,800.0,772.1601086410888
406,800.0,772.1601086410888
407,800.0,772.1601086410888
408,800.0,772.1601086410888
409,800.0,772.1601086410888
410,800.0,772.1601086410888
411,800.0,772.1601086410888
412,800.0,772.1601086410888
413,800.0,772.1601086410888
414,800.0,772.1601086410888
415,800.0,772.1601086410888
416,800.0,772.1601086410888
417,800.0,772.1601086410888
418,800.0,772.1601086410888
419,800.0,772.1601086410888
420,800.0,772.1601086410888
421,800.0,772.1601086410888
422,800.0,772.1601086410888
423,800.0,772.1601086410888
424,800.0,772.1601086410888
425,800.0,772.1601086410888
426,800.0,772.1601086410888
427,800.0,772.1601086410888
428,800.0,772.1601086410888
429,800.0,772.1601086410888
430,800.0,772.1601086410888
431,800.0,772.1601086410888
432,800.0,772.1601086410888
433,800.0,772.1601086410888
434,800.0,772.1601086410888
435,800.0,772.1601086410888
436,800.0,772.1601086410888
437,800.0,772.1601086410888
438,800.0,772.1601086410888
439,800.0,772.1601086410888
440,800.0,772.1601086410888
441,700.0,772.1601086410888
442,700.0,731.5992911136843
443,590.0,685.9075402404466
444,480.0,626.0724787085801
445,480.0,539.0312454630794
446,400.0,459.6544041213962
447,325.0,392.0894824980935
448,325.0,322.5551627256736
449,200.0,278.07509997279385
450,150.0,227.89037074087156
451,150.0,184.03245090341798
452,150.0,151.02555689287135
453,100.0,134.5115601136302
454,100.0,124.30287032559141
455,100.0,114.33032090378987
456,100.0,108.96824931207323
457,100.0,108.0213378576965
458,100.0,108.4268453191379
459,100.0,112.01541346081507
460,100.0,113.8887578902673
461,100.0,115.77324798386383
462,100.0,117.31635175612598
463,100.0,119.01072770499673
464,100.0,119.9305135671188
465,155.0,119.9305135671188
466,155.0,132.31784498258543
467,155.0,147.9241247739813
468,155.0,161.24792697650884
469,155.0,170.2708624560915
470,155.0,175.0636491088734
471,155.0,176.62701314713274
472,155.0,176.13937355518246
473,155.0,174.58950517049539
474,155.0,172.6683216705444
475,155.0,170.7946079570392
476,155.0,170.7946079570392
477,155.0,170.7946079570392
478,155.0,170.7946079570392
479,155.0,170.7946079570392
480,155.0,170.7946079570392
481,155.0,170.7946079570392
482,155.0,170.7946079570392
483,155.0,170.7946079570392
484,155.0,170.7946079570392
485,155.0,170.7946079570392
486,155.0,170.7946079570392
487,155.0,170.7946079570392
488,155.0,170.7946079570392
489,155.0,170.7946079570392
490,155.0,170.7946079570392
491,155.0,170.7946079570392
492,155.0,170.7946079570392
493,155.0,170.7946079570392
494,155.0,170.7946079570392
495,155.0,170.7946079570392
496,155.0,170.7946079570392
497,155.0,170.7946079570392
498,155.0,170.7946079570392
499,155.0,170.7946079570392
500,155.0,170.7946079570392
501,155.0,170.7946079570392
502,155.0,170.7946079570392
503,155.0,170.7946079570392
504,155.0,170.7946079570392
505,155.0,170.7946079570392
506,155.0,170.7946079570392
507,155.0,170.7946079570392
508,155.0,170.7946079570392
509,155.0,170.7946079570392
510,155.0,170.7946079570392
511,155.0,170.7946079570392
512,155.0,170.7946079570392
513,155.0,170.7946079570392
514,155.0,170.7946079570392
515,155.0,170.7946079570392
516,155.0,170.7946079570392
517,155.0,170.7946079570392
518,155.0,170.7946079570392
519,155.0,170.7946079570392
520,155.0,170.7946079570392
521,155.0,170.7946079570392
522,155.0,170.7946079570392
523,155.0,170.7946079570392
524,155.0,170.7946079570392
525,155.0,170.7946079570392
526,155.0,170.7946079570392
527,310.0,170.7946079570392
528,310.0,197.88468180011049
529,310.0,245.70142739926257
530,310.0,291.2659934875288
531,310.0,323.1649430181445
532,310.0,339.4065340585828
533,310.0,343.29761298219955
534,310.0,339.65922506464864
535,310.0,332.644439479492
536,310.0,325.0366340621778
537,310.0,318.36018820491853
538,425.0,315.59061655736
539,425.0,349.3028095378067
540,425.0,391.9916767773818
541,425.0,425.73345601981686
542,425.0,444.64792556022167
543,425.0,450.49591831411936
544,425.0,447.9458524647755
545,425.0,441.49239752398086
546,425.0,434.2576551577054
547,425.0,427.94457890737004
548,425.0,423.2197746161638
549,425.0,422.715807843201
550,425.0,422.715807843201
551,425.0,422.715807843201
552,425.0,422.715807843201
553,425.0,422.715807843201
554,425.0,422.715807843201
555,425.0,422.715807843201
556,425.0,422.715807843201
557,425.0,422.715807843201
558,425.0,422.715807843201
559,425.0,422.715807843201
560,425.0,422.715807843201
561,425.0,422.715807843201
562,425.0,422.715807843201
563,425.0,422.715807843201
564,425.0,422.715807843201
565,425.0,422.715807843201
566,425.0,422.715807843201
567,425.0,422.715807843201
568,425.0,422.715807843201
569,425.0,422.715807843201
570,425.0,422.715807843201
571,425.0,422.715807843201
572,425.0,422.715807843201
573,425.0,422.715807843201
574,425.0,422.715807843201
575,425.0,422.715807843201
576,425.0,422.715807843201
577,425.0,422.715807843201
578,425.0,422.715807843201
579,425.0,422.715807843201
580,425.0,422.715807843201
581,425.0,422.715807843201
582,425.0,422.715807843201
583,425.0,422.715807843201
584,425.0,422.715807843201
585,425.0,422.715807843201
586,425.0,422.715807843201
587,425.0,422.715807843201
588,425.0,422.715807843201
589,425.0,422.715807843201
590,425.0,422.715807843201
591,425.0,422.715807843201
592,425.0,422.715807843201
593,425.0,422.715807843201
594,425.0,422.715807843201
595,425.0,422.715807843201
596,425.0,422.715807843201
597,425.0,422.715807843201
598,425.0,422.715807843201
599,425.0,422.715807843201
600,425.0,422.715807843201
601,425.0,422.715807843201
602,425.0,422.715807843201
603,425.0,422.715807843201
604,425.0,422.715807843201
605,425.0,422.715807843201
606,425.0,422.715807843201
607,425.0,422.715807843201
608,425.0,422.715807843201
609,425.0,422.715807843201
610,425.0,422.715807843201
611,425.0,422.715807843201
612,425.0,422.715807843201
613,425.0,422.715807843201
614,425.0,422.715807843201
615,425.0,422.715807843201
616,425.0,422.715807843201
617,425.0,422.715807843201
618,425.0,422.715807843201
619,425.0,422.715807843201
620,425.0,422.715807843201
621,425.0,422.715807843201
622,425.0,422.715807843201
623,425.0,422.715807843201
624,425.0,422.715807843201
625,425.0,422.715807843201
626,425.0,422.715807843201
627,425.0,422.715807843201
628,425.0,422.715807843201
629,425.0,422.715807843201
630,425.0,422.715807843201
631,425.0,422.715807843201
632,425.0,422.715807843201
633,425.0,422.715807843201
634,425.0,422.715807843201
635,425.0,422.715807843201
636,425.0,422.715807843201
637,425.0,422.715807843201
638,425.0,422.715807843201
639,425.0,422.715807843201
640,425.0,422.715807843201
641,425.0,422.715807843201
642,425.0,422.715807843201
643,425.0,422.715807843201
644,425.0,422.715807843201
645,425.0,422.715807843201
646,425.0,422.715807843201
647,425.0,422.715807843201
648,425.0,422.715807843201
649,425.0,422.715807843201
650,425.0,422.715807843201
651,425.0,422.715807843201
652,425.0,422.715807843201
653,425.0,422.715807843201
654,425.0,422.715807843201
655,425.0,422.715807843201
656,425.0,422.715807843201
657,425.0,422.715807843201
658,425.0,422.715807843201
659,425.0,422.715807843201
660,425.0,422.715807843201
661,425.0,422.715807843201
662,425.0,422.715807843201
663,425.0,422.715807843201
664,425.0,422.715807843201
665,425.0,422.715807843201
666,425.0,422.715807843201
667,425.0,422.715807843201
668,425.0,422.715807843201
669,425.0,422.715807843201
670,425.0,422.715807843201
671,425.0,422.715807843201
672,425.0,422.715807843201
673,425.0,422.715807843201
674,425.0,422.715807843201
675,425.0,422.715807843201
676,425.0,422.715807843201
677,425.0,422.715807843201
678,425.0,422.715807843201
679,425.0,422.715807843201
680,425.0,422.715807843201
681,425.0,422.715807843201
682,425.0,422.715807843201
683,425.0,422.715807843201
684,425.0,422.715807843201
685,395.0,422.715807843201
686,270.0,416.1043349972164
687,270.0,381.0216701464529
688,270.0,328.5824072178071
689,270.0,286.03349024148923
690,270.0,260.14449599507236
691,270.0,249.10016675207308
692,270.0,248.47171243646886
693,270.0,253.78916780033094
694,245.0,261.5225801525721
695,215.0,262.22542841921154
696,200.0,255.00431376227593
697,200.0,239.23709326633912
698,190.0,222.50231498033665
699,190.0,208.52147251937706
700,190.0,199.56139925699364
701,190.0,195.40371403276941
702,190.0,194.8046849419316
703,190.0,196.36287900344934
704,190.0,198.91302038816767
705,190.0,200.92832096471034
706,190.0,202.41861711739742
707,190.0,203.03083972030961
708,190.0,203.38894453786037
709,190.0,203.38894453786037
710,190.0,203.38894453786037
711,190.0,203.38894453786037
712,190.0,203.38894453786037
713,190.0,203.38894453786037
714,190.0,203.38894453786037
715,190.0,203.38894453786037
716,190.0,203.38894453786037
717,190.0,203.38894453786037
718,190.0,203.38894453786037
719,190.0,203.38894453786037
720,190.0,203.38894453786037
721,190.0,203.38894453786037
722,190.0,203.38894453786037
723,190.0,203.38894453786037
724,190.0,203.38894453786037
725,190.0,203.38894453786037
726,190.0,203.38894453786037
727,190.0,203.38894453786037
728,190.0,203.38894453786037
729,190.0,203.38894453786037
730,190.0,203.38894453786037
731,190.0,203.38894453786037
732,190.0,203.38894453786037
733,190.0,203.38894453786037
734,190.0,203.38894453786037
735,190.0,203.38894453786037
736,190.0,203.38894453786037
737,190.0,203.38894453786037
738,190.0,203.38894453786037
739,190.0,203.38894453786037
740,190.0,203.38894453786037
741,190.0,203.38894453786037
742,190.0,203.38894453786037
743,190.0,203.38894453786037
744,190.0,203.38894453786037
745,190.0,203.38894453786037
746,190.0,203.38894453786037
747,190.0,203.38894453786037
748,190.0,203.38894453786037
749,190.0,203.38894453786037
750,190.0,203.38894453786037
751,190.0,203.38894453786037
752,190.0,203.38894453786037
753,190.0,203.38894453786037
754,190.0,203.38894453786037
755,190.0,203.38894453786037
756,190.0,203.38894453786037
757,190.0,203.38894453786037
758,190.0,203.38894453786037
759,190.0,203.38894453786037
760,190.0,203.38894453786037
761,190.0,203.38894453786037
762,190.0,203.38894453786037
763,190.0,203.38894453786037
764,190.0,203.38894453786037
765,190.0,203.38894453786037
766,190.0,203.38894453786037
767,190.0,203.38894453786037
768,190.0,203.38894453786037
769,190.0,203.38894453786037
770,190.0,203.38894453786037
771,190.0,203.38894453786037
772,190.0,203.38894453786037
773,190.0,203.38894453786037
774,190.0,203.38894453786037
775,190.0,203.38894453786037
776,190.0,203.38894453786037
777,190.0,203.38894453786037
778,190.0,203.38894453786037
779,190.0,203.38894453786037
780,190.0,203.38894453786037
781,190.0,203.38894453786037
782,190.0,203.38894453786037
783,190.0,203.38894453786037
784,190.0,203.38894453786037
785,190.0,203.38894453786037
786,190.0,203.38894453786037
787,190.0,203.38894453786037
788,190.0,203.38894453786037
789,190.0,203.38894453786037
790,190.0,203.38894453786037
791,190.0,203.38894453786037
792,190.0,203.38894453786037
793,190.0,203.38894453786037
794,190.0,203.38894453786037
795,190.0,203.38894453786037
796,190.0,203.38894453786037
797,190.0,203.38894453786037
798,190.0,203.38894453786037
799,190.0,203.38894453786037
800,190.0,203.38894453786037
801,190.0,203.38894453786037
802,190.0,203.38894453786037
803,190.0,203.38894453786037
804,190.0,203.38894453786037
805,190.0,203.38894453786037
806,210.0,203.38894453786037
807,220.0,206.7495804906596
808,220.0,214.67084092639246
809,220.0,223.2539255276072
810,220.0,229.8825742784647
811,220.0,233.85890746140183
812,220.0,235.5215417673557
813,220.0,235.58171828235143
814,220.0,234.74255384324883
815,220.0,233.54095389179244
816,220.0,232.32186330473615
817,220.0,231.5400553933157
818,220.0,231.40949669495114
819,220.0,231.40949669495114
820,220.0,231.40949669495114
821,220.0,231.40949669495114
822,220.0,231.40949669495114
823,220.0,231.40949669495114
824,220.0,231.40949669495114
825,220.0,231.40949669495114
826,220.0,231.40949669495114
827,220.0,231.40949669495114
828,220.0,231.40949669495114
829,220.0,231.40949669495114
830,220.0,231.40949669495114
831,220.0,231.40949669495114
832,220.0,231.40949669495114
833,220.0,231.40949669495114
834,220.0,231.40949669495114
835,220.0,231.40949669495114
836,220.0,231.40949669495114
837,220.0,231.40949669495114
838,220.0,231.40949669495114
839,220.0,231.40949669495114
840,220.0,231.40949669495114
841,220.0,231.40949669495114
842,220.0,231.40949669495114
843,220.0,231.40949669495114
844,220.0,231.40949669495114
845,220.0,231.40949669495114
846,220.0,231.40949669495114
847,220.0,231.40949669495114
848,220.0,231.40949669495114
849,220.0,231.40949669495114
850,220.0,231.40949669495114
851,220.0,231.40949669495114
852,220.0,231.40949669495114
853,220.0,231.40949669495114
854,220.0,231.40949669495114
855,220.0,231.40949669495114
856,220.0,231.40949669495114
857,220.0,231.40949669495114
858,220.0,231.40949669495114
859,220.0,231.40949669495114
860,220.0,231.40949669495114
861,220.0,231.40949669495114
862,220.0,231.40949669495114
863,240.0,231.40949669495114
864,240.0,234.9432765116782
865,240.0,241.07364357560428
866,240.0,246.7256199345432
867,240.0,250.6388894726159
868,240.0,252.69246130555752
869,240.0,253.2945789539293
870,240.0,252.9818625036166
871,240.0,252.21828379590198
872,240.0,251.32928279528684
873,240.0,250.50745792103518
874,240.0,250.11351576470733
875,240.0,250.11351576470733
876,240.0,250.11351576470733
877,240.0,250.11351576470733
878,240.0,250.11351576470733
879,240.0,250.11351576470733
880,240.0,250.11351576470733
881,240.0,250.11351576470733
882,240.0,250.11351576470733
883,240.0,250.11351576470733
884,240.0,250.11351576470733
885,240.0,250.11351576470733
886,240.0,250.11351576470733
887,240.0,250.11351576470733
888,240.0,250.11351576470733
889,240.0,250.11351576470733
890,240.0,250.11351576470733
891,240.0,250.11351576470733
892,240.0,250.11351576470733
893,240.0,250.11351576470733
894,240.0,250.11351576470733
895,240.0,250.11351576470733
896,240.0,250.11351576470733
897,240.0,250.11351576470733
898,240.0,250.11351576470733
899,240.0,250.11351576470733
900,240.0,250.11351576470733
901,240.0,250.11351576470733
902,240.0,250.11351576470733
903,240.0,250.11351576470733
904,240.0,250.11351576470733
905,240.0,250.11351576470733
906,240.0,250.11351576470733
907,240.0,250.11351576470733
908,240.0,250.11351576470733
909,240.0,250.11351576470733
910,240.0,250.11351576470733
911,240.0,250.11351576470733
912,240.0,250.11351576470733
913,240.0,250.11351576470733
914,240.0,250.11351576470733
915,240.0,250.11351576470733
916,240.0,250.11351576470733
917,240.0,250.11351576470733
918,240.0,250.11351576470733
919,240.0,250.11351576470733
920,240.0,250.11351576470733
921,240.0,250.11351576470733
922,240.0,250.11351576470733
923,240.0,250.11351576470733
924,240.0,250.11351576470733
925,240.0,250.11351576470733
926,240.0,250.11351576470733
927,240.0,250.11351576470733
928,240.0,250.11351576470733
929,240.0,250.11351576470733
930,240.0,250.11351576470733
931,240.0,250.11351576470733
932,240.0,250.11351576470733
933,240.0,250.11351576470733
934,240.0,250.11351576470733
935,240.0,250.11351576470733
936,240.0,250.11351576470733
937,240.0,250.11351576470733
938,240.0,250.11351576470733
939,240.0,250.11351576470733
940,240.0,250.11351576470733
941,240.0,250.11351576470733
942,240.0,250.11351576470733
943,240.0,250.11351576470733
944,240.0,250.11351576470733
945,240.0,250.11351576470733
946,240.0,250.11351576470733
947,240.0,250.11351576470733
948,240.0,250.11351576470733
949,240.0,250.11351576470733
950,240.0,250.11351576470733
951,240.0,250.11351576470733
952,240.0,250.11351576470733
953,240.0,250.11351576470733
954,240.0,250.11351576470733
955,240.0,250.11351576470733
956,240.0,250.11351576470733
957,240.0,250.11351576470733
958,240.0,250.11351576470733
959,240.0,250.11351576470733
960,240.0,250.11351576470733
961,240.0,250.11351576470733
962,240.0,250.11351576470733
963,240.0,250.11351576470733
964,240.0,250.11351576470733
965,240.0,250.11351576470733
966,240.0,250.11351576470733
967,240.0,250.11351576470733
968,240.0,250.11351576470733
969,240.0,250.11351576470733
970,240.0,250.11351576470733
971,240.0,250.11351576470733
972,240.0,250.11351576470733
973,240.0,250.11351576470733
974,240.0,250.11351576470733
975,240.0,250.11351576470733
976,240.0,250.11351576470733
977,240.0,250.11351576470733
978,240.0,250.11351576470733
979,240.0,250.11351576470733
980,240.0,250.11351576470733
981,240.0,250.11351576470733
982,240.0,250.11351576470733
983,240.0,250.11351576470733
984,240.0,250.11351576470733
985,240.0,250.11351576470733
986,240.0,250.11351576470733
987,240.0,250.11351576470733
988,240.0,250.11351576470733
989,240.0,250.11351576470733
990,240.0,250.11351576470733
991,240.0,250.11351576470733
992,240.0,250.11351576470733
993,240.0,250.11351576470733
994,240.0,250.11351576470733
995,240.0,250.11351576470733
996,240.0,250.11351576470733
997,240.0,250.11351576470733
998,240.0,250.11351576470733
999,240.0,250.11351576470733
1000,240.0,250.11351576470733
1001,240.0,250.11351576470733
1002,240.0,250.11351576470733
1003,240.0,250.11351576470733
1004,240.0,250.11351576470733
1005,240.0,250.11351576470733
1006,240.0,250.11351576470733
1007,240.0,250.11351576470733
1008,240.0,250.11351576470733
1009,240.0,250.11351576470733
1010,240.0,250.11351576470733
1011,240.0,250.11351576470733
1012,240.0,250.11351576470733
1013,240.0,250.11351576470733
1014,240.0,250.11351576470733
1015,240.0,250.11351576470733
1016,240.0,250.11351576470733
1017,240.0,250.11351576470733
1018,240.0,250.11351576470733
1019,240.0,250.11351576470733
1020,240.0,250.11351576470733
1021,240.0,250.11351576470733
1022,240.0,250.11351576470733
1023,240.0,250.11351576470733
1024,240.0,250.11351576470733
1025,210.0,250.11351576470733
1026,210.0,241.93452863127717
1027,210.0,232.41755823137237
1028,210.0,224.89190173020577
1029,210.0,220.2409201537653
1030,210.0,218.13339927781215
1031,210.0,217.81838319498777
1032,210.0,218.54238136647925
1033,210.0,219.71960857043945
1034,230.0,220.96488475397925
1035,230.0,227.37965089561052
1036,230.0,233.726972340658
1037,230.0,238.83685649547195
1038,230.0,242.02404644284547
1039,230.0,243.46737637824998
1040,230.0,243.67345366544743
1041,230.0,243.1663259468835
1042,230.0,242.35442138514577
1043,230.0,241.50370842656838
1044,260.0,240.7599367726041
1045,350.0,245.85122243965924
1046,470.0,270.66372010038356
1047,470.0,348.3238626918346
1048,470.0,431.14521270888366
1049,470.0,490.5325623067874
1050,470.0,518.9210934334362
1051,470.0,522.6785251011545
1052,500.0,512.4934862781448
1053,500.0,508.8489380311647
1054,500.0,506.25493577233647
1055,500.0,503.07800185025235
1056,500.0,500.25828310686404
1057,500.0,500.72218780559143
1058,500.0,499.2547620857305
1059,500.0,497.08878102634594
1060,500.0,494.99226733301714
1061,500.0,493.3272746448159
1062,500.0,492.1835683614823
1063,500.0,492.1835683614823
1064,500.0,492.1835683614823
1065,500.0,492.1835683614823
1066,500.0,492.1835683614823
1067,500.0,492.1835683614823
1068,500.0,492.1835683614823
1069,530.0,492.1835683614823
1070,530.0,503.86376277960346
1071,530.0,516.3069819793598
1072,550.0,524.7507038146744
1073,550.0,536.5553973155636
1074,550.0,545.2593133374747
1075,550.0,549.2060618320772
1076,550.0,549.2997173036026
1077,550.0,547.2043156588425
1078,550.0,544.365184324215
1079,550.0,541.6960075821487
1080,550.0,540.2503864070519
1081,550.0,539.1426013906893
1082,550.0,538.4086745138645
1083,550.0,538.4086745138645
1084,550.0,538.4086745138645
1085,550.0,538.4086745138645
1086,550.0,538.4086745138645
1087,550.0,538.4086745138645
1088,550.0,538.4086745138645
1089,550.0,538.4086745138645
1090,550.0,538.4086745138645
1091,550.0,538.4086745138645
1092,550.0,538.4086745138645
1093,550.0,538.4086745138645
1094,550.0,538.4086745138645
1095,600.0,538.4086745138645
1096,640.0,553.5824219653969
1097,640.0,590.0138884268233
1098,640.0,624.0775055405896
1099,640.0,644.3600964373321
1100,640.0,650.7957606992339
1101,640.0,648.1532815156337
1102,640.0,641.4812251029132
1103,640.0,634.251415485094
1104,640.0,628.2272847289526
1105,640.0,623.9647564049617
1106,640.0,621.9197452477935
1107,640.0,621.7669120067792
1108,640.0,621.7669120067792
1109,640.0,621.7669120067792
1110,640.0,621.7669120067792
1111,640.0,621.7669120067792
1112,640.0,621.7669120067792
1113,640.0,621.7669120067792
1114,640.0,621.7669120067792
1115,640.0,621.7669120067792
1116,640.0,621.7669120067792
1117,640.0,621.7669120067792
1118,640.0,621.7669120067792
1119,640.0,621.7669120067792
1120,640.0,621.7669120067792
1121,640.0,621.7669120067792
1122,640.0,621.7669120067792
1123,640.0,621.7669120067792
1124,640.0,621.7669120067792
1125,640.0,621.7669120067792
1126,640.0,621.7669120067792
1127,640.0,621.7669120067792
1128,640.0,621.7669120067792
1129,640.0,621.7669120067792
1130,640.0,621.7669120067792
1131,640.0,621.7669120067792
1132,640.0,621.7669120067792
1133,640.0,621.7669120067792
1134,640.0,621.7669120067792
1135,640.0,621.7669120067792
1136,640.0,621.7669120067792
1137,640.0,621.7669120067792
1138,640.0,621.7669120067792
1139,640.0,621.7669120067792
1140,640.0,621.7669120067792
1141,640.0,621.7669120067792
1142,640.0,621.7669120067792
1143,640.0,621.7669120067792
1144,640.0,621.7669120067792
1145,640.0,621.7669120067792
1146,640.0,621.7669120067792
1147,640.0,621.7669120067792
1148,640.0,621.7669120067792
1149,640.0,621.7669120067792
1150,640.0,621.7669120067792
1151,640.0,621.7669120067792
1152,640.0,621.7669120067792
1153,640.0,621.7669120067792
1154,640.0,621.7669120067792
1155,640.0,621.7669120067792
1156,640.0,621.7669120067792
1157,640.0,621.7669120067792
1158,640.0,621.7669120067792
1159,640.0,621.7669120067792
1160,640.0,621.7669120067792
1161,640.0,621.7669120067792
1162,640.0,621.7669120067792
1163,640.0,621.7669120067792
1164,640.0,621.7669120067792
1165,640.0,621.7669120067792
1166,640.0,621.7669120067792
1167,640.0,621.7669120067792
1168,640.0,621.7669120067792
1169,640.0,621.7669120067792
1170,640.0,621.7669120067792
1171,640.0,621.7669120067792
1172,640.0,621.7669120067792
1173,640.0,621.7669120067792
1174,640.0,621.7669120067792
1175,640.0,621.7669120067792
1176,640.0,621.7669120067792
1177,640.0,621.7669120067792
1178,640.0,621.7669120067792
1179,640.0,621.7669120067792
1180,640.0,621.7669120067792
1181,640.0,621.7669120067792
1182,640.0,621.7669120067792
1183,640.0,621.7669120067792
1184,640.0,621.7669120067792
1185,640.0,621.7669120067792
1186,640.0,621.7669120067792
1187,640.0,621.7669120067792
1188,640.0,621.7669120067792
1189,640.0,621.7669120067792
1190,640.0,621.7669120067792
1191,640.0,621.7669120067792
1192,640.0,621.7669120067792
1193,640.0,621.7669120067792
1194,640.0,621.7669120067792
1195,640.0,621.7669120067792
1196,640.0,621.7669120067792
1197,640.0,621.7669120067792
1198,640.0,621.7669120067792
1199,640.0,621.7669120067792
1200,640.0,621.7669120067792
1201,640.0,621.7669120067792
1202,640.0,621.7669120067792
1203,640.0,621.7669120067792
1204,640.0,621.7669120067792
1205,640.0,621.7669120067792
1206,640.0,621.7669120067792
1207,640.0,621.7669120067792
1208,640.0,621.7669120067792
1209,640.0,621.7669120067792
1210,640.0,621.7669120067792
1211,640.0,621.7669120067792
1212,640.0,621.7669120067792
1213,640.0,621.7669120067792
1214,640.0,621.7669120067792
1215,640.0,621.7669120067792
1216,640.0,621.7669120067792
1217,640.0,621.7669120067792
1218,640.0,621.7669120067792
1219,640.0,621.7669120067792
1220,640.0,621.7669120067792
1221,640.0,621.7669120067792
1222,640.0,621.7669120067792
1223,640.0,621.7669120067792
1224,640.0,621.7669120067792
1225,640.0,621.7669120067792
1226,640.0,621.7669120067792
1227,640.0,621.7669120067792
1228,640.0,621.7669120067792
1229,640.0,621.7669120067792
1230,640.0,621.7669120067792
1231,640.0,621.7669120067792
1232,640.0,621.7669120067792
1233,640.0,621.7669120067792
1234,640.0,621.7669120067792
1235,640.0,621.7669120067792
1236,640.0,621.7669120067792
1237,640.0,621.7669120067792
1238,640.0,621.7669120067792
1239,640.0,621.7669120067792
1240,640.0,621.7669120067792
1241,640.0,621.7669120067792
1242,640.0,621.7669120067792
1243,640.0,621.7669120067792
1244,640.0,621.7669120067792
1245,640.0,621.7669120067792
1246,640.0,621.7669120067792
1247,640.0,621.7669120067792
1248,640.0,621.7669120067792
1249,640.0,621.7669120067792
1250,640.0,621.7669120067792
1251,640.0,621.7669120067792
1252,550.0,621.7669120067792
1253,550.0,582.9023000628715
1254,470.0,544.7624416442002
1255,470.0,489.2672146956866
1256,470.0,447.8149307769725
1257,355.0,426.5553532821357
1258,355.0,391.5126398253019
1259,270.0,354.7464929052303
1260,310.0,305.651562877727
1261,240.0,275.1147343621393
1262,240.0,247.44310527819133
1263,200.0,228.89891906081718
1264,200.0,216.7020375028517
1265,200.0,204.91457446016142
1266,200.0,199.31590928996073
1267,160.0,199.2481960231566
1268,150.0,191.80102916888544
1269,150.0,180.46758408368615
1270,150.0,169.3565822834865
1271,150.0,163.3153973183533
1272,150.0,159.90938978395474
1273,150.0,159.6477856037012
1274,150.0,160.73363179018946
1275,150.0,162.06649543683886
1276,150.0,163.83192499462928
1277,150.0,165.59673348378516
1278,150.0,166.15007206588695
1279,150.0,166.15007206588695
1280,150.0,166.15007206588695
1281,150.0,166.15007206588695
1282,150.0,166.15007206588695
1283,150.0,166.15007206588695
1284,150.0,166.15007206588695
1285,150.0,166.15007206588695
1286,150.0,166.15007206588695
1287,150.0,166.15007206588695
1288,150.0,166.15007206588695
1289,150.0,166.15007206588695
1290,150.0,166.15007206588695
1291,150.0,166.15007206588695
1292,150.0,166.15007206588695
1293,150.0,166.15007206588695
1294,150.0,166.15007206588695
1295,150.0,166.15007206588695
1296,150.0,166.15007206588695
1297,150.0,166.15007206588695
1298,150.0,166.15007206588695
1299,150.0,166.15007206588695
1300,150.0,166.15007206588695
1301,150.0,166.15007206588695
1302,150.0,166.15007206588695
1303,150.0,166.15007206588695
1304,150.0,166.15007206588695
1305,150.0,166.15007206588695
1306,150.0,166.15007206588695
1307,180.0,166.15007206588695
1308,180.0,173.42256756310212
1309,200.0,182.34153279613417
1310,200.0,193.64462944643464
1311,230.0,204.46594469271608
1312,250.0,219.4949999380383
1313,250.0,237.9771128632355
1314,250.0,253.72417380700776
1315,250.0,263.76557791905
1316,250.0,268.1891308757756
1317,280.0,268.4885363145425
1318,280.0,273.2121661355859
1319,290.0,280.41787157612936
1320,290.0,289.61913768202015
1321,290.0,296.7866977584554
1322,290.0,301.39527041853967
1323,290.0,303.4415572842545
1324,290.0,303.2845024550892
1325,290.0,301.8862755310637
1326,290.0,300.05123592928794
1327,290.0,298.2808210367824
1328,310.0,297.2792891138432
1329,310.0,302.13068282439576
1330,340.0,308.8952700708441
1331,340.0,320.87182333429513
1332,340.0,334.5952244534165
1333,370.0,343.43822627818827
1334,370.0,355.6745205159891
1335,420.0,368.5486522414675
1336,460.0,388.33227743649866
1337,460.0,423.41501939629035
1338,460.0,455.5407455294648
1339,460.0,475.8010199194606
1340,460.0,483.1723492577622
1341,460.0,481.86531870918213
1342,460.0,476.0933586043047
1343,460.0,468.72415684571735
1344,460.0,462.5467606183633
1345,460.0,457.97624309957877
1346,460.0,455.3553481492338
1347,460.0,455.1653074416776
1348,460.0,455.1653074416776
1349,460.0,455.1653074416776
1350,460.0,455.1653074416776
1351,460.0,455.1653074416776
1352,460.0,455.1653074416776
1353,460.0,455.1653074416776
1354,460.0,455.1653074416776
1355,460.0,455.1653074416776
1356,460.0,455.1653074416776
1357,460.0,455.1653074416776
1358,460.0,455.1653074416776
1359,460.0,455.1653074416776
1360,460.0,455.1653074416776
1361,460.0,455.1653074416776
1362,460.0,455.1653074416776
1363,460.0,455.1653074416776
1364,460.0,455.1653074416776
1365,460.0,455.1653074416776
1366,460.0,455.1653074416776
1367,460.0,455.1653074416776
1368,460.0,455.1653074416776
1369,460.0,455.1653074416776
1370,460.0,455.1653074416776
1371,460.0,455.1653074416776
1372,460.0,455.1653074416776
1373,460.0,455.1653074416776
1374,460.0,455.1653074416776
1375,460.0,455.1653074416776
1376,460.0,455.1653074416776
1377,460.0,455.1653074416776
1378,460.0,455.1653074416776
1379,460.0,455.1653074416776
1380,460.0,455.1653074416776
1381,460.0,455.1653074416776
1382,460.0,455.1653074416776
1383,460.0,455.1653074416776
1384,460.0,455.1653074416776
1385,460.0,455.1653074416776
1386,460.0,455.1653074416776
1387,460.0,455.1653074416776
1388,460.0,455.1653074416776
1389,460.0,455.1653074416776
1390,460.0,455.1653074416776
1391,460.0,455.1653074416776
1392,460.0,455.1653074416776
1393,460.0,455.1653074416776
1394,460.0,455.1653074416776
1395,460.0,455.1653074416776
1396,460.0,455.1653074416776
1397,460.0,455.1653074416776
1398,460.0,455.1653074416776
1399,460.0,455.1653074416776
1400,460.0,455.1653074416776
1401,460.0,455.1653074416776
1402,460.0,455.1653074416776
1403,460.0,455.1653074416776
1404,460.0,455.1653074416776
1405,460.0,455.1653074416776
1406,460.0,455.1653074416776
1407,460.0,455.1653074416776
1408,460.0,455.1653074416776
1409,460.0,455.1653074416776
1410,460.0,455.1653074416776
1411,460.0,455.1653074416776
1412,460.0,455.1653074416776
1413,460.0,455.1653074416776
1414,460.0,455.1653074416776
1415,460.0,455.1653074416776
1416,460.0,455.1653074416776
1417,460.0,455.1653074416776
1418,460.0,455.1653074416776
1419,460.0,455.1653074416776
1420,460.0,455.1653074416776
1421,460.0,455.1653074416776
1422,460.0,455.1653074416776
1423,460.0,455.1653074416776
1424,460.0,455.1653074416776
1425,460.0,455.1653074416776
1426,460.0,455.1653074416776
1427,460.0,455.1653074416776
1428,460.0,455.1653074416776
1429,460.0,455.1653074416776
1430,460.0,455.1653074416776
1431,460.0,455.1653074416776
1432,460.0,455.1653074416776
1433,460.0,455.1653074416776
1434,460.0,455.1653074416776
1435,460.0,455.1653074416776
1436,460.0,455.1653074416776
1437,460.0,455.1653074416776
1438,460.0,455.1653074416776
1439,460.0,455.1653074416776
1440,460.0,455.1653074416776
1441,460.0,455.1653074416776
1442,460.0,455.1653074416776
1443,460.0,455.1653074416776
1444,460.0,455.1653074416776
1445,460.0,455.1653074416776
1446,460.0,455.1653074416776
1447,460.0,455.1653074416776
1448,460.0,455.1653074416776
1449,460.0,455.1653074416776
1450,460.0,455.1653074416776
1451,460.0,455.1653074416776
1452,460.0,455.1653074416776
1453,460.0,455.1653074416776
1454,460.0,455.1653074416776
1455,460.0,455.1653074416776
1456,460.0,455.1653074416776
1457,460.0,455.1653074416776
1458,460.0,455.1653074416776
1459,460.0,455.1653074416776
1460,460.0,455.1653074416776
1461,460.0,455.1653074416776
1462,460.0,455.1653074416776
1463,460.0,455.1653074416776
1464,460.0,455.1653074416776
1465,460.0,455.1653074416776
1466,460.0,455.1653074416776
1467,460.0,455.1653074416776
1468,460.0,455.1653074416776
1469,460.0,455.1653074416776
1470,460.0,455.1653074416776
1471,460.0,455.1653074416776
1472,460.0,455.1653074416776
1473,460.0,455.1653074416776
1474,460.0,455.1653074416776
1475,460.0,455.1653074416776
1476,460.0,455.1653074416776
1477,460.0,455.1653074416776
1478,460.0,455.1653074416776
1479,460.0,455.1653074416776
1480,460.0,455.1653074416776
1481,460.0,455.1653074416776
1482,460.0,455.1653074416776
1483,460.0,455.1653074416776
1484,460.0,455.1653074416776
1485,460.0,455.1653074416776
1486,460.0,455.1653074416776
1487,460.0,455.1653074416776
1488,460.0,455.1653074416776
1489,460.0,455.1653074416776
1490,460.0,455.1653074416776
1491,460.0,455.1653074416776
1492,460.0,455.1653074416776
1493,400.0,455.1653074416776
1494,350.0,434.3114064449102
1495,320.0,397.6627321129893
1496,320.0,355.54090683136815
1497,310.0,323.12263481562104
1498,310.0,301.7629262645514
1499,310.0,292.00685283316625
1500,310.0,291.0359798794433
1501,310.0,295.3235355908424
1502,310.0,301.84954855343165
1503,310.0,308.5215378235971
1504,310.0,312.5954039606159
1505,290.0,314.58948748975143
1506,290.0,309.1356991677874
1507,290.0,302.64382819445933
1508,290.0,297.4055506886823
1509,290.0,294.3891042588923
1510,290.0,293.25578828595826
1511,290.0,293.3771736327342
1512,290.0,294.15833529706197
1513,290.0,295.1606561450234
1514,290.0,296.1156330988298
1515,290.0,296.891540858222
1516,290.0,296.891540858222
1517,290.0,296.891540858222
1518,290.0,296.891540858222
1519,290.0,296.891540858222
1520,290.0,296.891540858222
1521,290.0,296.891540858222
1522,290.0,296.891540858222
1523,290.0,296.891540858222
1524,290.0,296.891540858222
1525,290.0,296.891540858222
1526,290.0,296.891540858222
1527,290.0,296.891540858222
1528,290.0,296.891540858222
1529,290.0,296.891540858222
1530,290.0,296.891540858222
1531,290.0,296.891540858222
1532,290.0,296.891540858222
1533,290.0,296.891540858222
1534,290.0,296.891540858222
1535,290.0,296.891540858222
1536,290.0,296.891540858222
1537,290.0,296.891540858222
1538,290.0,296.891540858222
1539,290.0,296.891540858222
1540,290.0,296.891540858222
1541,290.0,296.891540858222
1542,290.0,296.891540858222
1543,290.0,296.891540858222
1544,290.0,296.891540858222
1545,290.0,296.891540858222
1546,290.0,296.891540858222
1547,290.0,296.891540858222
1548,290.0,296.891540858222
1549,290.0,296.891540858222
1550,290.0,296.891540858222
1551,290.0,296.891540858222
1552,290.0,296.891540858222
1553,290.0,296.891540858222
1554,290.0,296.891540858222
1555,290.0,296.891540858222
1556,290.0,296.891540858222
1557,290.0,296.891540858222
1558,290.0,296.891540858222
1559,290.0,296.891540858222
1560,260.0,296.891540858222
1561,260.0,288.08305030676445
1562,260.0,278.03652657489704
1563,260.0,270.30442350247995
1564,260.0,265.7431611652731
1565,260.0,263.90170944948665
1566,260.0,263.9076851368893
1567,260.0,264.9212859341051
1568,260.0,266.3115900366305
1569,260.0,267.6814492311322
1570,260.0,268.8257094405452
1571,260.0,268.8257094405452
1572,260.0,268.8257094405452
1573,260.0,268.8257094405452
1574,260.0,268.8257094405452
1575,260.0,268.8257094405452
1576,260.0,268.8257094405452
1577,260.0,268.8257094405452
1578,260.0,268.8257094405452
1579,260.0,268.8257094405452
1580,260.0,268.8257094405452
1581,260.0,268.8257094405452
1582,260.0,268.8257094405452
1583,260.0,268.8257094405452
1584,260.0,268.8257094405452
1585,260.0,268.8257094405452
1586,260.0,268.8257094405452
1587,260.0,268.8257094405452
1588,260.0,268.8257094405452
1589,260.0,268.8257094405452
1590,260.0,268.8257094405452
1591,260.0,268.8257094405452
1592,260.0,268.8257094405452
1593,260.0,268.8257094405452
1594,260.0,268.8257094405452
1595,260.0,268.8257094405452
1596,260.0,268.8257094405452
1597,260.0,268.8257094405452
1598,260.0,268.8257094405452
1599,260.0,268.8257094405452
1600,260.0,268.8257094405452
1601,260.0,268.8257094405452
1602,260.0,268.8257094405452
1603,260.0,268.8257094405452
1604,260.0,268.8257094405452
1605,260.0,268.8257094405452
1606,260.0,268.8257094405452
1607,260.0,268.8257094405452
1608,260.0,268.8257094405452
1609,260.0,268.8257094405452
1610,260.0,268.8257094405452
1611,260.0,268.8257094405452
1612,260.0,268.8257094405452
1613,260.0,268.8257094405452
1614,260.0,268.8257094405452
1615,325.0,268.8257094405452
1616,325.0,287.794119106591
1617,325.0,310.26198195807615
1618,325.0,327.87403647601184
1619,325.0,338.14697329644844
1620,325.0,341.97220215916474
1621,325.0,341.4824727551874
1622,325.0,338.7676474684821
1623,325.0,335.3566042424521
1624,325.0,332.1598968378951
1625,325.0,329.6049547604881
1626,325.0,329.6049547604881
1627,325.0,329.6049547604881
1628,325.0,329.6049547604881
1629,325.0,329.6049547604881
1630,325.0,329.6049547604881
1631,325.0,329.6049547604881
1632,325.0,329.6049547604881
1633,325.0,329.6049547604881
1634,325.0,329.6049547604881
1635,325.0,329.6049547604881
1636,325.0,329.6049547604881
1637,325.0,329.6049547604881
1638,325.0,329.6049547604881
1639,325.0,329.6049547604881
1640,325.0,329.6049547604881
1641,325.0,329.6049547604881
1642,325.0,329.6049547604881
1643,325.0,329.6049547604881
1644,325.0,329.6049547604881
1645,325.0,329.6049547604881
1646,325.0,329.6049547604881
1647,325.0,329.6049547604881
1648,325.0,329.6049547604881
1649,325.0,329.6049547604881
1650,325.0,329.6049547604881
1651,325.0,329.6049547604881
1652,325.0,329.6049547604881
1653,325.0,329.6049547604881
1654,325.0,329.6049547604881
1655,325.0,329.6049547604881
1656,325.0,329.6049547604881
1657,325.0,329.6049547604881
1658,325.0,329.6049547604881
1659,325.0,329.6049547604881
1660,325.0,329.6049547604881
1661,325.0,329.6049547604881
1662,325.0,329.6049547604881
1663,325.0,329.6049547604881
1664,325.0,329.6049547604881
1665,325.0,329.6049547604881
1666,325.0,329.6049547604881
1667,325.0,329.6049547604881
1668,325.0,329.6049547604881
1669,325.0,329.6049547604881
1670,325.0,329.6049547604881
1671,325.0,329.6049547604881
1672,325.0,329.6049547604881
1673,325.0,329.6049547604881
1674,325.0,329.6049547604881
1675,325.0,329.6049547604881
1676,325.0,329.6049547604881
1677,325.0,329.6049547604881
1678,325.0,329.6049547604881
1679,325.0,329.6049547604881
1680,325.0,329.6049547604881
1681,325.0,329.6049547604881
1682,325.0,329.6049547604881
1683,325.0,329.6049547604881
1684,325.0,329.6049547604881
1685,325.0,329.6049547604881
1686,325.0,329.6049547604881
1687,325.0,329.6049547604881
1688,325.0,329.6049547604881
1689,325.0,329.6049547604881
1690,325.0,329.6049547604881
1691,325.0,329.6049547604881
1692,325.0,329.6049547604881
1693,325.0,329.6049547604881
1694,325.0,329.6049547604881
1695,325.0,329.6049547604881
1696,325.0,329.6049547604881
1697,325.0,329.6049547604881
1698,325.0,329.6049547604881
1699,325.0,329.6049547604881
1700,325.0,329.6049547604881
1701,325.0,329.6049547604881
1702,325.0,329.6049547604881
1703,325.0,329.6049547604881
1704,325.0,329.6049547604881
1705,325.0,329.6049547604881
1706,325.0,329.6049547604881
1707,325.0,329.6049547604881
1708,325.0,329.6049547604881
1709,325.0,329.6049547604881
1710,325.0,329.6049547604881
1711,325.0,329.6049547604881
1712,325.0,329.6049547604881
1713,325.0,329.6049547604881
1714,325.0,329.6049547604881
1715,325.0,329.6049547604881
1716,325.0,329.6049547604881
1717,325.0,329.6049547604881
1718,325.0,329.6049547604881
1719,325.0,329.6049547604881
1720,325.0,329.6049547604881
1721,325.0,329.6049547604881
1722,325.0,329.6049547604881
1723,325.0,329.6049547604881
1724,325.0,329.6049547604881
1725,325.0,329.6049547604881
1726,325.0,329.6049547604881
1727,325.0,329.6049547604881
1728,325.0,329.6049547604881
1729,325.0,329.6049547604881
1730,325.0,329.6049547604881
1731,325.0,329.6049547604881
1732,325.0,329.6049547604881
1733,325.0,329.6049547604881
1734,325.0,329.6049547604881
1735,325.0,329.6049547604881
1736,325.0,329.6049547604881
1737,325.0,329.6049547604881
1738,325.0,329.6049547604881
1739,325.0,329.6049547604881
1740,325.0,329.6049547604881
1741,325.0,329.6049547604881
1742,325.0,329.6049547604881
1743,325.0,329.6049547604881
1744,325.0,329.6049547604881
1745,325.0,329.6049547604881
1746,325.0,329.6049547604881
1747,325.0,329.6049547604881
1748,325.0,329.6049547604881
1749,325.0,329.6049547604881
1750,325.0,329.6049547604881
1751,325.0,329.6049547604881
1752,325.0,329.6049547604881
1753,325.0,329.6049547604881
1754,325.0,329.6049547604881
1755,325.0,329.6049547604881
1756,325.0,329.6049547604881
1757,325.0,329.6049547604881
1758,325.0,329.6049547604881
1759,325.0,329.6049547604881
1760,325.0,329.6049547604881
1761,325.0,329.6049547604881
1762,325.0,329.6049547604881
1763,325.0,329.6049547604881
1764,325.0,329.6049547604881
1765,325.0,329.6049547604881
1766,325.0,329.6049547604881
1767,325.0,329.6049547604881
1768,325.0,329.6049547604881
1769,325.0,329.6049547604881
1770,325.0,329.6049547604881
1771,325.0,329.6049547604881
1772,325.0,329.6049547604881
1773,325.0,329.6049547604881
1774,325.0,329.6049547604881
1775,325.0,329.6049547604881
1776,325.0,329.6049547604881
1777,325.0,329.6049547604881
1778,325.0,329.6049547604881
1779,325.0,329.6049547604881
1780,325.0,329.6049547604881
1781,325.0,329.6049547604881
1782,325.0,329.6049547604881
1783,325.0,329.6049547604881
1784,325.0,329.6049547604881
1785,325.0,329.6049547604881
1786,325.0,329.6049547604881
1787,325.0,329.6049547604881
1788,325.0,329.6049547604881
1789,325.0,329.6049547604881
1790,325.0,329.6049547604881
1791,325.0,329.6049547604881
1792,325.0,329.6049547604881
1793,325.0,329.6049547604881
1794,325.0,329.6049547604881
1795,325.0,329.6049547604881
1796,325.0,329.6049547604881
1797,325.0,329.6049547604881
1798,325.0,329.6049547604881
1799,325.0,329.6049547604881
1800,325.0,329.6049547604881
1801,325.0,329.6049547604881
1802,325.0,329.6049547604881
1803,325.0,329.6049547604881
1804,325.0,329.6049547604881
1805,325.0,329.6049547604881
1806,325.0,329.6049547604881
1807,325.0,329.6049547604881
1808,325.0,329.6049547604881
1809,325.0,329.6049547604881
1810,325.0,329.6049547604881
1811,325.0,329.6049547604881
1812,325.0,329.6049547604881
1813,325.0,329.6049547604881
1814,325.0,329.6049547604881
1815,325.0,329.6049547604881
1816,325.0,329.6049547604881
1817,325.0,329.6049547604881
1818,325.0,329.6049547604881
1819,325.0,329.6049547604881
1820,325.0,329.6049547604881
1821,325.0,329.6049547604881
1822,325.0,329.6049547604881
1823,325.0,329.6049547604881
1824,325.0,329.6049547604881
1825,325.0,329.6049547604881
1826,325.0,329.6049547604881
1827,325.0,329.6049547604881
1828,325.0,329.6049547604881
1829,325.0,329.6049547604881
1830,325.0,329.6049547604881
1831,325.0,329.6049547604881
1832,325.0,329.6049547604881
1833,325.0,329.6049547604881
1834,325.0,329.6049547604881
1835,325.0,329.6049547604881
1836,325.0,329.6049547604881
1837,325.0,329.6049547604881
1838,325.0,329.6049547604881
1839,325.0,329.6049547604881
1840,325.0,329.6049547604881
1841,325.0,329.6049547604881
1842,325.0,329.6049547604881
1843,325.0,329.6049547604881
1844,325.0,329.6049547604881
1845,325.0,329.6049547604881
1846,325.0,329.6049547604881
1847,325.0,329.6049547604881
1848,325.0,329.6049547604881
1849,325.0,329.6049547604881
1850,325.0,329.6049547604881
1851,325.0,329.6049547604881
1852,325.0,329.6049547604881
1853,325.0,329.6049547604881
1854,325.0,329.6049547604881
1855,325.0,329.6049547604881
1856,325.0,329.6049547604881
1857,325.0,329.6049547604881
1858,325.0,329.6049547604881
1859,325.0,329.6049547604881
1860,325.0,329.6049547604881
1861,325.0,329.6049547604881
1862,325.0,329.6049547604881
1863,325.0,329.6049547604881
1864,325.0,329.6049547604881
1865,325.0,329.6049547604881
1866,325.0,329.6049547604881
1867,325.0,329.6049547604881
1868,325.0,329.6049547604881
1869,325.0,329.6049547604881
1870,325.0,329.6049547604881
1871,325.0,329.6049547604881
1872,325.0,329.6049547604881
1873,325.0,329.6049547604881
1874,325.0,329.6049547604881
1875,325.0,329.6049547604881
1876,325.0,329.6049547604881
1877,325.0,329.6049547604881
1878,325.0,329.6049547604881
1879,325.0,329.6049547604881
1880,325.0,329.6049547604881
1881,325.0,329.6049547604881
1882,325.0,329.6049547604881
1883,325.0,329.6049547604881
1884,325.0,329.6049547604881
1885,325.0,329.6049547604881
1886,325.0,329.6049547604881
1887,325.0,329.6049547604881
1888,325.0,329.6049547604881
1889,325.0,329.6049547604881
1890,325.0,329.6049547604881
1891,325.0,329.6049547604881
1892,325.0,329.6049547604881
1893,325.0,329.6049547604881
1894,325.0,329.6049547604881
1895,325.0,329.6049547604881
1896,325.0,329.6049547604881
1897,325.0,329.6049547604881
1898,325.0,329.6049547604881
1899,325.0,329.6049547604881
1900,325.0,329.6049547604881
1901,325.0,329.6049547604881
1902,325.0,329.6049547604881
1903,325.0,329.6049547604881
1904,325.0,329.6049547604881
1905,325.0,329.6049547604881
1906,325.0,329.6049547604881
1907,325.0,329.6049547604881
1908,325.0,329.6049547604881
1909,325.0,329.6049547604881
1910,325.0,329.6049547604881
1911,325.0,329.6049547604881
1912,325.0,329.6049547604881
1913,325.0,329.6049547604881
1914,325.0,329.6049547604881
1915,325.0,329.6049547604881
1916,325.0,329.6049547604881
1917,325.0,329.6049547604881
1918,325.0,329.6049547604881
1919,325.0,329.6049547604881
1920,325.0,329.6049547604881
1921,325.0,329.6049547604881
1922,325.0,329.6049547604881
1923,325.0,329.6049547604881
1924,325.0,329.6049547604881
1925,325.0,329.6049547604881
1926,325.0,329.6049547604881
1927,325.0,329.6049547604881
1928,325.0,329.6049547604881
1929,325.0,329.6049547604881
1930,325.0,329.6049547604881
1931,325.0,329.6049547604881
1932,325.0,329.6049547604881
1933,325.0,329.6049547604881
1934,325.0,329.6049547604881
1935,325.0,329.6049547604881
1936,325.0,329.6049547604881
1937,325.0,329.6049547604881
1938,325.0,329.6049547604881
1939,325.0,329.6049547604881
1940,325.0,329.6049547604881
1941,325.0,329.6049547604881
1942,325.0,329.6049547604881
1943,325.0,329.6049547604881
1944,325.0,329.6049547604881
1945,325.0,329.6049547604881
1946,325.0,329.6049547604881
1947,325.0,329.6049547604881
1948,325.0,329.6049547604881
1949,325.0,329.6049547604881
1950,325.0,329.6049547604881
1951,325.0,329.6049547604881
1952,325.0,329.6049547604881
1953,325.0,329.6049547604881
1954,325.0,329.6049547604881
1955,325.0,329.6049547604881
1956,325.0,329.6049547604881
1957,325.0,329.6049547604881
1958,325.0,329.6049547604881
1959,325.0,329.6049547604881
1960,325.0,329.6049547604881
1961,325.0,329.6049547604881
1962,325.0,329.6049547604881
1963,325.0,329.6049547604881
1964,325.0,329.6049547604881
1965,325.0,329.6049547604881
1966,325.0,329.6049547604881
1967,325.0,329.6049547604881
1968,325.0,329.6049547604881
1969,325.0,329.6049547604881
1970,325.0,329.6049547604881
1971,325.0,329.6049547604881
1972,325.0,329.6049547604881
1973,325.0,329.6049547604881
1974,325.0,329.6049547604881
1975,325.0,329.6049547604881
1976,325.0,329.6049547604881
1977,325.0,329.6049547604881
1978,325.0,329.6049547604881
1979,325.0,329.6049547604881
1980,325.0,329.6049547604881
1981,325.0,329.6049547604881
1982,325.0,329.6049547604881
1983,325.0,329.6049547604881
1984,325.0,329.6049547604881
1985,325.0,329.6049547604881
1986,325.0,329.6049547604881
1987,325.0,329.6049547604881
1988,325.0,329.6049547604881
1989,325.0,329.6049547604881
1990,325.0,329.6049547604881
1991,325.0,329.6049547604881
1992,325.0,329.6049547604881
1993,325.0,329.6049547604881
1994,325.0,329.6049547604881
1995,325.0,329.6049547604881
1996,325.0,329.6049547604881
1997,325.0,329.6049547604881
1998,325.0,329.6049547604881
1999,325.0,329.6049547604881
2000,325.0,329.6049547604881
2001,325.0,329.6049547604881
2002,325.0,329.6049547604881
2003,325.0,329.6049547604881
2004,325.0,329.6049547604881
2005,325.0,329.6049547604881
2006,325.0,329.6049547604881
2007,325.0,329.6049547604881
2008,325.0,329.6049547604881
2009,325.0,329.6049547604881
2010,325.0,329.6049547604881
2011,325.0,329.6049547604881
2012,325.0,329.6049547604881
2013,325.0,329.6049547604881
2014,325.0,329.6049547604881
2015,325.0,329.6049547604881
2016,325.0,329.6049547604881
2017,325.0,329.6049547604881
2018,325.0,329.6049547604881
2019,325.0,329.6049547604881
2020,325.0,329.6049547604881
2021,325.0,329.6049547604881
2022,325.0,329.6049547604881
2023,325.0,329.6049547604881
2024,325.0,329.6049547604881
2025,325.0,329.6049547604881
2026,325.0,329.6049547604881
2027,325.0,329.6049547604881
2028,325.0,329.6049547604881
2029,325.0,329.6049547604881
2030,325.0,329.6049547604881
2031,325.0,329.6049547604881
2032,325.0,329.6049547604881
2033,325.0,329.6049547604881
2034,325.0,329.6049547604881
2035,325.0,329.6049547604881
2036,325.0,329.6049547604881
2037,325.0,329.6049547604881
2038,325.0,329.6049547604881
2039,325.0,329.6049547604881
2040,325.0,329.6049547604881
2041,325.0,329.6049547604881
2042,325.0,329.6049547604881
2043,325.0,329.6049547604881
2044,325.0,329.6049547604881
2045,325.0,329.6049547604881
2046,325.0,329.6049547604881
2047,325.0,329.6049547604881
2048,325.0,329.6049547604881
2049,325.0,329.6049547604881
2050,325.0,329.6049547604881
2051,325.0,329.6049547604881
2052,325.0,329.6049547604881
2053,325.0,329.6049547604881
2054,325.0,329.6049547604881
2055,325.0,329.6049547604881
2056,325.0,329.6049547604881
2057,325.0,329.6049547604881
2058,325.0,329.6049547604881
2059,325.0,329.6049547604881
2060,325.0,329.6049547604881
2061,325.0,329.6049547604881
2062,325.0,329.6049547604881
2063,325.0,329.6049547604881
2064,325.0,329.6049547604881
2065,325.0,329.6049547604881
2066,325.0,329.6049547604881
2067,325.0,329.6049547604881
2068,325.0,329.6049547604881
2069,325.0,329.6049547604881
2070,325.0,329.6049547604881
2071,325.0,329.6049547604881
2072,325.0,329.6049547604881
2073,325.0,329.6049547604881
2074,325.0,329.6049547604881
2075,325.0,329.6049547604881
2076,325.0,329.6049547604881
2077,325.0,329.6049547604881
2078,325.0,329.6049547604881
2079,325.0,329.6049547604881
2080,325.0,329.6049547604881
2081,325.0,329.6049547604881
2082,325.0,329.6049547604881
2083,325.0,329.6049547604881
2084,325.0,329.6049547604881
2085,325.0,329.6049547604881
2086,325.0,329.6049547604881
2087,325.0,329.6049547604881
2088,325.0,329.6049547604881
2089,325.0,329.6049547604881
2090,325.0,329.6049547604881
2091,325.0,329.6049547604881
2092,325.0,329.6049547604881
2093,325.0,329.6049547604881
2094,325.0,329.6049547604881
2095,325.0,329.6049547604881
2096,325.0,329.6049547604881
2097,325.0,329.6049547604881
2098,325.0,329.6049547604881
2099,325.0,329.6049547604881
2100,325.0,329.6049547604881
2101,325.0,329.6049547604881
2102,325.0,329.6049547604881
2103,325.0,329.6049547604881
2104,325.0,329.6049547604881
2105,325.0,329.6049547604881
2106,325.0,329.6049547604881
2107,325.0,329.6049547604881
2108,325.0,329.6049547604881
2109,325.0,329.6049547604881
2110,325.0,329.6049547604881
2111,325.0,329.6049547604881
2112,325.0,329.6049547604881
2113,325.0,329.6049547604881
2114,325.0,329.6049547604881
2115,325.0,329.6049547604881
2116,325.0,329.6049547604881
2117,325.0,329.6049547604881
2118,325.0,329.6049547604881
2119,325.0,329.6049547604881
2120,325.0,329.6049547604881
2121,325.0,329.6049547604881
2122,325.0,329.6049547604881
2123,325.0,329.6049547604881
2124,325.0,329.6049547604881
2125,325.0,329.6049547604881
2126,325.0,329.6049547604881
2127,325.0,329.6049547604881
2128,325.0,329.6049547604881
2129,325.0,329.6049547604881
2130,325.0,329.6049547604881
2131,325.0,329.6049547604881
2132,325.0,329.6049547604881
2133,325.0,329.6049547604881
2134,325.0,329.6049547604881
2135,325.0,329.6049547604881
2136,325.0,329.6049547604881
2137,325.0,329.6049547604881
2138,325.0,329.6049547604881
2139,325.0,329.6049547604881
2140,325.0,329.6049547604881
2141,325.0,329.6049547604881
2142,325.0,329.6049547604881
2143,325.0,329.6049547604881
2144,325.0,329.6049547604881
2145,325.0,329.6049547604881
2146,325.0,329.6049547604881
2147,325.0,329.6049547604881
2148,325.0,329.6049547604881
2149,325.0,329.6049547604881
2150,325.0,329.6049547604881
2151,325.0,329.6049547604881
2152,325.0,329.6049547604881
2153,325.0,329.6049547604881
2154,325.0,329.6049547604881
2155,325.0,329.6049547604881
2156,325.0,329.6049547604881
2157,325.0,329.6049547604881
2158,325.0,329.6049547604881
2159,325.0,329.6049547604881
2160,325.0,329.6049547604881
2161,325.0,329.6049547604881
2162,325.0,329.6049547604881
2163,325.0,329.6049547604881
2164,325.0,329.6049547604881
2165,325.0,329.6049547604881
2166,325.0,329.6049547604881
2167,325.0,329.6049547604881
2168,325.0,329.6049547604881
2169,325.0,329.6049547604881
2170,325.0,329.6049547604881
2171,325.0,329.6049547604881
2172,325.0,329.6049547604881
2173,325.0,329.6049547604881
2174,325.0,329.6049547604881
2175,325.0,329.6049547604881
2176,325.0,329.6049547604881
2177,325.0,329.6049547604881
2178,325.0,329.6049547604881
2179,325.0,329.6049547604881
2180,325.0,329.6049547604881
2181,325.0,329.6049547604881
2182,325.0,329.6049547604881
2183,325.0,329.6049547604881
2184,325.0,329.6049547604881
2185,325.0,329.6049547604881
2186,325.0,329.6049547604881
2187,325.0,329.6049547604881
2188,325.0,329.6049547604881
2189,325.0,329.6049547604881
2190,325.0,329.6049547604881
2191,325.0,329.6049547604881
2192,325.0,329.6049547604881
2193,325.0,329.6049547604881
2194,325.0,329.6049547604881
2195,325.0,329.6049547604881
2196,325.0,329.6049547604881
2197,325.0,329.6049547604881
2198,375.0,329.6049547604881
2199,375.0,345.4943747066813
2200,375.0,363.7517363215478
2201,375.0,377.52854934324006
2202,385.0,385.06993398793554
2203,390.0,389.24562180974215
2204,400.0,392.7754024480319
2205,395.0,397.87862480245843
2206,395.0,399.07899520587483
2207,395.0,399.35388521921595
2208,395.0,398.7273864305286
2209,395.0,398.8407524383815
2210,395.0,398.19022920420247
2211,395.0,397.217012555666
2212,395.0,396.22898048270883
2213,395.0,395.4795310864301
2214,395.0,395.1177208391205
2215,395.0,395.10258438935836
2216,395.0,394.8462341140403
2217,395.0,394.8462341140403
2218,395.0,394.8462341140403
2219,395.0,394.8462341140403
2220,395.0,394.8462341140403
2221,395.0,394.8462341140403
2222,395.0,394.8462341140403
2223,395.0,394.8462341140403
2224,395.0,394.8462341140403
2225,395.0,394.8462341140403
2226,395.0,394.8462341140403
2227,395.0,394.8462341140403
2228,395.0,394.8462341140403
2229,395.0,394.8462341140403
2230,395.0,394.8462341140403
2231,395.0,394.8462341140403
2232,395.0,394.8462341140403
2233,395.0,394.8462341140403
2234,395.0,394.8462341140403
2235,395.0,394.8462341140403
2236,395.0,394.8462341140403
2237,395.0,394.8462341140403
2238,395.0,394.8462341140403
2239,395.0,394.8462341140403
2240,395.0,394.8462341140403
2241,395.0,394.8462341140403
2242,395.0,394.8462341140403
2243,395.0,394.8462341140403
2244,395.0,394.8462341140403
2245,395.0,394.8462341140403
2246,395.0,394.8462341140403
2247,395.0,394.8462341140403
2248,395.0,394.8462341140403
2249,395.0,394.8462341140403
2250,395.0,394.8462341140403
2251,395.0,394.8462341140403
2252,395.0,394.8462341140403
2253,395.0,394.8462341140403
2254,395.0,394.8462341140403
2255,400.0,394.8462341140403
2256,400.0,396.55844060769607
2257,400.0,398.4487427287172
2258,400.0,399.8182473265999
2259,400.0,400.52736083291074
2260,400.0,400.70676364189546
2261,420.0,400.5614692508944
2262,420.0,407.20174415480597
2263,420.0,414.550953168514
2264,450.0,419.8122458832516
2265,450.0,433.15009963249787
2266,450.0,445.59058185516983
2267,450.0,453.3054754514364
2268,450.0,456.194764372918
2269,450.0,455.6931276564371
2270,450.0,453.446048881533
2271,450.0,450.7106129286212
2272,450.0,448.7179037236601
2273,450.0,447.0733863674527
2274,450.0,445.9005097912416
2275,450.0,445.9005097912416
2276,450.0,445.9005097912416
2277,450.0,445.9005097912416
2278,450.0,445.9005097912416
2279,450.0,445.9005097912416
2280,450.0,445.9005097912416
2281,450.0,445.9005097912416
2282,450.0,445.9005097912416
2283,450.0,445.9005097912416
2284,450.0,445.9005097912416
2285,450.0,445.9005097912416
2286,450.0,445.9005097912416
2287,450.0,445.9005097912416
2288,450.0,445.9005097912416
2289,450.0,445.9005097912416
2290,450.0,445.9005097912416
2291,450.0,445.9005097912416
2292,450.0,445.9005097912416
2293,450.0,445.9005097912416
2294,450.0,445.9005097912416
2295,450.0,445.9005097912416
2296,450.0,445.9005097912416
2297,450.0,445.9005097912416
2298,450.0,445.9005097912416
2299,450.0,445.9005097912416
2300,450.0,445.9005097912416
2301,450.0,445.9005097912416
2302,450.0,445.9005097912416
2303,450.0,445.9005097912416
2304,450.0,445.9005097912416
2305,450.0,445.9005097912416
2306,450.0,445.9005097912416
2307,450.0,445.9005097912416
2308,450.0,445.9005097912416
2309,450.0,445.9005097912416
2310,450.0,445.9005097912416
2311,450.0,445.9005097912416
2312,450.0,445.9005097912416
2313,450.0,445.9005097912416
2314,450.0,445.9005097912416
2315,450.0,445.9005097912416
2316,450.0,445.9005097912416
2317,450.0,445.9005097912416
2318,450.0,445.9005097912416
2319,450.0,445.9005097912416
2320,450.0,445.9005097912416
2321,450.0,445.9005097912416
2322,450.0,445.9005097912416
2323,450.0,445.9005097912416
2324,450.0,445.9005097912416
2325,450.0,445.9005097912416
2326,450.0,445.9005097912416
2327,450.0,445.9005097912416
2328,450.0,445.9005097912416
2329,450.0,445.9005097912416
2330,450.0,445.9005097912416
2331,450.0,445.9005097912416
2332,450.0,445.9005097912416
2333,450.0,445.9005097912416
2334,450.0,445.9005097912416
2335,450.0,445.9005097912416
2336,450.0,445.9005097912416
2337,450.0,445.9005097912416
2338,450.0,445.9005097912416
2339,450.0,445.9005097912416
2340,450.0,445.9005097912416
2341,450.0,445.9005097912416
2342,450.0,445.9005097912416
2343,450.0,445.9005097912416
2344,450.0,445.9005097912416
2345,450.0,445.9005097912416
2346,450.0,445.9005097912416
2347,450.0,445.9005097912416
2348,450.0,445.9005097912416
2349,450.0,445.9005097912416
2350,450.0,445.9005097912416
2351,450.0,445.9005097912416
2352,450.0,445.9005097912416
2353,450.0,445.9005097912416
2354,450.0,445.9005097912416
2355,450.0,445.9005097912416
2356,450.0,445.9005097912416
2357,450.0,445.9005097912416
2358,450.0,445.9005097912416
2359,450.0,445.9005097912416
2360,450.0,445.9005097912416
2361,450.0,445.9005097912416
2362,450.0,445.9005097912416
2363,450.0,445.9005097912416
2364,450.0,445.9005097912416
2365,450.0,445.9005097912416
2366,450.0,445.9005097912416
2367,450.0,445.9005097912416
2368,450.0,445.9005097912416
2369,450.0,445.9005097912416
2370,450.0,445.9005097912416
2371,450.0,445.9005097912416
2372,450.0,445.9005097912416
2373,450.0,445.9005097912416
2374,450.0,445.9005097912416
2375,450.0,445.9005097912416
2376,450.0,445.9005097912416
2377,450.0,445.9005097912416
2378,450.0,445.9005097912416
2379,450.0,445.9005097912416
2380,450.0,445.9005097912416
2381,450.0,445.9005097912416
2382,450.0,445.9005097912416
2383,450.0,445.9005097912416
2384,450.0,445.9005097912416
2385,450.0,445.9005097912416
2386,450.0,445.9005097912416
2387,450.0,445.9005097912416
2388,450.0,445.9005097912416
2389,450.0,445.9005097912416
2390,450.0,445.9005097912416
2391,450.0,445.9005097912416
2392,450.0,445.9005097912416
2393,450.0,445.9005097912416
2394,450.0,445.9005097912416
2395,450.0,445.9005097912416
2396,450.0,445.9005097912416
2397,450.0,445.9005097912416
2398,450.0,445.9005097912416
2399,450.0,445.9005097912416
2400,450.0,445.9005097912416
2401,450.0,445.9005097912416
2402,450.0,445.9005097912416
2403,450.0,445.9005097912416
2404,450.0,445.9005097912416
2405,450.0,445.9005097912416
2406,450.0,445.9005097912416
2407,450.0,445.9005097912416
2408,450.0,445.9005097912416
2409,450.0,445.9005097912416
2410,450.0,445.9005097912416
2411,450.0,445.9005097912416
2412,450.0,445.9005097912416
2413,450.0,445.9005097912416
2414,450.0,445.9005097912416
2415,450.0,445.9005097912416
2416,450.0,445.9005097912416
2417,450.0,445.9005097912416
2418,450.0,445.9005097912416
2419,450.0,445.9005097912416
2420,450.0,445.9005097912416
2421,450.0,445.9005097912416
2422,450.0,445.9005097912416
2423,450.0,445.9005097912416
2424,450.0,445.9005097912416
2425,450.0,445.9005097912416
2426,450.0,445.9005097912416
2427,450.0,445.9005097912416
2428,450.0,445.9005097912416
2429,450.0,445.9005097912416
2430,450.0,445.9005097912416
2431,450.0,445.9005097912416
2432,450.0,445.9005097912416
2433,450.0,445.9005097912416
2434,450.0,445.9005097912416
2435,450.0,445.9005097912416
2436,450.0,445.9005097912416
2437,450.0,445.9005097912416
2438,450.0,445.9005097912416
2439,450.0,445.9005097912416
2440,450.0,445.9005097912416
2441,450.0,445.9005097912416
2442,450.0,445.9005097912416
2443,450.0,445.9005097912416
2444,450.0,445.9005097912416
2445,450.0,445.9005097912416
2446,450.0,445.9005097912416
2447,450.0,445.9005097912416
2448,450.0,445.9005097912416
2449,450.0,445.9005097912416
2450,450.0,445.9005097912416
2451,450.0,445.9005097912416
2452,450.0,445.9005097912416
2453,450.0,445.9005097912416
2454,450.0,445.9005097912416
2455,450.0,445.9005097912416
2456,450.0,445.9005097912416
2457,450.0,445.9005097912416
2458,450.0,445.9005097912416
2459,450.0,445.9005097912416
2460,450.0,445.9005097912416
2461,450.0,445.9005097912416
2462,450.0,445.9005097912416
2463,450.0,445.9005097912416
2464,450.0,445.9005097912416
2465,450.0,445.9005097912416
2466,450.0,445.9005097912416
2467,450.0,445.9005097912416
2468,450.0,445.9005097912416
2469,450.0,445.9005097912416
2470,450.0,445.9005097912416
2471,450.0,445.9005097912416
2472,450.0,445.9005097912416
2473,450.0,445.9005097912416
2474,450.0,445.9005097912416
2475,450.0,445.9005097912416
2476,450.0,445.9005097912416
2477,450.0,445.9005097912416
2478,450.0,445.9005097912416
2479,450.0,445.9005097912416
2480,450.0,445.9005097912416
2481,450.0,445.9005097912416
2482,450.0,445.9005097912416
2483,450.0,445.9005097912416
2484,450.0,445.9005097912416
2485,450.0,445.9005097912416
2486,450.0,445.9005097912416
2487,450.0,445.9005097912416
2488,450.0,445.9005097912416
2489,450.0,445.9005097912416
2490,450.0,445.9005097912416
2491,450.0,445.9005097912416
2492,450.0,445.9005097912416
2493,450.0,445.9005097912416
2494,450.0,445.9005097912416
2495,450.0,445.9005097912416
2496,450.0,445.9005097912416
2497,450.0,445.9005097912416
2498,450.0,445.9005097912416
2499,450.0,445.9005097912416
2500,450.0,445.9005097912416
2501,450.0,445.9005097912416
2502,450.0,445.9005097912416
2503,450.0,445.9005097912416
2504,450.0,445.9005097912416
2505,450.0,445.9005097912416
2506,450.0,445.9005097912416
2507,450.0,445.9005097912416
2508,450.0,445.9005097912416
2509,450.0,445.9005097912416
2510,450.0,445.9005097912416
2511,450.0,445.9005097912416
2512,450.0,445.9005097912416
2513,450.0,445.9005097912416
2514,450.0,445.9005097912416
2515,450.0,445.9005097912416
2516,450.0,445.9005097912416
2517,450.0,445.9005097912416
2518,450.0,445.9005097912416
2519,450.0,445.9005097912416
2520,450.0,445.9005097912416
2521,450.0,445.9005097912416
2522,450.0,445.9005097912416
2523,450.0,445.9005097912416
2524,450.0,445.9005097912416
2525,450.0,445.9005097912416
2526,450.0,445.9005097912416
2527,450.0,445.9005097912416
2528,450.0,445.9005097912416
2529,450.0,445.9005097912416
2530,450.0,445.9005097912416
2531,450.0,445.9005097912416
2532,450.0,445.9005097912416
2533,450.0,445.9005097912416
2534,450.0,445.9005097912416
2535,450.0,445.9005097912416
2536,450.0,445.9005097912416
2537,450.0,445.9005097912416
2538,450.0,445.9005097912416
2539,450.0,445.9005097912416
2540,450.0,445.9005097912416
2541,450.0,445.9005097912416
2542,450.0,445.9005097912416
2543,450.0,445.9005097912416
2544,450.0,445.9005097912416
2545,450.0,445.9005097912416
2546,450.0,445.9005097912416
2547,450.0,445.9005097912416
2548,450.0,445.9005097912416
2549,450.0,445.9005097912416
2550,450.0,445.9005097912416
2551,450.0,445.9005097912416
2552,450.0,445.9005097912416
2553,450.0,445.9005097912416
2554,450.0,445.9005097912416
2555,450.0,445.9005097912416
2556,450.0,445.9005097912416
2557,450.0,445.9005097912416
2558,450.0,445.9005097912416
2559,450.0,445.9005097912416
2560,450.0,445.9005097912416
2561,450.0,445.9005097912416
2562,450.0,445.9005097912416
2563,450.0,445.9005097912416
2564,450.0,445.9005097912416
2565,450.0,445.9005097912416
2566,450.0,445.9005097912416
2567,450.0,445.9005097912416
2568,450.0,445.9005097912416
2569,450.0,445.9005097912416
2570,450.0,445.9005097912416
2571,450.0,445.9005097912416
2572,450.0,445.9005097912416
2573,450.0,445.9005097912416
2574,450.0,445.9005097912416
2575,450.0,445.9005097912416
2576,450.0,445.9005097912416
2577,450.0,445.9005097912416
2578,450.0,445.9005097912416
2579,450.0,445.9005097912416
2580,500.0,454.1289663003361
2581,575.0,473.0804119801985
2582,575.0,521.5507399961957
2583,575.0,564.4787774098062
2584,575.0,589.5373944990173
2585,575.0,597.3157755775273
2586,575.0,593.8899442037396
2587,575.0,585.5022108665473
2588,575.0,576.4162788846554
2589,575.0,568.8088259657553
2590,575.0,563.9357536027294
2591,575.0,561.3325947779514
2592,575.0,561.5270480102996
2593,575.0,561.5270480102996
2594,575.0,561.5270480102996
2595,575.0,561.5270480102996
2596,575.0,561.5270480102996
2597,575.0,561.5270480102996
2598,575.0,561.5270480102996
2599,575.0,561.5270480102996
2600,575.0,561.5270480102996
2601,575.0,561.5270480102996
2602,575.0,561.5270480102996
2603,575.0,561.5270480102996
2604,575.0,561.5270480102996
2605,575.0,561.5270480102996
2606,575.0,561.5270480102996
2607,575.0,561.5270480102996
2608,575.0,561.5270480102996
2609,575.0,561.5270480102996
2610,575.0,561.5270480102996
2611,575.0,561.5270480102996
2612,575.0,561.5270480102996
2613,575.0,561.5270480102996
2614,575.0,561.5270480102996
2615,575.0,561.5270480102996
2616,575.0,561.5270480102996
2617,575.0,561.5270480102996
2618,575.0,561.5270480102996
2619,575.0,561.5270480102996
2620,575.0,561.5270480102996
2621,575.0,561.5270480102996
2622,575.0,561.5270480102996
2623,575.0,561.5270480102996
2624,575.0,561.5270480102996
2625,575.0,561.5270480102996
2626,575.0,561.5270480102996
2627,575.0,561.5270480102996
2628,575.0,561.5270480102996
2629,575.0,561.5270480102996
2630,575.0,561.5270480102996
2631,575.0,561.5270480102996
2632,575.0,561.5270480102996
2633,575.0,561.5270480102996
2634,575.0,561.5270480102996
2635,575.0,561.5270480102996
2636,575.0,561.5270480102996
2637,575.0,561.5270480102996
2638,575.0,561.5270480102996
2639,575.0,561.5270480102996
2640,575.0,561.5270480102996
2641,575.0,561.5270480102996
2642,575.0,561.5270480102996
2643,575.0,561.5270480102996
2644,575.0,561.5270480102996
2645,575.0,561.5270480102996
2646,575.0,561.5270480102996
2647,575.0,561.5270480102996
2648,575.0,561.5270480102996
2649,575.0,561.5270480102996
2650,575.0,561.5270480102996
2651,575.0,561.5270480102996
2652,575.0,561.5270480102996
2653,575.0,561.5270480102996
2654,575.0,561.5270480102996
2655,575.0,561.5270480102996
2656,575.0,561.5270480102996
2657,575.0,561.5270480102996
2658,575.0,561.5270480102996
2659,575.0,561.5270480102996
2660,575.0,561.5270480102996
2661,575.0,561.5270480102996
2662,575.0,561.5270480102996
2663,575.0,561.5270480102996
2664,575.0,561.5270480102996
2665,575.0,561.5270480102996
2666,575.0,561.5270480102996
2667,432.0,561.5270480102996
2668,432.0,524.213890693943
2669,432.0,466.8590709505407
2670,432.0,422.13633297242956
2671,432.0,397.4062454543563
2672,432.0,389.58044074990715
2673,432.0,392.7518857681131
2674,432.0,401.3469721010494
2675,432.0,411.26419186105045
2676,432.0,420.0702359056571
2677,432.0,426.72586075167396
2678,432.0,429.2109950292889
2679,432.0,429.2109950292889
2680,432.0,429.2109950292889
2681,432.0,429.2109950292889
2682,432.0,429.2109950292889
2683,432.0,429.2109950292889
2684,432.0,429.2109950292889
2685,432.0,429.2109950292889
2686,432.0,429.2109950292889
2687,432.0,429.2109950292889
2688,432.0,429.2109950292889
2689,432.0,429.2109950292889
2690,432.0,429.2109950292889
2691,432.0,429.2109950292889
2692,432.0,429.2109950292889
2693,432.0,429.2109950292889
2694,432.0,429.2109950292889
2695,432.0,429.2109950292889
2696,432.0,429.2109950292889
2697,432.0,429.2109950292889
2698,432.0,429.2109950292889
2699,432.0,429.2109950292889
2700,432.0,429.2109950292889
2701,432.0,429.2109950292889
2702,432.0,429.2109950292889
2703,432.0,429.2109950292889
2704,432.0,429.2109950292889
2705,432.0,429.2109950292889
2706,432.0,429.2109950292889
2707,432.0,429.2109950292889
2708,432.0,429.2109950292889
2709,432.0,429.2109950292889
2710,432.0,429.2109950292889
2711,432.0,429.2109950292889
2712,432.0,429.2109950292889
2713,432.0,429.2109950292889
2714,432.0,429.2109950292889
2715,432.0,429.2109950292889
2716,432.0,429.2109950292889
2717,432.0,429.2109950292889
2718,432.0,429.2109950292889
2719,432.0,429.2109950292889
2720,432.0,429.2109950292889
2721,432.0,429.2109950292889
2722,432.0,429.2109950292889
2723,432.0,429.2109950292889
2724,432.0,429.2109950292889
2725,432.0,429.2109950292889
2726,432.0,429.2109950292889
2727,432.0,429.2109950292889
2728,432.0,429.2109950292889
2729,432.0,429.2109950292889
2730,432.0,429.2109950292889
2731,432.0,429.2109950292889
2732,432.0,429.2109950292889
2733,432.0,429.2109950292889
2734,432.0,429.2109950292889
2735,432.0,429.2109950292889
2736,432.0,429.2109950292889
2737,432.0,429.2109950292889
2738,432.0,429.2109950292889
2739,432.0,429.2109950292889
2740,432.0,429.2109950292889
2741,432.0,429.2109950292889
2742,432.0,429.2109950292889
2743,432.0,429.2109950292889
2744,432.0,429.2109950292889
2745,432.0,429.2109950292889
2746,432.0,429.2109950292889
2747,432.0,429.2109950292889
2748,432.0,429.2109950292889
2749,432.0,429.2109950292889
2750,432.0,429.2109950292889
2751,432.0,429.2109950292889
2752,432.0,429.2109950292889
2753,432.0,429.2109950292889
2754,432.0,429.2109950292889
2755,432.0,429.2109950292889
2756,432.0,429.2109950292889
2757,432.0,429.2109950292889
2758,432.0,429.2109950292889
2759,432.0,429.2109950292889
2760,432.0,429.2109950292889
2761,432.0,429.2109950292889
2762,432.0,429.2109950292889
2763,432.0,429.2109950292889
2764,432.0,429.2109950292889
2765,432.0,429.2109950292889
2766,432.0,429.2109950292889
2767,432.0,429.2109950292889
2768,432.0,429.2109950292889
2769,432.0,429.2109950292889
2770,432.0,429.2109950292889
2771,432.0,429.2109950292889
2772,432.0,429.2109950292889
2773,432.0,429.2109950292889
2774,432.0,429.2109950292889
2775,432.0,429.2109950292889
2776,432.0,429.2109950292889
2777,432.0,429.2109950292889
2778,432.0,429.2109950292889
2779,432.0,429.2109950292889
2780,432.0,429.2109950292889
2781,432.0,429.2109950292889
2782,432.0,429.2109950292889
2783,432.0,429.2109950292889
2784,432.0,429.2109950292889
2785,432.0,429.2109950292889
2786,432.0,429.2109950292889
2787,432.0,429.2109950292889
2788,432.0,429.2109950292889
2789,432.0,429.2109950292889
2790,432.0,429.2109950292889
2791,432.0,429.2109950292889
2792,432.0,429.2109950292889
2793,432.0,429.2109950292889
2794,432.0,429.2109950292889
2795,432.0,429.2109950292889
2796,432.0,429.2109950292889
2797,432.0,429.2109950292889
2798,432.0,429.2109950292889
2799,432.0,429.2109950292889
2800,432.0,429.2109950292889
2801,432.0,429.2109950292889
2802,432.0,429.2109950292889
2803,432.0,429.2109950292889
2804,432.0,429.2109950292889
2805,430.0,429.2109950292889
2806,430.0,428.4963482945223
2807,430.0,427.7203038895394
2808,430.0,427.1702049357205
2809,430.0,426.8965995482966
2810,430.0,426.83961492742344
2811,430.0,426.91162689140674
2812,430.0,427.03767287569787
2813,430.0,427.1680857488256
2814,430.0,427.1899018337164
2815,430.0,427.25590611267313
2816,430.0,427.28052907109725
2817,430.0,427.3141764085659
2818,430.0,427.342222588197
2819,430.0,427.36007254137684
2820,430.0,427.3685288314592
2821,430.0,427.37038679185065
2822,430.0,427.3685351260737
2823,430.0,427.3651821947291
2824,430.0,427.35551156859185
2825,430.0,427.35551156859185
2826,430.0,427.35551156859185
2827,430.0,427.35551156859185
2828,430.0,427.35551156859185
2829,430.0,427.35551156859185
2830,430.0,427.35551156859185
2831,430.0,427.35551156859185
2832,430.0,427.35551156859185
2833,430.0,427.35551156859185
2834,430.0,427.35551156859185
2835,430.0,427.35551156859185
2836,430.0,427.35551156859185
2837,430.0,427.35551156859185
2838,430.0,427.35551156859185
2839,430.0,427.35551156859185
2840,430.0,427.35551156859185
2841,430.0,427.35551156859185
2842,430.0,427.35551156859185
2843,430.0,427.35551156859185
2844,430.0,427.35551156859185
2845,430.0,427.35551156859185
2846,430.0,427.35551156859185
2847,430.0,427.35551156859185
2848,430.0,427.35551156859185
2849,430.0,427.35551156859185
2850,430.0,427.35551156859185
2851,430.0,427.35551156859185
2852,430.0,427.35551156859185
2853,430.0,427.35551156859185
2854,430.0,427.35551156859185
2855,430.0,427.35551156859185
2856,430.0,427.35551156859185
2857,430.0,427.35551156859185
2858,430.0,427.35551156859185
2859,430.0,427.35551156859185
2860,430.0,427.35551156859185
2861,430.0,427.35551156859185
2862,430.0,427.35551156859185
2863,430.0,427.35551156859185
2864,430.0,427.35551156859185
2865,430.0,427.35551156859185
2866,430.0,427.35551156859185
2867,430.0,427.35551156859185
2868,430.0,427.35551156859185
2869,430.0,427.35551156859185
2870,430.0,427.35551156859185
2871,430.0,427.35551156859185
2872,430.0,427.35551156859185
2873,430.0,427.35551156859185
2874,430.0,427.35551156859185
2875,430.0,427.35551156859185
2876,430.0,427.35551156859185
2877,430.0,427.35551156859185
2878,430.0,427.35551156859185
2879,430.0,427.35551156859185
2880,430.0,427.35551156859185
2881,430.0,427.35551156859185
2882,430.0,427.35551156859185
2883,430.0,427.35551156859185
2884,430.0,427.35551156859185
2885,430.0,427.35551156859185
2886,430.0,427.35551156859185
2887,430.0,427.35551156859185
2888,430.0,427.35551156859185
2889,430.0,427.35551156859185
2890,430.0,427.35551156859185
2891,430.0,427.35551156859185
2892,430.0,427.35551156859185
2893,430.0,427.35551156859185
2894,430.0,427.35551156859185
2895,430.0,427.35551156859185
2896,430.0,427.35551156859185
2897,430.0,427.35551156859185
2898,430.0,427.35551156859185
2899,430.0,427.35551156859185
2900,430.0,427.35551156859185
2901,430.0,427.35551156859185
2902,430.0,427.35551156859185
2903,430.0,427.35551156859185
2904,430.0,427.35551156859185
2905,430.0,427.35551156859185
2906,430.0,427.35551156859185
2907,430.0,427.35551156859185
2908,430.0,427.35551156859185
2909,430.0,427.35551156859185
2910,430.0,427.35551156859185
2911,430.0,427.35551156859185
2912,430.0,427.35551156859185
2913,430.0,427.35551156859185
2914,430.0,427.35551156859185
2915,430.0,427.35551156859185
2916,430.0,427.35551156859185
2917,430.0,427.35551156859185
2918,430.0,427.35551156859185
2919,430.0,427.35551156859185
2920,430.0,427.35551156859185
2921,430.0,427.35551156859185
2922,430.0,427.35551156859185
2923,430.0,427.35551156859185
2924,430.0,427.35551156859185
2925,430.0,427.35551156859185
2926,430.0,427.35551156859185
2927,430.0,427.35551156859185
2928,430.0,427.35551156859185
2929,430.0,427.35551156859185
2930,430.0,427.35551156859185
2931,430.0,427.35551156859185
2932,430.0,427.35551156859185
2933,430.0,427.35551156859185
2934,430.0,427.35551156859185
2935,430.0,427.35551156859185
2936,430.0,427.35551156859185
2937,430.0,427.35551156859185
2938,430.0,427.35551156859185
2939,430.0,427.35551156859185
2940,430.0,427.35551156859185
2941,430.0,427.35551156859185
2942,430.0,427.35551156859185
2943,430.0,427.35551156859185
2944,430.0,427.35551156859185
2945,430.0,427.35551156859185
2946,430.0,427.35551156859185
2947,430.0,427.35551156859185
2948,430.0,427.35551156859185
2949,430.0,427.35551156859185
2950,430.0,427.35551156859185
2951,430.0,427.35551156859185
2952,430.0,427.35551156859185
2953,430.0,427.35551156859185
2954,430.0,427.35551156859185
2955,430.0,427.35551156859185
2956,430.0,427.35551156859185
2957,430.0,427.35551156859185
2958,430.0,427.35551156859185
2959,430.0,427.35551156859185
2960,430.0,427.35551156859185
2961,430.0,427.35551156859185
2962,430.0,427.35551156859185
2963,430.0,427.35551156859185
2964,430.0,427.35551156859185
2965,430.0,427.35551156859185
2966,430.0,427.35551156859185
2967,430.0,427.35551156859185
2968,430.0,427.35551156859185
2969,430.0,427.35551156859185
2970,430.0,427.35551156859185
2971,430.0,427.35551156859185
2972,430.0,427.35551156859185
2973,430.0,427.35551156859185
2974,430.0,427.35551156859185
2975,430.0,427.35551156859185
2976,430.0,427.35551156859185
2977,430.0,427.35551156859185
2978,430.0,427.35551156859185
2979,430.0,427.35551156859185
2980,430.0,427.35551156859185
2981,430.0,427.35551156859185
2982,430.0,427.35551156859185
2983,430.0,427.35551156859185
2984,430.0,427.35551156859185
2985,430.0,427.35551156859185
2986,430.0,427.35551156859185
2987,430.0,427.35551156859185
2988,430.0,427.35551156859185
2989,430.0,427.35551156859185
2990,430.0,427.35551156859185
2991,430.0,427.35551156859185
2992,430.0,427.35551156859185
2993,430.0,427.35551156859185
2994,430.0,427.35551156859185
2995,430.0,427.35551156859185
2996,430.0,427.35551156859185
2997,430.0,427.35551156859185
2998,430.0,427.35551156859185
2999,430.0,427.35551156859185
3000,430.0,427.35551156859185
3001,430.0,427.35551156859185
3002,430.0,427.35551156859185
3003,430.0,427.35551156859185
3004,430.0,427.35551156859185
3005,430.0,427.35551156859185
3006,430.0,427.35551156859185
3007,430.0,427.35551156859185
3008,430.0,427.35551156859185
3009,430.0,427.35551156859185
3010,430.0,427.35551156859185
3011,430.0,427.35551156859185
3012,430.0,427.35551156859185
3013,430.0,427.35551156859185
3014,430.0,427.35551156859185
3015,430.0,427.35551156859185
3016,430.0,427.35551156859185
3017,430.0,427.35551156859185
3018,430.0,427.35551156859185
3019,430.0,427.35551156859185
3020,430.0,427.35551156859185
3021,430.0,427.35551156859185
3022,430.0,427.35551156859185
3023,430.0,427.35551156859185
3024,430.0,427.35551156859185
3025,430.0,427.35551156859185
3026,430.0,427.35551156859185
3027,430.0,427.35551156859185
3028,430.0,427.35551156859185
3029,430.0,427.35551156859185
3030,430.0,427.35551156859185
3031,430.0,427.35551156859185
3032,430.0,427.35551156859185
3033,430.0,427.35551156859185
3034,430.0,427.35551156859185
3035,430.0,427.35551156859185
3036,430.0,427.35551156859185
3037,430.0,427.35551156859185
3038,430.0,427.35551156859185
3039,430.0,427.35551156859185
3040,430.0,427.35551156859185
3041,430.0,427.35551156859185
3042,430.0,427.35551156859185
3043,430.0,427.35551156859185
3044,430.0,427.35551156859185
3045,430.0,427.35551156859185
3046,430.0,427.35551156859185
3047,430.0,427.35551156859185
3048,430.0,427.35551156859185
3049,430.0,427.35551156859185
3050,430.0,427.35551156859185
3051,430.0,427.35551156859185
3052,430.0,427.35551156859185
3053,430.0,427.35551156859185
3054,430.0,427.35551156859185
3055,430.0,427.35551156859185
3056,430.0,427.35551156859185
3057,430.0,427.35551156859185
3058,430.0,427.35551156859185
3059,430.0,427.35551156859185
3060,430.0,427.35551156859185
3061,430.0,427.35551156859185
3062,430.0,427.35551156859185
3063,430.0,427.35551156859185
3064,430.0,427.35551156859185
3065,430.0,427.35551156859185
3066,430.0,427.35551156859185
3067,430.0,427.35551156859185
3068,430.0,427.35551156859185
3069,430.0,427.35551156859185
3070,430.0,427.35551156859185
3071,430.0,427.35551156859185
3072,430.0,427.35551156859185
3073,430.0,427.35551156859185
3074,430.0,427.35551156859185
3075,430.0,427.35551156859185
3076,430.0,427.35551156859185
3077,430.0,427.35551156859185
3078,430.0,427.35551156859185
3079,430.0,427.35551156859185
3080,430.0,427.35551156859185
3081,430.0,427.35551156859185
3082,430.0,427.35551156859185
3083,430.0,427.35551156859185
3084,430.0,427.35551156859185
3085,430.0,427.35551156859185
3086,430.0,427.35551156859185
3087,430.0,427.35551156859185
3088,430.0,427.35551156859185
3089,430.0,427.35551156859185
3090,430.0,427.35551156859185
3091,430.0,427.35551156859185
3092,430.0,427.35551156859185
3093,430.0,427.35551156859185
3094,430.0,427.35551156859185
3095,430.0,427.35551156859185
3096,430.0,427.35551156859185
3097,430.0,427.35551156859185
3098,430.0,427.35551156859185
3099,430.0,427.35551156859185
3100,430.0,427.35551156859185
3101,430.0,427.35551156859185
3102,430.0,427.35551156859185
3103,430.0,427.35551156859185
3104,430.0,427.35551156859185
3105,430.0,427.35551156859185
3106,430.0,427.35551156859185
3107,430.0,427.35551156859185
3108,430.0,427.35551156859185
3109,430.0,427.35551156859185
3110,430.0,427.35551156859185
3111,430.0,427.35551156859185
3112,430.0,427.35551156859185
3113,430.0,427.35551156859185
3114,430.0,427.35551156859185
3115,430.0,427.35551156859185
3116,430.0,427.35551156859185
3117,430.0,427.35551156859185
3118,430.0,427.35551156859185
3119,430.0,427.35551156859185
3120,430.0,427.35551156859185
3121,430.0,427.35551156859185
3122,430.0,427.35551156859185
3123,430.0,427.35551156859185
3124,430.0,427.35551156859185
3125,430.0,427.35551156859185
3126,430.0,427.35551156859185
3127,430.0,427.35551156859185
3128,430.0,427.35551156859185
3129,430.0,427.35551156859185
3130,430.0,427.35551156859185
3131,430.0,427.35551156859185
3132,430.0,427.35551156859185
3133,430.0,427.35551156859185
3134,430.0,427.35551156859185
3135,430.0,427.35551156859185
3136,430.0,427.35551156859185
3137,430.0,427.35551156859185
3138,430.0,427.35551156859185
3139,430.0,427.35551156859185
3140,430.0,427.35551156859185
3141,430.0,427.35551156859185
3142,430.0,427.35551156859185
3143,430.0,427.35551156859185
3144,430.0,427.35551156859185
3145,430.0,427.35551156859185
3146,430.0,427.35551156859185
3147,430.0,427.35551156859185
3148,430.0,427.35551156859185
3149,430.0,427.35551156859185
3150,430.0,427.35551156859185
3151,430.0,427.35551156859185
3152,430.0,427.35551156859185
3153,430.0,427.35551156859185
3154,430.0,427.35551156859185
3155,430.0,427.35551156859185
3156,430.0,427.35551156859185
3157,430.0,427.35551156859185
3158,430.0,427.35551156859185
3159,430.0,427.35551156859185
3160,430.0,427.35551156859185
3161,430.0,427.35551156859185
3162,430.0,427.35551156859185
3163,430.0,427.35551156859185
3164,430.0,427.35551156859185
3165,430.0,427.35551156859185
3166,430.0,427.35551156859185
3167,430.0,427.35551156859185
3168,430.0,427.35551156859185
3169,430.0,427.35551156859185
3170,430.0,427.35551156859185
3171,430.0,427.35551156859185
3172,430.0,427.35551156859185
3173,430.0,427.35551156859185
3174,430.0,427.35551156859185
3175,430.0,427.35551156859185
3176,430.0,427.35551156859185
3177,430.0,427.35551156859185
3178,430.0,427.35551156859185
3179,430.0,427.35551156859185
3180,430.0,427.35551156859185
3181,430.0,427.35551156859185
3182,430.0,427.35551156859185
3183,430.0,427.35551156859185
3184,430.0,427.35551156859185
3185,430.0,427.35551156859185
3186,430.0,427.35551156859185
3187,430.0,427.35551156859185
3188,430.0,427.35551156859185
3189,430.0,427.35551156859185
3190,430.0,427.35551156859185
3191,430.0,427.35551156859185
3192,430.0,427.35551156859185
3193,430.0,427.35551156859185
3194,430.0,427.35551156859185
3195,430.0,427.35551156859185
3196,430.0,427.35551156859185
3197,430.0,427.35551156859185
3198,430.0,427.35551156859185
3199,430.0,427.35551156859185
3200,430.0,427.35551156859185
3201,430.0,427.35551156859185
3202,430.0,427.35551156859185
3203,430.0,427.35551156859185
3204,430.0,427.35551156859185
3205,430.0,427.35551156859185
3206,430.0,427.35551156859185
3207,430.0,427.35551156859185
3208,430.0,427.35551156859185
3209,430.0,427.35551156859185
3210,430.0,427.35551156859185
3211,430.0,427.35551156859185
3212,430.0,427.35551156859185
3213,430.0,427.35551156859185
3214,430.0,427.35551156859185
3215,430.0,427.35551156859185
3216,430.0,427.35551156859185
3217,430.0,427.35551156859185
3218,430.0,427.35551156859185
3219,430.0,427.35551156859185
3220,430.0,427.35551156859185
3221,430.0,427.35551156859185
3222,430.0,427.35551156859185
3223,430.0,427.35551156859185
3224,430.0,427.35551156859185
3225,430.0,427.35551156859185
3226,430.0,427.35551156859185
3227,430.0,427.35551156859185
3228,430.0,427.35551156859185
3229,430.0,427.35551156859185
3230,430.0,427.35551156859185
3231,430.0,427.35551156859185
3232,430.0,427.35551156859185
3233,430.0,427.35551156859185
3234,430.0,427.35551156859185
3235,430.0,427.35551156859185
3236,430.0,427.35551156859185
3237,430.0,427.35551156859185
3238,430.0,427.35551156859185
3239,430.0,427.35551156859185
3240,430.0,427.35551156859185
3241,430.0,427.35551156859185
3242,430.0,427.35551156859185
3243,430.0,427.35551156859185
3244,430.0,427.35551156859185
3245,430.0,427.35551156859185
3246,430.0,427.35551156859185
3247,430.0,427.35551156859185
3248,430.0,427.35551156859185
3249,430.0,427.35551156859185
3250,430.0,427.35551156859185
3251,430.0,427.35551156859185
3252,430.0,427.35551156859185
3253,430.0,427.35551156859185
3254,430.0,427.35551156859185
3255,430.0,427.35551156859185
3256,430.0,427.35551156859185
3257,430.0,427.35551156859185
3258,430.0,427.35551156859185
3259,430.0,427.35551156859185
3260,430.0,427.35551156859185
3261,430.0,427.35551156859185
3262,430.0,427.35551156859185
3263,430.0,427.35551156859185
3264,430.0,427.35551156859185
3265,430.0,427.35551156859185
3266,430.0,427.35551156859185
3267,430.0,427.35551156859185
3268,430.0,427.35551156859185
3269,430.0,427.35551156859185
3270,430.0,427.35551156859185
3271,430.0,427.35551156859185
3272,430.0,427.35551156859185
3273,430.0,427.35551156859185
3274,430.0,427.35551156859185
3275,430.0,427.35551156859185
3276,430.0,427.35551156859185
3277,430.0,427.35551156859185
3278,430.0,427.35551156859185
3279,430.0,427.35551156859185
3280,430.0,427.35551156859185
3281,430.0,427.35551156859185
3282,430.0,427.35551156859185
3283,430.0,427.35551156859185
3284,430.0,427.35551156859185
3285,430.0,427.35551156859185
3286,430.0,427.35551156859185
3287,430.0,427.35551156859185
3288,430.0,427.35551156859185
3289,430.0,427.35551156859185
3290,430.0,427.35551156859185
3291,430.0,427.35551156859185
3292,430.0,427.35551156859185
3293,430.0,427.35551156859185
3294,430.0,427.35551156859185
3295,430.0,427.35551156859185
3296,430.0,427.35551156859185
3297,430.0,427.35551156859185
3298,430.0,427.35551156859185
3299,430.0,427.35551156859185
3300,430.0,427.35551156859185
3301,430.0,427.35551156859185
3302,430.0,427.35551156859185
3303,430.0,427.35551156859185
3304,430.0,427.35551156859185
3305,430.0,427.35551156859185
3306,430.0,427.35551156859185
3307,430.0,427.35551156859185
3308,430.0,427.35551156859185
3309,430.0,427.35551156859185
3310,430.0,427.35551156859185
3311,430.0,427.35551156859185
3312,430.0,427.35551156859185
3313,430.0,427.35551156859185
3314,430.0,427.35551156859185
3315,430.0,427.35551156859185
3316,430.0,427.35551156859185
3317,430.0,427.35551156859185
3318,430.0,427.35551156859185
3319,430.0,427.35551156859185
3320,430.0,427.35551156859185
3321,430.0,427.35551156859185
3322,430.0,427.35551156859185
3323,430.0,427.35551156859185
3324,430.0,427.35551156859185
3325,430.0,427.35551156859185
3326,430.0,427.35551156859185
3327,430.0,427.35551156859185
3328,430.0,427.35551156859185
3329,430.0,427.35551156859185
3330,430.0,427.35551156859185
3331,430.0,427.35551156859185
3332,430.0,427.35551156859185
3333,430.0,427.35551156859185
3334,430.0,427.35551156859185
3335,430.0,427.35551156859185
3336,430.0,427.35551156859185
3337,430.0,427.35551156859185
3338,430.0,427.35551156859185
3339,430.0,427.35551156859185
3340,430.0,427.35551156859185
3341,430.0,427.35551156859185
3342,430.0,427.35551156859185
3343,430.0,427.35551156859185
3344,430.0,427.35551156859185
3345,430.0,427.35551156859185
3346,430.0,427.35551156859185
3347,430.0,427.35551156859185
3348,430.0,427.35551156859185
3349,430.0,427.35551156859185
3350,430.0,427.35551156859185
3351,430.0,427.35551156859185
3352,430.0,427.35551156859185
3353,430.0,427.35551156859185
3354,430.0,427.35551156859185
3355,430.0,427.35551156859185
3356,430.0,427.35551156859185
3357,430.0,427.35551156859185
3358,430.0,427.35551156859185
3359,430.0,427.35551156859185
3360,430.0,427.35551156859185
3361,430.0,427.35551156859185
3362,430.0,427.35551156859185
3363,430.0,427.35551156859185
3364,430.0,427.35551156859185
3365,430.0,427.35551156859185
3366,430.0,427.35551156859185
3367,430.0,427.35551156859185
3368,430.0,427.35551156859185
3369,430.0,427.35551156859185
3370,430.0,427.35551156859185
3371,430.0,427.35551156859185
3372,430.0,427.35551156859185
3373,430.0,427.35551156859185
3374,430.0,427.35551156859185
3375,430.0,427.35551156859185
3376,430.0,427.35551156859185
3377,430.0,427.35551156859185
3378,430.0,427.35551156859185
3379,430.0,427.35551156859185
3380,430.0,427.35551156859185
3381,430.0,427.35551156859185
3382,430.0,427.35551156859185
3383,430.0,427.35551156859185
3384,430.0,427.35551156859185
3385,430.0,427.35551156859185
3386,430.0,427.35551156859185
3387,430.0,427.35551156859185
3388,430.0,427.35551156859185
3389,430.0,427.35551156859185
3390,430.0,427.35551156859185
3391,430.0,427.35551156859185
3392,430.0,427.35551156859185
3393,430.0,427.35551156859185
3394,430.0,427.35551156859185
3395,430.0,427.35551156859185
3396,430.0,427.35551156859185
3397,430.0,427.35551156859185
3398,430.0,427.35551156859185
3399,430.0,427.35551156859185
3400,430.0,427.35551156859185
3401,430.0,427.35551156859185
3402,430.0,427.35551156859185
3403,430.0,427.35551156859185
3404,430.0,427.35551156859185
3405,430.0,427.35551156859185
3406,430.0,427.35551156859185
3407,430.0,427.35551156859185
3408,430.0,427.35551156859185
3409,430.0,427.35551156859185
3410,430.0,427.35551156859185
3411,430.0,427.35551156859185
3412,430.0,427.35551156859185
3413,430.0,427.35551156859185
3414,430.0,427.35551156859185
3415,430.0,427.35551156859185
3416,430.0,427.35551156859185
3417,430.0,427.35551156859185
3418,430.0,427.35551156859185
3419,430.0,427.35551156859185
3420,430.0,427.35551156859185
3421,430.0,427.35551156859185
3422,430.0,427.35551156859185
3423,430.0,427.35551156859185
3424,430.0,427.35551156859185
3425,430.0,427.35551156859185
3426,430.0,427.35551156859185
3427,430.0,427.35551156859185
3428,430.0,427.35551156859185
3429,430.0,427.35551156859185
3430,430.0,427.35551156859185
3431,430.0,427.35551156859185
3432,430.0,427.35551156859185
3433,430.0,427.35551156859185
3434,430.0,427.35551156859185
3435,430.0,427.35551156859185
3436,430.0,427.35551156859185
3437,430.0,427.35551156859185
3438,430.0,427.35551156859185
3439,430.0,427.35551156859185
3440,430.0,427.35551156859185
3441,430.0,427.35551156859185
3442,430.0,427.35551156859185
3443,430.0,427.35551156859185
3444,430.0,427.35551156859185
3445,430.0,427.35551156859185
3446,430.0,427.35551156859185
3447,430.0,427.35551156859185
3448,430.0,427.35551156859185
3449,430.0,427.35551156859185
3450,430.0,427.35551156859185
3451,430.0,427.35551156859185
3452,430.0,427.35551156859185
3453,430.0,427.35551156859185
3454,430.0,427.35551156859185
3455,430.0,427.35551156859185
3456,430.0,427.35551156859185
3457,430.0,427.35551156859185
3458,430.0,427.35551156859185
3459,430.0,427.35551156859185
3460,430.0,427.35551156859185
3461,430.0,427.35551156859185
3462,430.0,427.35551156859185
3463,430.0,427.35551156859185
3464,430.0,427.35551156859185
3465,430.0,427.35551156859185
3466,430.0,427.35551156859185
3467,430.0,427.35551156859185
3468,430.0,427.35551156859185
3469,430.0,427.35551156859185
3470,430.0,427.35551156859185
3471,430.0,427.35551156859185
3472,430.0,427.35551156859185
3473,430.0,427.35551156859185
3474,430.0,427.35551156859185
3475,430.0,427.35551156859185
3476,430.0,427.35551156859185
3477,430.0,427.35551156859185
3478,430.0,427.35551156859185
3479,430.0,427.35551156859185
3480,430.0,427.35551156859185
3481,430.0,427.35551156859185
3482,430.0,427.35551156859185
3483,430.0,427.35551156859185
3484,430.0,427.35551156859185
3485,430.0,427.35551156859185
3486,430.0,427.35551156859185
3487,430.0,427.35551156859185
3488,430.0,427.35551156859185
3489,430.0,427.35551156859185
3490,430.0,427.35551156859185
3491,430.0,427.35551156859185
3492,430.0,427.35551156859185
3493,430.0,427.35551156859185
3494,430.0,427.35551156859185
3495,430.0,427.35551156859185
3496,430.0,427.35551156859185
3497,430.0,427.35551156859185
3498,430.0,427.35551156859185
3499,430.0,427.35551156859185
3500,430.0,427.35551156859185
3501,430.0,427.35551156859185
3502,430.0,427.35551156859185
3503,430.0,427.35551156859185
3504,430.0,427.35551156859185
3505,430.0,427.35551156859185
3506,430.0,427.35551156859185
3507,430.0,427.35551156859185
3508,430.0,427.35551156859185
3509,430.0,427.35551156859185
3510,430.0,427.35551156859185
3511,430.0,427.35551156859185
3512,430.0,427.35551156859185
3513,430.0,427.35551156859185
3514,430.0,427.35551156859185
3515,430.0,427.35551156859185
3516,430.0,427.35551156859185
3517,430.0,427.35551156859185
3518,430.0,427.35551156859185
3519,430.0,427.35551156859185
3520,430.0,427.35551156859185
3521,430.0,427.35551156859185
3522,430.0,427.35551156859185
3523,430.0,427.35551156859185
3524,430.0,427.35551156859185
3525,430.0,427.35551156859185
3526,430.0,427.35551156859185
3527,430.0,427.35551156859185
3528,430.0,427.35551156859185
3529,430.0,427.35551156859185
3530,430.0,427.35551156859185
3531,430.0,427.35551156859185
3532,430.0,427.35551156859185
3533,342.0,427.35551156859185
3534,324.0,396.89334767246464
3535,324.0,360.1854259368816
3536,324.0,331.0014359780814
3537,324.0,313.8275034177201
3538,324.0,307.1728788908638
3539,324.0,307.6877196104432
3540,324.0,312.0661779486093
3541,324.0,317.78412186792013
3542,324.0,323.24818300081233
3543,172.0,327.66421599136834
3544,172.0,284.9932674211818
3545,172.0,236.71602460797297
3546,172.0,199.78187862225704
3547,172.0,177.43749092957486
3548,172.0,167.36296875223655
3549,172.0,165.80984395362782
3550,172.0,169.2405263770205
3551,342.0,174.91502906319073
3552,342.0,226.0528132932801
3553,342.0,288.8403511855786
3554,258.0,336.2922777116713
3555,258.0,362.6988025762807
3556,216.0,345.64794651580155
3557,240.0,303.56848189182506
3558,270.0,269.5171770440976
3559,270.0,255.4943033436542
3560,330.0,252.66607428140875
3561,282.0,267.9640186742113
3562,266.0,278.6078425761231
3563,266.0,281.2763898567355
3564,212.0,280.66134726650967
3565,264.0,263.8079616569479
3566,318.0,255.3205551967306
3567,251.99999999999997,270.0861094846181
3568,251.99999999999997,272.432372500818
3569,251.99999999999997,270.3602693226727
3570,251.99999999999997,266.65969061347346
3571,251.99999999999997,264.67561132504574
3572,251.99999999999997,261.90525914528433
3573,251.99999999999997,260.54209742065245
3574,251.99999999999997,260.0865351843945
3575,251.99999999999997,258.5709934309951
3576,251.99999999999997,259.15179331812703
3577,251.99999999999997,261.60362121656084
3578,251.99999999999997,261.34040561498523
3579,251.99999999999997,261.34040561498523
3580,251.99999999999997,261.34040561498523
3581,251.99999999999997,261.34040561498523
3582,251.99999999999997,261.34040561498523
3583,251.99999999999997,261.34040561498523
3584,251.99999999999997,261.34040561498523
3585,251.99999999999997,261.34040561498523
3586,251.99999999999997,261.34040561498523
3587,251.99999999999997,261.34040561498523
3588,251.99999999999997,261.34040561498523
3589,251.99999999999997,261.34040561498523
3590,251.99999999999997,261.34040561498523
3591,251.99999999999997,261.34040561498523
3592,251.99999999999997,261.34040561498523
3593,366.0,261.34040561498523
3594,366.0,287.2005789196314
3595,366.0,326.282027745189
3596,366.0,360.36497352200075
3597,366.0,381.9566931721697
3598,885.0,391.09128672086024
3599,885.0,560.8285304384632
3600,1380.0,797.0035254484301
3601,1380.0,1173.0471215829887
3602,1380.0,1490.3371884630046
3603,1775.0,1608.569587994683
3604,2100.0,1772.0288097769067
3605,2100.0,1934.0358723777317
3606,2100.0,2035.137386119678
3607,2100.0,2053.968724259516
3608,2100.0,2037.6162892534503
3609,2100.0,2020.9755441158459
3610,2100.0,2009.339739319456
3611,2100.0,2003.8678896501738
3612,2100.0,2000.7295123403474
3613,2100.0,1998.604450471878
3614,2100.0,1997.9687447603246
3615,2100.0,1997.7959198235335
3616,2100.0,1997.7959198235335
3617,2100.0,1997.7959198235335
3618,2100.0,1997.7959198235335
3619,2100.0,1997.7959198235335
3620,2100.0,1997.7959198235335
3621,2100.0,1997.7959198235335
3622,2100.0,1997.7959198235335
3623,2100.0,1997.7959198235335
3624,2100.0,1997.7959198235335
3625,2100.0,1997.7959198235335
3626,2100.0,1997.7959198235335
3627,2100.0,1997.7959198235335
3628,2100.0,1997.7959198235335
3629,2100.0,1997.7959198235335
3630,2100.0,1997.7959198235335
3631,2100.0,1997.7959198235335
3632,2100.0,1997.7959198235335
3633,2100.0,1997.7959198235335
3634,2100.0,1997.7959198235335
3635,2100.0,1997.7959198235335
3636,2100.0,1997.7959198235335
3637,2100.0,1997.7959198235335
3638,2100.0,1997.7959198235335
3639,2100.0,1997.7959198235335
3640,2100.0,1997.7959198235335
3641,2100.0,1997.7959198235335
3642,2100.0,1997.7959198235335
3643,2100.0,1997.7959198235335
3644,2100.0,1997.7959198235335
3645,2100.0,1997.7959198235335
3646,2100.0,1997.7959198235335
3647,2100.0,1997.7959198235335
3648,2100.0,1997.7959198235335
3649,2100.0,1997.7959198235335
3650,2100.0,1997.7959198235335
3651,2100.0,1997.7959198235335
3652,2100.0,1997.7959198235335
3653,2100.0,1997.7959198235335
3654,2100.0,1997.7959198235335
3655,2100.0,1997.7959198235335
3656,2100.0,1997.7959198235335
3657,2100.0,1997.7959198235335
3658,2100.0,1997.7959198235335
3659,2100.0,1997.7959198235335
3660,2100.0,1997.7959198235335
3661,2100.0,1997.7959198235335
3662,2100.0,1997.7959198235335
3663,2100.0,1997.7959198235335
3664,2100.0,1997.7959198235335
3665,2090.0000000000005,1997.7959198235335
3666,2080.0,1993.8178577198028
3667,2080.0,1982.8755012323404
3668,2080.0,1981.5294272879778
3669,2080.0,1982.597665339395
3670,2080.0,1983.2841308225934
3671,2080.0,1983.5185926249533
3672,2080.0,1983.5919122951072
3673,2080.0,1983.6300492663959
3674,2080.0,1983.6677833823542
3675,2080.0,1983.7181402986685
3676,1750.0000000000005,1983.756814410398
3677,1750.0000000000005,1865.8206478317588
3678,1325.0,1772.1598720444345
