,y_actual,y_predict
0,187.96397399902344,191.2508219740287
1,187.96397399902344,190.93847737710215
2,187.96397399902344,190.66316479730588
3,187.96397399902344,190.4231944703621
4,187.96397399902344,190.21663863702426
5,201.8139495849609,190.04052236018364
6,201.8139495849609,198.84073142070218
7,201.8139495849609,199.67953278814943
8,201.8139495849609,199.66280174184956
9,169.16758728027344,199.78791569689702
10,169.16758728027344,180.41054384128014
11,205.7710876464844,177.40883229850655
12,205.7710876464844,200.32984214038345
13,205.7710876464844,202.71445652880558
14,178.07113647460938,202.47930559997803
15,178.07113647460938,185.28840542158915
16,169.16758728027344,182.86528344723078
17,169.16758728027344,177.592052725163
18,168.1782989501953,176.62501966857826
19,168.1782989501953,175.71992480259865
20,168.1782989501953,175.29621046006727
21,168.1782989501953,174.93481510009093
22,168.1782989501953,174.58525998980758
23,168.1782989501953,174.2630624011767
24,182.0282745361328,173.97468389759862
25,182.0282745361328,180.02944249789513
26,182.0282745361328,180.6979227659897
27,182.0282745361328,181.43105436733254
28,182.0282745361328,181.55378837269296
29,182.0282745361328,181.6967162511479
30,182.0282745361328,181.91003114159687
31,180.04971313476562,182.1347221915499
32,180.04971313476562,181.11449725945994
33,148.3926086425781,181.2073033975059
34,149.38189697265625,165.093806442438
35,149.38189697265625,160.66995596417632
36,171.14614868164062,160.3480796687532
37,164.22116088867188,178.37051046829544
38,164.22116088867188,171.50286815264352
39,164.22116088867188,169.1911635228837
40,164.22116088867188,169.2356804817797
41,164.22116088867188,169.38105970841227
42,164.22116088867188,169.45269619399204
43,148.3926086425781,169.47923263300248
44,178.07113647460938,160.94004455440955
45,178.07113647460938,176.57188729181522
46,168.1782989501953,178.25946201589838
47,176.0925750732422,175.286714460816
48,159.2747344970703,176.56368836514338
49,161.25331115722656,168.22202421082596
50,161.25331115722656,167.40448769383238
51,161.25331115722656,167.5500573164399
52,161.25331115722656,167.65396591977589
53,120.69265747070315,167.66684144758273
54,120.69265747070315,145.596580320582
55,129.59622192382812,141.98998076535148
56,163.23187255859375,145.89721556504833
57,176.0925750732422,167.60367758288882
58,176.0925750732422,176.11850687643494
59,176.0925750732422,174.10810387705382
60,171.14614868164062,174.5938873074231
61,174.11399841308594,174.68294502471196
62,173.1247100830078,174.07523677187586
63,173.1247100830078,173.73247641794902
64,173.1247100830078,173.50108580962697
65,174.11399841308594,174.21010852064018
66,173.1247100830078,175.30523046938114
67,172.13543701171875,175.12380690473842
68,172.13543701171875,176.5268943429818
69,172.13543701171875,174.9894349454084
70,182.0282745361328,175.073399570367
71,191.92111206054688,181.5896899137219
72,195.8782501220703,188.77047410944556
73,205.7710876464844,193.01008078268538
74,205.7710876464844,199.05653335857414
75,205.7710876464844,199.7738263947498
76,205.7710876464844,200.33652979900404
77,184.0068359375,200.99014728130302
78,184.0068359375,192.08723149204047
79,184.0068359375,186.0888182005845
80,148.3926086425781,186.21336096770708
81,148.3926086425781,169.4111422724564
82,173.1247100830078,162.1431686199482
83,172.13543701171875,174.98749528641346
84,172.13543701171875,177.76583665131034
85,193.89968872070312,176.17173445118547
86,197.85682678222656,189.15032597924485
87,197.85682678222656,192.2672032873741
88,164.22116088867188,192.8412233523902
89,132.56407165527344,180.19473000365977
90,128.60693359375,156.32340625174956
91,128.60693359375,147.68484337397447
92,128.60693359375,146.60320384021057
93,168.1782989501953,146.4500540778498
94,167.1890106201172,169.30467522320686
95,167.1890106201172,169.70204352270275
96,167.1890106201172,169.76972929180204
97,115.7462387084961,169.7798559777204
98,141.46762084960938,141.57325157515155
99,141.46762084960938,150.45541420314316
100,141.46762084960938,151.81208072274092
101,180.04971313476562,152.21065089682875
102,183.0175628662109,176.33209546109794
103,183.0175628662109,178.38603964000336
104,183.0175628662109,178.06713828168904
105,183.0175628662109,178.52385062663114
106,183.0175628662109,179.31856342612605
107,183.0175628662109,180.0511476390409
108,183.0175628662109,180.79799965032953
109,183.0175628662109,181.39525992403952
110,183.0175628662109,181.93888803155218
111,183.0175628662109,182.48390840963177
112,148.3926086425781,182.13669754979014
113,111.78910064697266,161.67778135839683
114,111.78910064697266,143.4711900520718
115,111.78910064697266,137.07895458615363
116,121.68194580078125,136.79340822270308
117,121.68194580078125,140.2445970633702
118,121.68194580078125,140.39310592384123
119,164.22116088867188,140.0748828511877
120,164.22116088867188,164.4306572616424
121,209.7282257080078,165.9167930442149
122,213.68536376953125,196.01558834520978
123,213.68536376953125,200.7438700876886
124,209.7282257080078,197.8763163087732
125,197.85682678222656,196.6324475045925
126,196.86753845214844,190.1999075907244
127,196.86753845214844,194.489029117203
128,221.59963989257807,191.94356582918257
129,227.53533935546875,210.140268444558
130,227.53533935546875,216.12928093475014
131,227.53533935546875,217.15318288910657
132,227.53533935546875,218.33661287098502
133,227.53533935546875,219.55082750206523
134,227.53533935546875,220.6445928794846
135,225.5567779541016,221.59441889983205
136,225.5567779541016,220.23932314702776
137,225.5567779541016,221.19612241995821
138,225.5567779541016,221.9799350498865
139,225.5567779541016,222.48247332605249
140,225.5567779541016,222.90356972392811
141,225.5567779541016,223.2385833416237
142,225.5567779541016,223.5144909088417
143,225.5567779541016,223.7369686055858
144,225.5567779541016,223.9103003412926
145,225.5567779541016,224.03831783495824
146,225.5567779541016,224.12366283073533
147,225.5567779541016,224.19951182726115
148,225.5567779541016,224.21103078374642
149,225.5567779541016,224.23375930325759
150,225.5567779541016,224.25478615874255
151,225.5567779541016,224.27803826718488
152,225.5567779541016,224.27841905913482
153,225.5567779541016,224.2946741154973
154,225.5567779541016,224.29371023587402
155,225.5567779541016,224.28939062719206
156,225.5567779541016,224.28557080794437
157,217.6425018310547,224.28221507888566
158,217.6425018310547,219.15091265640422
159,217.6425018310547,218.29707000693492
160,241.38531494140625,218.14932273036374
161,247.32102966308597,231.19639731066758
162,247.32102966308597,238.37539654412595
163,247.32102966308597,239.4210869378672
164,247.32102966308597,239.90270545628414
165,247.32102966308597,240.59912633370448
166,247.32102966308597,241.36550583217524
167,286.89239501953125,242.10714575364926
168,286.89239501953125,266.4558338639108
169,286.89239501953125,272.2641189247437
170,284.913818359375,274.1455643503328
171,284.913818359375,274.33970279617847
172,284.913818359375,276.2558954871983
173,284.913818359375,278.0508892404058
174,284.913818359375,279.56996352664686
175,284.913818359375,280.83774487530803
176,284.913818359375,281.8711428289157
177,284.913818359375,282.6933559470443
178,284.913818359375,283.3329614755609
179,284.913818359375,283.8197325850503
180,284.913818359375,284.1820144762851
181,284.913818359375,284.4453380595329
182,284.913818359375,284.63174166889576
183,284.913818359375,284.7593545711146
184,284.913818359375,284.8427480081483
185,308.6566467285156,284.8938931269227
186,308.6566467285156,296.75074296899163
187,308.6566467285156,301.9750657249908
188,308.6566467285156,303.3553829946035
189,308.6566467285156,304.32644114109644
190,308.6566467285156,305.35016757416344
191,308.6566467285156,306.30488141618065
192,308.6566467285156,307.12326579025023
193,308.6566467285156,307.7791352999406
194,308.6566467285156,308.3109529071313
195,308.6566467285156,308.717147845029
196,308.6566467285156,309.01764921732547
197,308.6566467285156,309.2343347115187
198,308.6566467285156,309.3849528023999
199,308.6566467285156,309.48529445614236
200,308.6566467285156,309.5483809724715
201,308.6566467285156,309.5846246312679
202,308.6566467285156,309.60228683288284
203,308.6566467285156,309.60732935128226
204,308.6566467285156,309.6043871384816
205,308.6566467285156,309.59684864784793
206,308.6566467285156,309.58709680400534
207,288.8709716796875,309.5766577496906
208,288.8709716796875,299.5701444158641
209,288.8709716796875,293.5967503454931
210,288.8709716796875,292.2597541100587
211,288.8709716796875,291.7883931747929
212,288.8709716796875,291.37099164880635
213,286.89239501953125,290.9425769056431
214,286.89239501953125,289.17889734044275
215,276.9995422363281,288.5354660428043
216,296.78521728515625,281.48385361634445
217,296.78521728515625,295.60920010160504
218,296.78521728515625,296.0907115222861
219,276.9995422363281,295.9491223655301
220,346.2494201660156,282.5386175682675
221,336.3565979003906,320.2305768971329
222,336.3565979003906,326.7985865221242
223,336.3565979003906,326.33012615053946
224,336.3565979003906,328.6216621941702
225,336.3565979003906,331.03195772718396
226,336.3565979003906,333.0362249187782
227,336.3565979003906,334.62379266954355
228,324.4851989746094,335.8334035854479
229,322.5066223144531,330.3006750492542
230,320.5280456542969,326.31189871087383
231,310.6351928710937,324.0095919074407
232,310.6351928710937,318.4941328811636
233,310.6351928710937,315.2135804831827
234,308.6566467285156,314.3287241143542
235,308.6566467285156,312.4668626997523
236,304.6994934082031,311.7165329869835
237,296.78521728515625,308.4727894858497
238,294.8066711425781,303.48987395141785
239,356.14227294921875,299.2249743628791
240,356.14227294921875,335.85042915052156
241,356.14227294921875,346.355705565323
242,356.14227294921875,347.9453509377917
243,356.14227294921875,350.08341741332254
244,356.14227294921875,352.36094029460264
245,356.14227294921875,354.22766958949893
246,356.14227294921875,355.6281353179318
247,356.14227294921875,356.6727878304892
248,356.14227294921875,357.40688963319667
249,356.14227294921875,357.9003539793137
250,356.14227294921875,358.2148145002589
251,356.14227294921875,358.39981654237636
252,356.14227294921875,358.49379071510464
253,356.14227294921875,358.52590181438984
254,332.3994445800781,358.51504887194983
255,332.3994445800781,341.291681345557
256,332.3994445800781,337.5170290805192
257,310.6351928710937,336.5905250796361
258,310.6351928710937,323.0619881651136
259,316.5709228515625,317.09694474320696
260,316.5709228515625,327.7122343322916
261,314.59234619140625,321.4047310251061
262,306.6780700683594,318.27817029668773
263,306.6780700683594,313.4978926034214
264,356.14227294921875,310.6671239218563
265,356.14227294921875,338.9768798062669
266,356.14227294921875,348.5662180811943
267,332.3994445800781,350.1317638600118
268,310.6351928710937,335.8020388235099
269,308.6566467285156,318.87721850760016
270,342.29229736328125,313.5494274389571
271,342.29229736328125,334.5591011746443
272,342.29229736328125,337.7168213943402
273,342.29229736328125,339.2568392378271
274,326.4637451171875,340.36766885450254
275,326.4637451171875,329.6973697033392
276,304.6994934082031,328.3452860743575
277,300.74237060546875,315.4693893752937
278,320.5280456542969,308.69739723756373
279,298.7637939453125,319.9701657773146
280,278.9781188964844,308.03526548525934
281,261.1709899902344,290.76853118503016
282,316.5709228515625,277.53374402303564
283,294.8066711425781,299.97212981775283
284,294.8066711425781,305.4943003021474
285,296.78521728515625,303.6679983108069
286,306.6780700683594,293.6467828377888
287,296.78521728515625,297.2672039508268
288,296.78521728515625,293.1039222640502
289,276.9995422363281,294.12834185746357
290,306.6780700683594,285.36866334011523
291,296.78521728515625,295.44024747332236
292,276.9995422363281,292.4915374100791
293,263.1495666503906,283.3353533249964
294,328.4423217773437,269.25646345762675
295,306.6780700683594,306.5522147124687
296,288.8709716796875,304.6673391843932
297,332.3994445800781,291.13413310607837
298,415.4993286132813,317.09059027754256
299,395.7136535644531,377.97790963592644
300,411.5421752929688,374.1473002913408
301,431.327880859375,388.6283704189798
302,429.3493041992188,414.7875308802259
303,399.6707763671875,422.9606291480848
304,371.9708251953125,399.8110697628248
305,346.2494201660156,387.0610724022052
306,344.2708740234375,367.8594062821079
307,340.313720703125,356.75867538042155
308,316.5709228515625,350.4505332054919
309,306.6780700683594,335.3595704774447
310,304.6994934082031,320.71178487422884
311,288.8709716796875,312.3483888043317
312,310.6351928710937,302.75119706730425
313,310.6351928710937,312.5703875362013
314,290.8495178222656,311.7680856721418
315,300.74237060546875,299.19988374330353
316,318.5494689941406,300.409838264444
317,296.78521728515625,313.725115324854
318,320.5280456542969,305.26135380171746
319,320.5280456542969,313.79409816653276
320,298.7637939453125,316.31902546369116
321,306.6780700683594,304.0859293755988
322,306.6780700683594,302.8077625214908
323,306.6780700683594,305.3131474567816
324,306.6780700683594,306.25854082083697
325,286.89239501953125,306.67261934207295
326,296.78521728515625,296.8655100927747
327,280.9566955566406,298.5062414571428
328,306.6780700683594,287.98300237207843
329,298.7637939453125,298.1666583360481
330,286.89239501953125,297.38305395171744
331,286.89239501953125,291.2289741011067
332,286.89239501953125,288.12095020581324
333,296.78521728515625,287.81813730738327
334,276.9995422363281,291.7866260621502
335,280.9566955566406,286.3405217446904
336,271.0638427734375,282.231169717822
337,271.0638427734375,280.98228516967595
338,296.78521728515625,272.27068758587995
339,296.78521728515625,285.5208551727269
340,276.9995422363281,288.4553093373449
341,296.78521728515625,280.1025486676117
342,280.9566955566406,285.2930523385581
343,286.89239501953125,277.9251862478108
344,302.720947265625,284.8942798687469
345,302.720947265625,296.43510214174853
346,294.8066711425781,297.85520027038
347,294.8066711425781,293.42428134154784
348,290.8495178222656,293.096889512725
349,306.6780700683594,289.5884628820847
350,294.8066711425781,300.0748900953648
351,275.0209655761719,297.15350780440286
352,314.59234619140625,284.67658587087374
353,302.720947265625,307.83443045598176
354,296.78521728515625,301.5796013852446
355,294.8066711425781,294.98563543397904
356,302.720947265625,294.0223983971452
357,302.720947265625,300.013314847087
358,302.720947265625,301.5027885090955
359,302.720947265625,299.5456249842134
360,298.7637939453125,301.01068631230714
361,298.7637939453125,299.74286331452646
362,292.8280944824219,298.9797621967496
363,292.8280944824219,294.9211209478377
364,286.89239501953125,294.23418416992024
365,316.5709228515625,291.1827197789392
366,294.8066711425781,305.14253481359225
367,296.78521728515625,298.51389894526085
368,292.8280944824219,295.48265222687115
369,292.8280944824219,293.6624726561006
370,362.0779724121094,292.7420806635075
371,338.3351745605469,338.06486523657225
372,338.3351745605469,336.56412995013835
373,338.3351745605469,330.5240244025712
374,338.3351745605469,332.9922583232473
375,318.5494689941406,335.29287387493406
376,318.5494689941406,322.3766995023543
377,316.5709228515625,317.9267231264032
378,294.8066711425781,315.24333282920776
379,316.5709228515625,301.5443186311343
380,316.5709228515625,308.58707466982116
381,316.5709228515625,312.2475443862178
382,316.5709228515625,313.95054118427294
383,346.2494201660156,314.60249567672815
384,322.5066223144531,330.38721596974904
385,314.59234619140625,324.2293267121705
386,314.59234619140625,312.3219297136861
387,308.6566467285156,311.348979507192
388,306.6780700683594,308.02118510792343
389,306.6780700683594,307.16451329326367
390,306.6780700683594,307.45082719048827
391,338.3351745605469,307.6874774876186
392,338.3351745605469,330.28278080254483
393,326.4637451171875,332.6751404397297
394,324.4851989746094,324.95050501621023
395,320.5280456542969,323.95559679891613
396,340.313720703125,322.18849903097777
397,338.3351745605469,330.87802258142653
398,334.3780212402344,335.6579135328687
399,316.5709228515625,331.04556360205106
400,316.5709228515625,322.6100952182877
401,300.74237060546875,318.7267818878826
402,373.9494018554688,307.01090539058816
403,348.2279968261719,347.94435210265743
404,324.4851989746094,346.79885740318895
405,324.4851989746094,326.42975381937583
406,322.5066223144531,323.8340408686508
407,346.2494201660156,321.2679315170953
408,324.4851989746094,337.0362301572757
409,324.4851989746094,326.3346897040643
410,324.4851989746094,324.8851337481816
411,324.4851989746094,325.30310051221875
412,324.4851989746094,325.6671286915364
413,322.5066223144531,325.89616017473116
414,322.5066223144531,321.86596527445363
415,322.5066223144531,322.8642381456178
416,322.5066223144531,323.32936361270356
417,320.5280456542969,323.46760894014926
418,298.7637939453125,319.43925850087913
419,320.5280456542969,305.2588429547977
420,318.5494689941406,312.7834674066187
421,336.3565979003906,316.68526402128066
422,322.5066223144531,329.81858649077407
423,322.5066223144531,323.0548007170587
424,322.5066223144531,320.92107467476967
425,334.3780212402344,321.5371692753154
426,334.3780212402344,329.3957333925357
427,334.3780212402344,332.22631614053154
428,334.3780212402344,333.2209075270236
429,334.3780212402344,334.3468364369947
430,334.3780212402344,334.62907020797456
431,334.3780212402344,335.10029280866485
432,334.3780212402344,335.48998279548294
433,332.3994445800781,335.76472269988574
434,332.3994445800781,334.4964251996362
435,330.4208984375,334.33539334140573
436,330.4208984375,330.05912205576857
437,411.5421752929688,331.0212241540954
438,514.427734375,381.2107693296477
439,478.8135070800781,486.9092822513082
440,447.1564025878906,476.4909572983226
441,417.4778747558594,434.2564653501773
442,417.4778747558594,426.64779595009577
443,389.7779235839844,426.5899274734555
444,389.7779235839844,408.3625949056079
445,389.7779235839844,399.6963204886644
446,389.7779235839844,397.742649539948
447,387.7993774414063,396.17063327291885
448,415.4993286132813,393.4463108160435
449,415.4993286132813,409.88518556751154
450,431.327880859375,414.0753844852485
451,437.2635803222656,420.00585616301385
452,427.3707275390625,426.2433473002809
453,403.6278991699219,423.5048581928935
454,381.8636474609375,405.74249639540204
455,381.8636474609375,391.17414905033377
456,381.8636474609375,387.45767911780126
457,381.8636474609375,386.2519103331729
458,381.8636474609375,385.40120624235334
459,381.8636474609375,384.83418620435424
460,356.14227294921875,384.46492808559935
461,356.14227294921875,364.827871738553
462,356.14227294921875,361.29077935766657
463,356.14227294921875,360.29285083547273
464,348.2279968261719,359.5332210974347
465,326.4637451171875,353.02891491635546
466,306.6780700683594,336.02021773613177
467,286.89239501953125,318.35590540334056
468,271.0638427734375,304.20072029887876
469,271.0638427734375,289.77638965924723
470,271.0638427734375,289.98819328164495
471,338.3351745605469,279.0831745675348
472,421.4350280761719,318.51669182925957
473,401.64935302734375,392.99382288179584
474,395.7136535644531,399.2967834600162
475,393.7350769042969,371.301856245018
476,375.9279479980469,381.07568338541154
477,356.14227294921875,375.6772464852459
478,356.14227294921875,364.62409449647475
479,356.14227294921875,360.7642980439147
480,334.3780212402344,360.5611976000288
481,387.7993774414063,348.56391808294205
482,389.7779235839844,376.21917590366945
483,364.0565490722656,385.23884012482955
484,352.1851501464844,370.23613411225466
485,439.24212646484375,358.135877147147
486,549.0526733398438,409.64075878477877
487,603.4633178710938,502.70081961271393
488,563.8919067382812,552.4357348993002
489,529.2669677734375,513.2716755411416
490,492.6634826660156,512.8032419439909
491,461.0063781738281,504.50824860303624
492,429.3493041992188,475.276730767494
493,464.9635314941406,456.68108908582917
494,433.3064270019531,470.1044575111502
495,403.6278991699219,448.0119022054562
496,385.82080078125,423.63373841832066
497,409.5636291503906,412.28194364921177
498,435.2850036621094,417.2973068226893
499,411.5421752929688,425.5233173219652
500,411.5421752929688,414.2351505077392
501,407.5850524902344,411.47948411348557
502,413.520751953125,406.86032901403155
503,409.5636291503906,413.9666267344252
504,407.5850524902344,411.8313001759716
505,429.3493041992188,406.563543338184
506,427.3707275390625,427.96507430237307
507,399.6707763671875,423.47170549375306
508,409.5636291503906,406.0019466105342
509,407.5850524902344,414.11477860244315
510,393.7350769042969,409.33863012188385
511,395.7136535644531,398.6038194595163
512,393.7350769042969,399.80309098149905
513,393.7350769042969,397.28133199236146
514,393.7350769042969,398.60502133410824
515,393.7350769042969,396.904374736369
516,393.7350769042969,396.66292586568215
517,393.7350769042969,396.5367647327724
518,391.7565002441406,396.4014497183789
519,486.727783203125,391.31571738252995
520,453.0921020507813,458.32337336736805
521,455.0706787109375,446.52846171590426
522,451.1135559082031,438.6111128414142
523,435.2850036621094,445.39077436701064
524,529.2669677734375,437.7707942560415
525,492.6634826660156,497.2087763164201
526,459.02783203125,482.3600441237851
527,484.7492065429688,461.2591960030561
528,451.1135559082031,474.82527811136015
529,455.0706787109375,454.9286369332774
530,455.0706787109375,452.8225956557228
531,455.0706787109375,452.8952614695422
532,439.24212646484375,450.65418779661945
533,445.1778564453125,444.89495944871055
534,445.1778564453125,455.64973788895236
535,455.0706787109375,448.2248244042068
536,455.0706787109375,455.0153860993699
537,451.1135559082031,456.280567352998
538,451.1135559082031,449.18377158172984
539,464.9635314941406,452.4262209852213
540,462.9849548339844,458.4186427533401
541,461.0063781738281,460.6294970151118
542,459.02783203125,459.96314680198714
543,461.0063781738281,460.0559172407878
544,459.02783203125,461.3191588354209
545,459.02783203125,460.49880207804824
546,457.04925537109375,460.85474735324124
547,457.04925537109375,459.3484414970711
548,457.04925537109375,459.4463169279505
549,457.04925537109375,459.37614411142823
550,457.04925537109375,459.24128426241236
551,457.04925537109375,459.1721586237524
552,457.04925537109375,459.106329215409
553,455.0706787109375,459.03507352177917
554,455.0706787109375,457.2953897992984
555,455.0706787109375,451.7420330491923
556,451.1135559082031,452.4199498177959
557,455.0706787109375,450.3064414480982
558,455.0706787109375,454.2480903202696
559,455.0706787109375,454.83003561774353
560,449.1349792480469,455.2998852849581
561,449.1349792480469,449.38458578644764
562,445.1778564453125,451.0881775719246
563,445.1778564453125,448.5536977517098
564,443.19927978515625,447.64533640478476
565,439.24212646484375,443.02965008199953
566,461.0063781738281,442.16877468120504
567,459.02783203125,460.638171931721
568,459.02783203125,454.17425238122934
569,445.1778564453125,456.52168005579153
570,455.0706787109375,445.21148085733785
571,455.0706787109375,459.9001257342744
572,482.7706298828125,454.6462678026591
573,464.9635314941406,480.6841787521621
574,455.0706787109375,461.954129411922
575,455.0706787109375,454.31267025502734
576,464.9635314941406,457.41232862717084
577,455.0706787109375,465.45007320645385
578,455.0706787109375,459.10133132106625
579,455.0706787109375,457.5147735614493
580,455.0706787109375,457.8192405249118
581,455.0706787109375,457.5243528589396
582,455.0706787109375,457.31475069000237
583,472.8778076171875,457.19563420816627
584,472.8778076171875,468.89334871441156
585,464.9635314941406,470.68366586648403
586,455.0706787109375,461.09495567515376
587,453.0921020507813,454.44317479611595
588,431.327880859375,452.4343128141572
589,459.02783203125,435.91862816147716
590,457.04925537109375,452.71658079691383
591,457.04925537109375,454.483729138783
592,455.0706787109375,449.5072602930659
593,459.02783203125,449.74447582824695
594,478.8135070800781,451.06242651631084
595,480.7920837402344,473.26961209868097
596,476.8349304199219,469.9940516451686
597,474.8563537597656,469.659966207851
598,459.02783203125,470.87999981591605
599,449.1349792480469,459.22068579787106
600,445.1778564453125,454.2434375186315
601,445.1778564453125,450.5319595305675
602,459.02783203125,455.17565191129484
603,461.0063781738281,457.94486616914196
604,461.0063781738281,458.81511857170335
605,451.1135559082031,461.8121059143482
606,464.9635314941406,449.88939691456477
607,462.9849548339844,463.2618998651996
608,459.02783203125,473.9743746997543
609,455.0706787109375,454.1334838430904
610,449.1349792480469,456.22355565824506
611,459.02783203125,449.926893021884
612,455.0706787109375,460.6800471464644
613,443.19927978515625,454.18129703230295
614,451.1135559082031,449.5637067497682
615,459.02783203125,458.1544207390854
616,455.0706787109375,456.77097978550853
617,470.8992309570313,452.57072558034383
618,459.02783203125,470.3383827658889
619,445.1778564453125,457.6285351564896
620,462.9849548339844,450.8009533439447
621,459.02783203125,463.0929115376716
622,445.1778564453125,453.16281541335877
623,472.8778076171875,452.2137271774143
624,466.9421081542969,467.3323873136787
625,449.1349792480469,461.36854279142693
626,466.9421081542969,456.40215898250864
627,462.9849548339844,467.21641236542945
628,462.9849548339844,461.2411440846799
629,459.02783203125,464.5864846630161
630,459.02783203125,458.8013624625123
631,455.0706787109375,461.72797469291146
632,429.3493041992188,459.94690364537314
633,429.3493041992188,437.2188720238695
634,425.3921508789063,431.25632457419715
635,425.3921508789063,430.6776576574171
636,417.4778747558594,428.45116712620165
637,421.4350280761719,422.53261899636834
638,421.4350280761719,420.66838655689077
639,405.6064758300781,422.8260905922767
640,405.6064758300781,412.52072400131203
641,403.6278991699219,409.39179819789223
642,405.6064758300781,407.36087408233465
643,405.6064758300781,413.64987328070345
644,385.82080078125,405.08831962492656
645,433.3064270019531,388.56429324859346
646,423.4136047363281,424.87772027011147
647,407.5850524902344,424.25846926129327
648,419.4564514160156,408.9400896971671
649,431.327880859375,418.07458649072663
650,409.5636291503906,425.79738637804996
651,413.520751953125,412.56198042913684
652,443.19927978515625,415.13070772534803
653,443.19927978515625,436.8748740961054
654,415.4993286132813,439.4039335809079
655,457.04925537109375,423.6797606953937
656,455.0706787109375,449.9390902640301
657,451.1135559082031,455.13681113240244
658,451.1135559082031,451.60742309489353
659,449.1349792480469,452.728206851135
660,449.1349792480469,454.949461493039
661,455.0706787109375,452.67784711575734
662,484.7492065429688,452.89967627621166
663,529.2669677734375,471.62366269462404
664,529.2669677734375,504.2351850756942
665,529.2669677734375,520.8345249598735
666,529.2669677734375,513.5929092501492
667,563.8919067382812,525.3316897882444
668,563.8919067382812,544.4592740244584
669,563.8919067382812,553.4130017395391
670,568.83837890625,556.0768556247413
671,613.3561401367188,563.8466297690125
672,598.5169067382812,588.4628301739709
673,652.927490234375,581.7089851526047
674,652.927490234375,625.6421423903747
675,652.927490234375,624.2470158838345
676,652.927490234375,632.0759079783315
677,652.927490234375,638.6203412267357
678,652.927490234375,641.7422640282015
679,652.927490234375,642.6159435583122
680,652.927490234375,646.7995381156677
681,652.927490234375,647.3593498810521
682,652.927490234375,648.5820252332699
683,652.927490234375,642.0165532296323
684,652.927490234375,651.3791325014489
685,652.927490234375,640.5090216993733
686,652.927490234375,651.6925718752316
687,652.927490234375,648.7921509911382
688,652.927490234375,650.0467652681558
689,643.03466796875,650.5981520116482
690,647.9810791015625,642.6179427160494
691,647.9810791015625,640.880627043507
692,647.9810791015625,645.9547749742544
693,647.9810791015625,644.1064108493151
694,603.4633178710938,645.4763812876633
695,662.8203735351562,615.1587972119394
696,662.8203735351562,657.7653704941558
697,638.0882568359375,647.7402370289653
698,662.8203735351562,630.8828154007238
699,662.8203735351562,657.4331057183488
700,623.2489624023438,651.0646935487978
701,662.8203735351562,625.9544631878043
702,662.8203735351562,654.0375839008614
703,662.8203735351562,642.2784904921874
704,628.1953735351562,654.0760914867976
705,662.8203735351562,628.848029816799
706,633.141845703125,655.4656727105671
707,662.8203735351562,625.7408627033928
708,662.8203735351562,664.4402249854094
709,662.8203735351562,650.8606128631345
710,662.8203735351562,656.3729809297556
711,662.8203735351562,657.6793115134726
712,662.8203735351562,658.0659105406346
713,662.8203735351562,658.8478192108132
714,672.7131958007812,650.9803005328955
715,672.7131958007812,660.0197540357033
716,682.6060180664062,662.586196580215
717,682.6060180664062,664.55596193869
718,712.2845458984375,669.5649944459999
719,662.8203735351562,680.7061101189381
720,682.6060180664062,656.0073968583301
721,712.2845458984375,669.0928362275889
722,712.2845458984375,696.2242150608004
723,771.6416015625,685.744725400858
724,816.1593627929688,729.9144020385256
725,830.9986572265625,745.3459006112766
726,830.9986572265625,755.4498818095985
727,830.9986572265625,761.0511409970304
728,791.4273071289062,767.1966470788936
729,830.9986572265625,749.963478994063
730,826.05224609375,770.6315332642046
731,875.5164184570312,768.3769117276884
732,875.5164184570312,781.296611400742
733,875.5164184570312,789.9696716492307
734,875.5164184570312,791.9341773188974
735,875.5164184570312,796.6590438335752
736,875.5164184570312,798.3444766029401
737,900.24853515625,800.0581355755932
738,915.0877685546877,807.9687075433494
739,915.0877685546877,814.3025152444509
740,915.0877685546877,814.5558370891389
741,915.0877685546877,818.2229587649108
742,905.1949462890625,819.4096016788667
743,905.1949462890625,811.0395090255377
744,905.1949462890625,818.2512801661865
745,905.1949462890625,816.4318086304478
746,885.4092407226562,811.6073174218706
747,880.4628295898438,807.1853709033585
748,890.355712890625,807.6145234309247
749,890.355712890625,812.8042893174681
750,895.3021240234375,803.9593491025819
751,870.5700073242188,816.0138894654043
752,875.0,793.0535628546976
753,875.0,809.5017283347564
754,875.0,803.3030065778912
755,890.0,805.1034861151272
756,890.0,806.2324390486694
757,865.0,801.360634440314
758,865.0,793.1888867939024
759,885.0,801.0747548839072
760,930.0,805.4081672740615
761,875.0,813.9346702208227
762,815.0,788.8348640394584
763,785.0,768.6922074622269
764,780.0,760.6272243587757
765,730.0,755.7043460301364
766,680.0,726.1820697413291
767,635.0,706.4445995983152
768,595.0,672.9464745603337
769,645.0,646.8695800349572
770,645.0,661.7447415688666
771,680.0,648.678532193079
772,635.0,670.7011586270937
773,595.0,627.459852763345
774,595.0,618.7769157236551
775,570.0,610.0812459531396
776,610.0,586.5720791451056
777,595.0,612.1330957763204
778,605.0,598.8332467397565
779,565.0,598.7230550692468
780,535.0,567.6203017922728
781,498.0,558.8719161361895
782,498.0,525.6616698123518
783,498.0,519.4917692461966
784,498.0,512.2682530538422
785,496.0,506.8161929122905
786,496.0,503.0045844910187
787,478.0,500.33046112291714
788,476.0,483.2829053141784
789,490.0,479.4681791588166
790,590.0,493.6906870900504
791,595.0,563.4593167569442
792,610.0,560.5901684117385
793,630.0,567.3932069931359
794,630.0,599.8799962111085
795,630.0,603.8835951736335
796,590.0,609.2004979724584
797,590.0,599.3309418183094
798,585.0,582.862499166917
799,545.0,584.7666255130235
800,585.0,554.4313584111248
801,585.0,585.6425183963432
802,575.0,580.8706240758495
803,575.0,574.228803286252
804,575.0,578.0148748473819
805,575.0,577.7239973966323
806,605.0,577.6975323561124
807,580.0,607.127085805113
808,555.0,574.2391084683968
809,550.0,568.1176398783726
810,550.0,562.8995049915598
811,675.0,560.0680550493967
812,670.0,639.8303314471215
813,645.0,616.3710959835214
814,600.0,610.0241985591413
815,580.0,601.1820428853888
816,550.0,583.9927372732902
817,540.0,567.4604405717946
818,540.0,559.7901721239384
819,540.0,570.0433761676375
820,555.0,536.3737638549567
821,570.0,575.4690426671599
822,545.0,553.5002506950659
823,535.0,550.1673453538444
824,545.0,539.8105540000172
825,575.0,547.859317746351
826,575.0,559.1663397119727
827,570.0,563.3663321226718
828,570.0,562.1836637246931
829,535.0,567.1411465217819
830,570.0,537.9928317272985
831,540.0,573.4744306339522
832,595.0,539.7384058252546
833,555.0,577.4815281225171
834,520.0,550.4301988970291
835,520.0,524.1070033785411
836,525.0,532.0366982420327
837,565.0,541.8932122718967
838,530.0,559.1965888724949
839,530.0,530.0169420403815
840,500.0,534.8124335620223
841,490.0,512.6035998644938
842,540.0,502.90587607774887
843,575.0,541.3855928031488
844,570.0,559.0235903297443
845,565.0,546.6974382088888
846,590.0,552.1584112620184
847,565.0,572.5653136530016
848,565.0,558.6240681757815
849,535.0,563.2582586073835
850,535.0,539.7537921999814
851,535.0,544.5781644110742
852,510.0,541.9774624908177
853,510.0,522.3600489097664
854,510.0,520.8449134402574
855,510.0,518.596931963368
856,515.0,516.1040536636826
857,510.0,516.4529423880535
858,530.0,511.3116441768866
859,525.0,526.7698457851261
860,490.0,522.7858933072678
861,468.0,499.7176716774992
862,468.0,483.9928919048148
863,468.0,479.69457187279585
864,470.0,476.1682123212637
865,472.0,475.19963229738244
866,470.0,475.5833634851716
867,470.0,472.7069800929173
868,494.0,472.0992004415906
